10
14
0 5.0579967 68.52454 51.338703 43.584156 30.170488 99.78166 68.68068 88.8169 21.424019 40.136295 76.925186 76.34005 79.18613 58.563633
1 5.9878945 92.87223 31.593948 94.02528 19.211405 60.008347 88.32468 82.85239 28.581446 62.26682 76.001236 80.36078 89.775635 88.17421
2 24.18536 86.31359 84.41108 58.786003 83.146515 97.10641 6.874877 56.65969 51.969574 22.721445 75.74803 98.13064 94.970894 15.081465
3 8.994126 70.702896 88.03875 87.00046 19.517595 44.928432 96.91951 52.10302 67.95361 52.344627 74.467354 69.56087 24.99516 35.469193
4 21.607082 31.02622 51.36955 36.673283 80.6847 17.544163 62.733467 15.691275 83.76673 82.379326 55.06471 12.863451 21.380627 71.53632
5 77.20226 0.794363 8.557945 81.2937 37.450886 61.35418 29.55786 14.373058 64.85954 59.826492 35.328907 40.55798 39.956165 62.047844
6 38.945217 89.85241 99.237236 3.6906183 14.573163 16.879642 70.24564 0.07074475 10.943377 23.486906 35.112045 8.238834 67.08995 25.815933
7 58.285004 75.42173 87.85665 4.868424 64.94583 35.470093 41.25217 2.3400843 69.22225 30.745333 66.37138 71.78568 32.51786 25.319689
8 86.80544 88.63772 71.61347 47.500984 63.073498 69.92542 31.03484 18.126678 61.76625 78.4822 14.694553 24.960072 87.25495 48.80494
9 25.992657 33.587868 2.7566254 98.416504 64.20133 48.74776 45.340652 94.52497 46.67723 75.85481 18.507612 59.973343 82.66649 76.05674
