10
5
0 92.998215 84.43005 56.402824 11.282862 74.29376
1 17.172455 13.194919 55.13575 63.500423 20.667315
2 26.398628 91.61865 80.75893 75.21508 37.78972
3 16.612171 1.7072201 83.129814 88.516106 28.045904
4 4.6280384 27.633816 22.756285 4.7418 23.821205
5 94.95408 14.497005 65.35441 25.179804 76.489944
6 52.047455 13.538188 8.9604435 37.89339 29.226435
7 52.478905 5.4835024 65.32497 79.2383 69.14911
8 95.67077 98.38086 34.69022 44.231407 7.679611
9 89.40732 69.158195 81.05424 0.24064183 3.1146884
