10
15
0 81.29977 91.824425 27.0441 51.226036 49.620266 71.14591 82.10682 9.206856 76.65399 69.791 41.76417 26.37105 25.751102 98.548004 19.779718
1 53.53709 11.690611 54.05082 49.087845 4.394346 16.316181 10.779566 47.10638 90.082565 15.967578 32.875217 0.77695847 55.078148 42.82059 40.619553
2 52.132355 42.817776 59.807907 48.824726 61.485325 97.540565 56.42749 99.26176 70.07291 26.608044 2.5822878 88.684 0.7078171 20.39988 50.82745
3 7.834262 98.78309 90.425476 89.28207 47.737907 78.50687 21.495707 92.3083 48.067688 53.73445 91.93372 32.25086 91.71975 78.99919 43.45186
4 30.505163 31.077618 35.670425 46.37648 81.44696 38.687794 78.49528 18.572735 58.87681 39.964912 18.584936 0.22480488 56.237747 22.637648 96.21948
5 39.39706 52.645416 49.301018 78.266624 3.182149 84.48093 80.83326 64.69893 39.68987 23.754025 62.553417 72.373604 90.916145 70.5267 27.640528
6 74.1941 4.7357025 97.3365 37.12002 51.8514 45.28026 92.778534 39.07308 90.954704 29.502863 32.261974 85.87913 30.479359 68.80828 13.579327
7 74.31048 22.619158 8.58078 79.50661 54.025234 64.428406 95.90894 69.44363 3.1252503 5.7363567 72.74949 96.422226 70.449104 96.93583 64.457596
8 98.035324 91.455376 20.173513 83.622246 12.412703 64.03377 4.550213 88.37638 49.794395 21.285248 93.08405 60.00931 72.09527 16.976421 40.87262
9 4.313821 26.74496 85.548386 41.14465 37.483112 65.71557 99.60958 11.317325 13.679391 88.770966 3.9413452 13.930607 56.081814 93.40138 94.18291
