15
14
0 5.36201 72.66392 81.2892 78.67272 27.84754 38.66206 2.2962868 15.6779585 5.9445143 84.99146 72.3638 76.85641 6.3732386 31.209301
1 94.012924 10.218012 28.869736 31.784403 91.68412 54.60574 86.61361 42.202557 40.889412 96.95752 28.209698 6.79754 10.060602 62.78479
2 41.097343 78.50615 28.809256 68.67373 39.16271 88.39691 29.311789 55.89873 75.70137 88.574905 68.002495 55.83584 73.92705 1.4864206
3 79.437004 45.24963 38.46728 91.365364 82.6292 93.735214 5.561149 88.27014 99.729576 99.22514 30.120342 14.609087 37.778046 39.679806
4 62.892384 0.060373545 64.417206 30.591518 79.44119 99.238335 98.69493 86.03211 18.618572 12.283045 67.029335 4.5095387 26.034678 30.757994
5 3.4826338 85.28035 77.45354 7.8981876 21.929592 72.965126 48.059933 65.48691 57.562862 1.8675864 61.499775 70.644936 76.31475 91.40369
6 83.13038 29.845387 25.868458 32.163525 45.98862 78.83669 51.469772 1.5800655 16.861689 84.244705 7.0336223 88.74929 20.110142 92.873566
7 48.182022 70.9836 55.440582 59.6383 22.776318 28.095161 34.862076 85.20565 57.955803 63.670475 56.106384 94.42328 45.217575 11.746722
8 52.679222 70.171974 19.031733 79.9331 62.582367 22.134607 15.05816 30.29489 32.0616 52.956615 44.20381 42.959034 81.263016 86.253654
9 74.33399 86.69061 64.50183 31.844557 26.040195 29.479622 38.35797 87.45615 48.897373 30.874847 30.719168 56.026478 94.35208 38.38097
10 78.213135 0.7538974 67.82194 61.230026 58.53969 62.393135 60.61833 66.34787 98.67366 35.23839 99.60489 60.018986 45.719135 89.07613
11 34.561737 12.833661 70.62337 47.513313 18.3411 9.762716 57.58687 90.933556 39.186203 67.99682 55.72936 61.406887 86.9692 45.41841
12 21.5967 62.74517 82.32221 46.71759 18.940418 91.18394 59.240627 33.254368 18.701971 9.57346 65.09142 19.405895 30.432152 13.231409
13 57.23855 31.478512 14.929712 90.562935 20.689518 56.034065 65.46138 82.069954 77.07408 79.96248 85.61039 2.3918688 80.49939 43.67581
14 39.9868 40.548264 11.813241 86.81337 59.427063 61.65675 58.78557 59.805553 64.93267 31.205553 57.738705 28.080303 49.779583 91.661224
