15
16
0 98.61686 6.785947 22.065098 14.164495 99.93608 92.45797 58.66816 59.75902 62.181927 72.666565 25.156736 21.60315 6.0204086 64.87924 12.092245 88.36475
1 2.3406863 7.225293 46.303917 37.666927 21.664452 86.34455 62.214893 20.505392 5.490768 25.917261 2.6589572 95.66525 77.02178 33.04807 91.934326 29.545235
2 60.618393 14.7376175 45.74237 13.845986 46.356052 11.517609 95.11813 8.309722 39.773224 52.390434 20.590092 94.45875 19.221909 31.00642 67.5336 11.980045
3 71.34836 93.09699 50.74502 26.515478 46.673126 29.189413 45.212112 57.17677 24.833124 93.24953 98.253624 36.709362 75.94088 39.88745 15.824234 26.03932
4 69.16337 51.932953 60.816628 98.67588 0.7947266 42.422504 24.443071 16.393173 75.87578 75.278694 71.856155 54.627235 84.19333 86.2101 31.499302 99.50688
5 12.97999 67.68091 63.499874 25.364315 54.851543 41.324745 57.78195 95.47614 15.794271 99.09695 37.346153 84.76779 39.99495 86.027405 69.014854 52.932323
6 26.94745 96.97028 63.36221 53.09268 72.842476 5.6236324 10.839457 24.557919 69.33191 63.75545 93.38093 19.738514 5.2523494 43.52432 3.9604783 62.801754
7 52.999462 26.591093 32.399918 40.639507 63.485996 15.010273 48.761642 21.221655 19.82401 84.358475 58.249855 68.017334 8.189243 66.955605 68.87448 36.042732
8 98.2118 29.179405 18.18754 60.961216 98.459465 42.643833 43.984146 79.80433 74.22222 84.34863 59.58202 94.148155 14.262134 89.81448 43.581684 24.379068
9 85.16907 18.762535 71.10083 28.988403 61.479473 32.207005 75.4232 24.182356 7.104355 69.09705 20.66644 36.579258 69.51865 10.122532 5.1321387 32.05111
10 38.543488 25.30437 76.94124 65.07271 92.67644 83.90308 86.681496 90.05542 79.37303 12.43915 92.212944 25.410133 43.35164 85.73163 67.41876 95.417114
11 66.08904 32.391678 6.2902093 28.850042 17.716461 99.78538 95.847115 27.74433 52.346073 12.796515 3.3818722 47.312366 22.602087 48.528473 65.552025 37.95138
12 17.25403 47.201813 16.921293 83.28555 76.12366 63.80946 74.463554 41.5183 42.94196 0.52567124 30.910652 29.890257 33.96411 25.432264 65.06989 29.154682
13 27.615107 96.8926 70.59828 73.66625 88.25602 56.999004 38.24909 6.4674854 90.6633 3.134203 10.165477 42.746716 96.64502 79.076256 1.06107 0.89274645
14 82.336044 70.55495 50.587402 31.306665 25.38799 33.115707 17.143429 28.936255 32.081593 0.00500679 36.946114 37.520164 32.233654 6.063807 77.279686 99.67828
