30
13
0 79.15117 91.07626 99.765366 35.76368 61.758377 5.3738174 78.44424 27.64448 75.7313 53.715557 8.592022 46.43144 80.857155
1 10.295648 83.00597 9.6035 91.00084 92.325714 2.940011 99.67788 52.407986 32.626564 9.435004 75.67241 78.2659 48.531925
2 51.372593 77.9702 36.487137 24.727339 51.09648 42.059856 88.62061 96.35321 34.404816 38.46361 62.43316 19.811142 51.541775
3 13.504087 71.63724 25.370073 52.25772 48.573788 12.629109 76.33192 52.88243 72.24799 10.667759 2.9537976 72.54419 20.72283
4 23.954535 19.618404 34.109432 26.278215 62.413574 75.28936 52.11791 32.18695 34.034325 79.79225 33.013172 54.954 92.39214
5 11.943579 24.445932 93.02512 47.946636 65.341095 91.55094 75.01459 98.0273 59.374702 4.119319 42.743565 77.7123 17.674345
6 63.825096 25.44241 89.31265 45.048912 23.494984 14.651691 11.673194 63.57143 78.27666 35.77247 53.344994 65.724075 82.96608
7 5.79111 3.777361 19.63929 51.265156 99.176674 63.49736 0.9804249 65.98698 29.869812 33.823723 5.7281137 7.897335 19.015194
8 6.599122 16.222322 42.732765 10.809684 78.87931 92.71102 77.78343 35.53499 92.21303 58.145004 62.152267 95.316025 53.367294
9 44.11574 98.341354 68.00928 76.94682 0.05453229 11.177468 24.303806 20.734055 10.803186 76.33531 26.849646 83.7097 64.44881
10 1.9808233 5.0659714 53.13886 3.2198489 29.526997 60.086018 20.921595 35.91203 33.42637 68.74495 17.269653 96.708145 54.633858
11 99.09793 9.905833 78.644485 61.238934 80.96928 94.173935 21.940649 45.230137 59.593754 10.043401 89.84409 2.920103 97.44313
12 98.90347 54.751278 13.793153 35.57285 90.73979 52.675694 98.068085 20.82727 51.807167 47.468655 55.788292 96.36901 36.85287
13 0.70856214 42.51286 20.425505 67.466095 37.31363 30.50304 59.86161 89.953156 69.472115 15.556776 21.992016 69.550446 26.50522
14 23.2813 68.55445 21.635157 90.174484 23.614567 61.400177 10.287565 53.426163 96.876045 39.460182 7.0715485 75.64794 90.67587
15 22.964514 71.766205 64.531235 35.829556 93.59198 17.099142 59.22981 36.26703 50.88338 52.961582 52.63867 37.10698 96.3519
16 75.34864 73.557106 94.96807 30.570293 1.1514664 48.82699 2.650243 56.218975 33.277615 98.14742 48.04444 85.56809 29.303383
17 42.3664 45.085983 35.878353 0.43885112 62.158382 57.38219 25.290585 72.04836 55.946404 26.512259 27.295803 29.913944 61.86247
18 14.669031 9.012204 72.01675 21.917646 12.105524 30.230612 99.56448 41.14328 44.642788 62.327065 55.596645 89.348755 35.230476
19 52.292778 48.601063 87.714264 30.232412 93.72442 52.58595 41.40537 38.80202 17.888939 25.94285 17.780136 59.54591 10.978436
20 37.743874 17.89096 78.83987 33.26468 81.93814 57.5058 29.91327 29.725986 23.908115 18.745941 50.472694 5.33911 88.23903
21 80.927345 82.57138 99.90683 16.128944 10.883575 24.090273 53.140938 1.9708335 30.833923 83.08199 49.666393 44.181736 72.948235
22 59.908325 82.3935 99.80989 31.668913 7.2024403 60.87228 26.854443 90.413704 2.9022753 16.159588 95.18051 1.6435504 39.682953
23 45.571095 85.56687 56.896038 46.882473 87.444984 17.50502 85.0254 44.34325 88.51332 17.163622 46.637787 96.424934 3.273201
24 76.28821 54.958744 17.784893 57.2995 56.13276 97.82708 48.437847 83.98187 54.790108 82.193535 96.22494 58.75185 5.037504
25 86.74757 61.33591 66.35482 78.13895 25.743979 45.190258 37.791275 88.60831 78.71166 79.11037 34.691895 78.95851 77.76741
26 25.190794 73.40038 91.72779 13.312221 30.024683 10.032076 39.931923 86.848656 92.99394 25.17907 74.451324 18.73411 25.231642
27 84.48352 27.196568 91.39456 67.75122 23.549831 18.241142 52.69987 41.299427 34.977646 41.062336 17.987984 63.982113 76.84588
28 46.75184 36.080086 82.45045 88.75252 1.2683034 38.319946 69.29911 89.31591 81.7906 79.28154 83.2582 41.484062 52.84036
29 32.713352 23.761755 45.50504 40.485382 1.2329996 30.613773 48.222095 25.58511 78.27101 39.87625 18.522352 53.229557 6.1207175
