30
6
0 41.029358 98.98279 21.569777 94.00028 68.53532 98.27923
1 68.34996 12.441629 80.16801 82.60688 76.091805 32.145416
2 86.06166 52.16099 31.441599 89.54096 19.912285 47.196114
3 19.726503 41.91188 74.40217 95.42194 75.48988 9.899116
4 32.923954 7.3301973 30.904621 28.11861 80.84793 44.01645
5 56.217648 16.710032 64.20179 63.089943 13.670945 29.26178
6 97.48242 54.17762 57.87113 91.13474 41.43004 84.15775
7 45.032764 39.09665 63.562965 81.74846 8.653217 63.555153
8 23.257238 44.883747 6.8062124 51.5307 54.88205 66.20449
9 97.245445 27.638943 49.25362 51.055325 90.83087 95.37173
10 99.295944 78.00618 25.431711 28.300268 0.70537925 98.815254
11 84.48908 44.71267 4.581052 37.938988 13.965196 96.6915
12 54.939373 71.50518 14.658218 0.59832335 9.8758335 2.7434409
13 64.07444 48.037315 17.531723 11.1685095 52.540207 40.107483
14 75.18894 12.607044 65.38278 41.42293 46.539318 98.02891
15 59.2543 20.097006 4.8017797 12.984573 32.51985 24.574322
16 40.80301 33.46722 82.64524 4.592979 59.866463 95.73265
17 47.332363 51.218838 50.40667 49.852108 99.4506 57.17712
18 53.0976 52.689064 81.35541 63.790558 81.536415 64.03651
19 33.787376 2.7050853 34.179283 98.59693 74.08453 80.04543
20 10.26929 50.413967 72.85918 16.306353 68.355995 99.66822
21 46.592606 8.576977 90.23113 34.13621 43.85212 41.853947
22 82.64911 39.10071 37.164402 45.274334 37.59825 95.42502
23 12.178623 76.95534 4.238045 61.50701 55.875904 70.43989
24 3.5778701 31.868816 10.544711 87.004105 43.767994 64.48382
25 68.42395 74.584755 99.28727 47.176098 10.75818 26.945496
26 82.69369 47.444057 36.016075 89.846146 20.862024 22.065205
27 5.7609262 56.146927 8.241373 85.354164 57.75906 93.52118
28 33.658463 75.80161 78.060455 29.128086 2.1687567 68.16314
29 84.738655 80.3879 13.576042 45.351273 92.551926 32.893383
