30
18
0 84.52053 15.225935 49.959503 40.799694 31.634056 24.020773 21.934187 90.739334 6.067419 80.52281 11.569315 16.722727 65.13107 48.6134 51.046085 76.4487 38.651974 12.350589
1 74.30907 37.24446 50.98943 43.45687 28.89425 52.43207 5.842799 94.25864 12.506742 63.708775 88.34693 89.65636 15.7492695 66.9448 68.34911 48.230587 97.9779 22.099041
2 47.022842 49.615116 90.131775 11.798656 98.85261 12.969219 45.709793 75.97885 84.33667 47.745342 89.57063 60.604267 71.38028 53.77667 11.199606 0.97509027 20.231575 61.615044
3 33.363586 18.854124 86.94978 27.458275 54.073864 97.34209 51.85798 99.15644 6.469077 28.097666 14.34778 2.7292728 31.151354 17.47753 34.963947 22.42484 83.75636 27.104647
4 85.15569 54.279144 58.77189 91.21805 58.75573 53.885162 52.062874 49.18235 45.516068 6.949377 88.99842 3.323996 93.33302 67.31654 43.856056 26.706886 33.636875 5.4061174
5 77.210266 14.770537 94.36989 22.163767 30.769236 81.44832 21.659678 24.239868 79.64027 22.293694 8.403939 47.52755 37.878887 2.413708 33.271835 13.600397 8.5689125 19.09728
6 33.912426 19.973976 30.313206 51.702095 24.32155 96.27555 90.1736 53.708725 58.295586 7.9565945 92.62963 93.25944 92.69858 93.548676 15.441275 83.67861 8.953887 74.883194
7 68.37161 9.441614 65.872406 59.219925 48.08812 86.15097 27.837164 42.722202 52.312572 55.937683 99.73344 43.85265 55.089718 18.28838 3.1601667 18.532299 31.117577 6.8753242
8 10.761756 94.60687 55.21059 17.11775 69.42036 77.411865 49.501057 58.82498 55.05192 19.947403 38.8321 90.57011 17.420185 77.103226 38.43139 94.93857 62.351166 13.06532
9 98.41272 79.31926 39.687645 51.85004 79.53102 58.603256 31.022131 33.026894 23.075008 62.481564 73.50502 96.09432 95.54318 49.76045 90.72048 88.46511 53.098698 39.32103
10 93.69746 2.2129655 50.58425 36.434322 43.58133 55.054688 60.509415 43.810825 50.399185 60.731792 15.873135 69.03425 1.837498 85.062065 20.48785 39.23448 43.20671 66.318665
11 6.726962 95.639496 50.046467 34.93796 64.98424 95.967094 72.44466 98.345184 24.834854 2.7445197 73.48186 45.220493 64.70809 77.15868 10.711455 60.920025 46.169327 47.837456
12 10.749054 55.942993 68.573586 44.249214 93.438255 74.03512 79.367455 7.70399 8.313662 30.291187 40.71576 47.076435 35.886173 4.829192 82.01157 39.49349 77.3852 89.43025
13 74.353165 81.795105 45.823013 15.961438 62.962067 40.353436 79.47753 32.22311 29.057562 83.90785 16.062378 86.701454 17.74227 95.833244 95.97131 24.987114 33.40156 73.415276
14 49.11418 31.57975 40.94833 27.277576 69.13265 98.48678 18.490107 84.424576 87.38718 1.3065457 34.754448 84.07411 37.296177 82.03652 99.542015 92.51346 96.70047 1.1546612
15 85.80654 77.89021 25.299496 37.887585 2.472806 99.727615 78.302345 3.115791 14.145172 22.927315 92.75998 32.999516 40.340305 49.297535 65.16118 59.877693 7.2710457 28.741623
16 87.41381 99.84714 80.54962 19.992119 91.98465 51.03289 40.06418 90.32395 98.490906 93.08985 7.8742924 93.48386 15.239781 4.9181104 46.99051 33.901436 55.97852 44.73073
17 80.635414 97.18207 99.38787 43.096714 56.87719 6.3179674 75.629974 56.818874 97.79094 99.69813 78.61463 88.73469 22.51073 40.87007 6.70411 47.79907 43.22238 76.4381
18 49.52739 64.98415 77.40959 93.11931 99.6747 86.288666 50.166172 68.775925 49.607502 84.97659 30.345566 16.47182 74.52823 4.362422 33.522396 31.841534 28.64772 1.1411071
19 64.536026 39.210278 36.772198 81.35169 70.683464 3.1660318 25.970346 38.301582 42.90159 12.182819 57.905 28.715277 72.56066 27.257698 24.913776 82.36976 33.38157 19.498343
20 9.852439 86.71497 75.64657 39.6396 67.89116 34.439415 59.022182 83.34687 18.754786 64.42959 3.2364488 47.96185 80.26645 68.70033 46.400105 48.458332 82.49214 16.067034
21 89.34212 47.508442 69.35947 51.828884 92.91664 1.7324448 78.464935 48.584896 32.3665 73.75056 36.08309 91.37534 98.59552 68.21738 73.40005 98.305626 47.26777 25.555437
22 61.031956 81.15641 11.239833 25.883722 35.332222 97.51325 14.726723 89.24186 4.2835593 2.7745664 15.151358 98.53552 39.41414 75.94443 83.74135 55.880207 88.73908 24.12436
23 53.08823 18.719095 53.8375 6.63718 70.10779 52.06732 20.522482 8.108753 8.734494 0.6352663 89.90146 10.776806 7.406795 97.863235 36.77313 7.777226 92.67772 26.830011
24 1.1433601 81.978806 49.400288 64.65895 61.10826 77.71031 68.738594 31.833054 20.451153 76.87483 93.152435 30.451471 90.09836 75.71382 29.469025 60.93345 31.205166 45.918232
25 90.72505 20.334297 30.28956 63.74904 79.73285 92.925934 78.751305 46.00156 43.95724 75.96865 54.623966 42.513584 15.506161 41.931004 41.886395 84.77931 31.624228 19.382751
26 49.549847 70.20098 91.38159 95.28648 0.54031014 95.5148 1.1806905 63.653374 79.68035 22.705042 54.73374 2.0278692 55.468647 30.820948 68.32884 75.85617 5.550581 49.89866
27 87.10063 99.61903 78.52324 93.84049 6.811863 16.12804 51.839413 70.604774 34.05859 55.364716 97.94709 96.212006 78.11832 60.766975 38.363754 27.490646 23.715664 3.330487
28 52.143986 43.59371 46.19336 67.001915 54.219444 92.35472 70.921425 77.61562 77.50194 1.5680432 45.787746 52.3969 76.63431 72.13876 39.38854 78.4687 31.10376 87.42559
29 24.735754 42.81129 10.4152975 16.48621 87.14416 59.005253 87.53658 66.62787 60.23837 89.41936 51.313168 68.78089 52.077007 87.18164 90.51649 6.6741347 57.13808 67.49994
