10
16
0 30.198496 91.52343 30.576468 93.09213 93.62214 21.264565 54.223763 71.58187 16.348875 92.31724 25.824917 98.36515 15.978211 68.78371 20.785076 20.573288
1 98.51085 29.035849 70.36312 94.27319 71.15852 81.44731 83.33922 1.1846483 43.17445 11.1497345 27.020884 41.260574 23.287392 73.36638 91.02133 0.9489417
2 14.574015 0.23950934 8.739549 79.32691 43.759125 9.1881275 63.363953 39.2883 55.36922 0.010311604 12.295991 60.15593 54.323723 21.293741 32.493843 43.376297
3 9.934134 23.143847 2.2799373 51.541775 95.46032 99.52018 77.112076 0.3946483 49.974014 49.139065 98.72131 26.530235 21.99456 46.316635 61.46837 93.377266
4 9.943742 42.46825 85.924355 93.14958 14.732409 3.2348812 58.263462 41.604187 90.62049 96.176094 52.350372 29.687738 36.824436 58.265644 78.260895 95.9025
5 43.187183 2.475071 91.801315 65.1794 56.641014 37.771786 51.362144 84.230675 3.3122241 28.941322 44.691265 85.09884 5.130136 71.63206 3.9969206 63.5677
6 4.964924 96.59086 34.853344 48.211243 34.946144 95.69765 55.902863 10.39735 67.08485 14.416801 62.114536 72.117226 1.0789394 21.77701 15.716684 73.97308
7 12.72729 23.894173 43.781113 82.232506 88.279686 62.102654 89.27139 24.067997 49.93603 46.509445 59.21254 21.776402 69.27049 42.5969 27.091957 48.059303
8 16.348303 7.547879 40.82186 88.80028 89.54183 77.242035 28.304237 90.96594 65.415886 30.17248 72.12576 0.36861897 39.482994 4.473215 87.02004 86.4528
9 51.13024 55.25418 98.877594 83.712776 92.65718 5.75121 14.2333145 96.834114 50.26829 44.463593 32.851856 59.509457 60.22433 36.33496 93.36061 65.753815
