10
12
0 79.87335 93.52893 84.37617 80.06873 21.489769 89.4389 79.45936 15.753788 95.91604 88.99302 33.11683 89.295586
1 92.29499 58.36204 95.19444 96.651566 0.5571246 73.73768 32.75331 38.758045 3.7076473 35.268944 42.00632 64.02513
2 22.805523 41.70513 6.319046 78.499695 20.592224 59.597755 27.606136 89.86147 50.61669 67.27933 26.967716 16.109074
3 28.16717 56.800533 32.470764 87.8887 89.25465 3.072977 46.512062 37.82925 31.504059 64.19807 68.94168 35.445267
4 3.6166847 29.993557 84.62893 53.19054 30.903906 45.74856 52.78012 50.685143 56.40139 77.99953 40.245087 29.160427
5 8.712662 70.440186 60.26495 27.490442 17.769808 36.837013 32.418686 22.090256 22.220135 18.95898 97.53321 24.310154
6 1.5445054 80.05094 64.45729 86.1482 21.993483 26.350164 53.101295 75.11659 78.010414 32.69362 32.06414 35.463326
7 5.328524 64.581924 39.36832 40.76875 24.026293 23.407661 63.979942 63.865494 70.45914 18.237549 54.391182 47.294384
8 97.424736 74.93904 91.88849 80.89129 58.747005 9.003001 11.334431 63.95036 64.57358 3.6399364 95.28002 5.636054
9 59.28107 80.18337 89.73605 58.39331 67.49088 18.149996 56.517082 71.067535 3.1480014 61.173218 60.09376 28.89058
