15
21
0 24.0337 98.66661 33.45245 57.911247 46.54599 18.326818 30.105145 15.831786 2.628678 43.371075 41.41959 41.423267 67.291145 22.251541 35.00895 0.9938419 37.14984 10.937202 63.754482 89.207825 22.094112
1 61.65654 72.24508 80.45691 90.88039 3.0067265 44.136417 56.443333 64.26504 83.78872 11.907268 97.508224 43.553787 7.593936 73.78969 11.512602 54.351406 4.245436 91.05741 14.068592 91.73313 59.18733
2 96.29875 25.536615 36.237114 83.38859 11.515427 72.92174 2.5136352 48.90851 18.426598 64.655075 11.994589 22.653938 14.582843 80.83165 95.709885 0.79592466 32.98205 4.9540877 26.833422 15.622014 62.81801
3 31.325161 18.459248 56.15987 30.582111 57.226746 59.57083 3.6584198 37.593906 4.7649264 80.56717 36.95901 88.58155 84.162346 63.756447 53.997578 30.407959 80.31073 38.939636 91.277626 77.49262 16.095287
4 19.915897 99.33551 65.77653 69.46436 55.092865 59.236897 17.893517 23.104841 40.33469 52.31366 44.034916 34.11625 0.99940896 36.05197 54.12499 81.04189 14.385921 35.717 33.47722 83.359634 55.424725
5 50.451023 85.00046 76.96935 94.612465 49.77633 73.00833 52.810543 15.427655 21.30099 6.30548 35.537617 1.6060472 31.65586 68.844086 57.769817 45.842777 3.0388117 75.03842 11.977053 69.18314 49.023693
6 81.78339 77.28575 3.3321857 81.38582 1.1449337 89.67421 60.439045 9.544158 5.189782 70.02376 0.9887457 34.826817 8.92449 40.70903 59.968983 61.19745 28.058004 44.822166 24.492376 34.464367 87.338165
7 56.265133 87.877045 4.523325 62.404472 8.910733 71.46557 15.112633 66.1226 30.485708 87.15048 37.202095 89.70883 94.99122 61.943672 13.874113 12.915718 86.132385 7.5594244 3.8275242 47.246998 24.727118
8 59.770214 38.946335 45.52583 63.31495 46.448624 29.2926 31.894558 0.6621182 52.246952 1.0347903 93.02621 53.594692 9.62016 72.9007 46.34233 31.184572 58.512836 12.501944 19.533283 50.924324 23.96304
9 52.130955 50.654594 83.87804 75.89578 35.261353 45.327248 8.17281 67.567505 49.92792 10.713452 31.44545 27.875423 37.429638 61.39961 33.393246 82.7691 37.452454 54.331177 1.3671815 47.314774 0.8780539
10 35.563164 33.527435 2.8993607 15.421611 55.67578 65.551025 14.2631235 7.079315 50.935436 14.900637 54.477264 1.4821529 69.14312 9.454542 68.9021 17.024147 0.9076357 79.64544 93.15735 68.503456 24.922281
11 1.5081704 37.10127 52.48609 88.63673 15.10359 93.957695 69.24221 80.2393 43.1399 38.569332 80.54184 43.64928 59.289974 44.122738 66.522385 92.62735 17.300098 95.73131 1.0083914 73.32119 39.6629
12 80.43323 24.890757 44.560043 69.10773 25.23176 37.337177 12.798464 24.730211 71.85728 9.649366 2.3976624 46.086807 73.35872 35.509254 23.349916 98.43079 73.14392 82.23281 36.834396 97.4346 51.7022
13 82.604454 16.193295 65.76612 65.29221 77.08971 66.89801 81.86083 40.0061 66.9715 46.51237 24.816793 54.786278 94.544014 15.041614 61.759674 49.44156 15.304745 30.683094 95.06415 25.068485 46.553333
14 76.980415 67.82399 81.42442 58.437317 88.65282 74.847046 20.93019 47.847702 16.664833 2.6840746 74.61916 97.28924 2.9673219 11.819256 99.33125 53.623795 94.14437 14.750635 5.915761 63.162983 16.11626
