30
16
0 34.338654 43.81842 20.198267 84.67295 55.6482 72.20703 47.53875 44.601433 61.787624 95.793495 26.650446 0.5918503 67.897156 72.63011 72.64297 15.099203
1 46.66115 97.00102 5.5142403 17.094833 95.09437 29.150146 85.3497 55.746334 69.840805 66.92859 80.449425 78.73647 97.36536 64.75197 21.617222 51.096962
2 77.72501 58.981884 92.92111 3.6297083 6.205368 28.29787 30.119396 90.3297 95.862175 77.90487 78.28623 76.96405 88.59385 39.186676 80.92138 52.41696
3 43.275517 74.89015 85.26035 88.959694 20.01127 53.89399 99.19612 4.6894073 80.8201 40.426647 91.07529 42.50484 72.98998 38.16138 96.84871 55.71633
4 83.65073 49.404007 72.15689 25.352299 67.38114 89.6373 77.74719 62.11458 75.2427 25.591326 13.297558 14.505302 8.695912 44.93276 60.715927 0.714767
5 98.39585 83.3299 77.067024 56.301586 61.67964 22.339975 98.52931 82.45502 27.265322 73.127884 9.599858 44.70841 67.70371 96.87227 70.85087 2.4389029
6 43.70097 4.8168125 28.917425 2.4703324 16.61033 77.818665 94.39456 91.78563 11.04061 47.02828 27.58677 55.005337 26.321465 60.666924 24.542511 61.216904
7 78.9904 4.971081 22.788239 75.32385 66.82393 55.033768 19.235044 3.7663758 44.339222 59.837215 3.7583113 69.749084 89.0682 48.151134 98.15615 54.563927
8 73.991844 12.637579 59.09359 68.84609 83.86957 49.492783 58.069485 89.338425 69.16937 12.866009 14.546466 85.7207 1.0759473 76.28529 98.61706 80.09912
9 12.61332 68.11272 75.71246 4.728651 5.0671873 81.933044 71.9747 16.397083 94.243256 24.596178 49.40378 67.63874 29.077042 99.79668 94.46562 43.634666
10 54.95613 80.554924 12.523216 31.423277 17.879158 73.29972 48.565186 66.08218 23.11858 44.53833 7.89699 82.10246 16.054667 69.99841 59.68719 11.577624
11 43.791973 78.858406 72.7947 2.4485707 67.359406 32.034588 53.723984 57.32649 16.843187 74.81198 47.75899 7.859659 39.63493 98.30197 88.51967 71.78516
12 66.832184 90.75547 70.88727 84.3414 79.25792 44.69117 5.287814 36.302895 64.93108 46.711987 35.85211 85.28942 29.298502 27.938885 64.442024 72.01369
13 11.11744 9.913373 80.716675 69.64378 16.359001 85.89199 14.389748 12.410742 63.4978 24.527126 78.99594 92.990685 22.489912 42.407383 91.54685 30.102713
14 70.85593 35.79114 24.434067 95.31576 10.631246 88.64344 65.1624 47.442257 24.383337 33.876568 36.612774 64.367096 64.70273 64.15944 21.500069 35.033882
15 95.038055 96.02202 65.77515 91.9649 38.7674 41.02397 28.504921 29.569412 64.0908 36.829712 42.14376 82.09888 83.618706 22.043997 34.290897 83.00589
16 86.15602 86.08714 97.531654 14.283121 33.692272 0.26113987 30.616796 88.79205 46.36878 1.0751486 85.18902 13.392221 92.37893 91.02181 55.975277 17.665947
17 86.356125 86.0462 37.598305 28.081375 49.616753 40.213306 22.0016 35.487778 77.26575 35.40432 31.324656 73.89693 2.0652711 32.667767 21.615786 68.638245
18 12.352133 39.090485 73.04829 54.312904 23.21614 73.271385 17.643887 28.704273 76.48439 88.77546 81.549995 33.1829 48.47008 89.9761 16.62122 7.4902954
19 25.427746 1.6841352 16.690392 95.47559 98.5108 12.696451 4.0622473 5.8347106 73.86423 35.223545 98.31801 99.66608 63.2324 14.984226 54.688984 65.277565
20 47.856297 0.05916357 65.561066 94.784134 8.027422 66.408745 33.94178 30.316813 4.8204064 91.88176 50.10212 47.87443 44.418716 32.730835 75.55335 80.8071
21 62.065784 52.82982 75.804306 3.5025716 27.818823 78.2437 54.04898 38.99621 3.567046 42.380173 51.45257 75.94475 6.626463 70.06382 70.7428 73.76083
22 53.87746 44.491993 93.39267 56.827892 48.920624 57.690693 37.13223 95.79479 17.95305 62.887276 0.49533248 6.240678 15.688282 2.813667 70.54945 61.819054
23 86.145935 59.573227 5.142456 83.71525 32.822735 64.13002 13.511049 83.324524 94.7386 73.05991 40.826828 66.98277 38.055305 99.84796 50.41386 65.9248
24 14.129108 12.199026 99.47622 1.0354698 43.53388 36.583817 23.057133 89.08754 9.140497 59.167324 99.75751 17.781126 59.93752 67.52263 39.928143 72.82972
25 78.91592 30.841017 51.38569 67.45545 73.817314 84.99652 33.27041 67.902954 37.474358 41.654854 79.85744 6.9612026 56.279247 23.045534 42.6607 49.06209
26 40.24005 83.01262 71.04829 97.43212 8.175707 84.06051 94.15315 87.201164 96.72192 84.41302 5.7569923 73.57353 14.64808 50.268055 0.005567074 25.457531
27 35.007828 49.67791 80.550316 60.710464 90.16354 35.602505 25.585382 86.82621 99.85148 68.017456 53.155834 31.977827 44.115173 16.420221 57.259525 96.3931
28 72.86828 84.13913 8.169991 17.716438 86.60492 90.5464 57.904507 9.986764 0.7196486 74.20556 11.993236 1.8922329 24.205177 53.30515 15.13018 2.865398
29 5.1535845 15.168691 14.6733465 66.23519 66.29509 46.46818 71.39253 86.996475 27.382542 53.855198 60.732925 71.79825 73.993835 31.468296 74.87801 93.55332
