15
10
0 50.86882 91.21182 36.73331 72.352844 5.224061 97.25999 41.53291 3.5262823 23.269165 33.872063
1 74.15796 83.73011 55.68946 80.329605 78.412254 17.998075 4.603201 55.776436 2.1135151 97.19803
2 18.541443 52.32173 48.731434 17.68133 86.46815 80.17808 5.6920233 20.689941 57.015747 88.99642
3 56.10001 93.73848 26.10072 24.191183 57.694263 67.30653 9.9642935 7.1588397 64.0809 84.79231
4 47.645973 28.747267 18.782324 32.43601 67.196365 83.80524 99.05792 44.777454 52.887432 76.620995
5 52.0167 76.437454 79.66094 0.84620714 5.0381956 74.18732 38.511883 59.2099 52.293766 36.29106
6 78.936295 86.88247 2.1260262 96.17699 97.54859 84.49041 0.6718457 72.13893 25.121635 42.059017
7 36.43961 36.814667 16.314215 40.93594 41.172176 52.784233 49.97949 87.19969 73.40256 12.231386
8 65.0108 45.171135 43.363243 97.98643 13.056601 74.22443 78.62704 34.500546 20.066093 4.7495723
9 57.88501 24.784481 42.51481 31.277729 51.015663 22.786068 49.37135 21.680523 94.04206 90.09967
10 89.53247 93.0475 21.244287 46.62981 37.76355 47.193718 48.69228 82.514206 85.39075 84.42898
11 5.448204 34.206093 29.415262 73.71919 93.88042 92.39118 53.73801 83.98962 8.719188 49.952995
12 16.236656 16.172785 87.01359 81.39611 97.02969 92.61632 5.931139 83.19742 6.9607677 91.3759
13 1.848352 79.99974 45.769512 72.27728 88.44717 92.22261 70.27442 51.80167 91.15659 64.6864
14 31.93221 0.0064969063 54.421127 16.684109 57.173676 67.82773 82.66028 5.361658 23.826641 3.0196846
