30
6
0 17.151142 5.3529797 65.325386 87.51159 2.381146 83.63168
1 13.982523 65.14815 36.68462 78.42611 47.13695 56.381332
2 51.89895 61.48411 37.851654 78.57175 57.51402 91.734276
3 44.682648 0.24489164 37.569828 97.6745 62.348396 29.08187
4 32.973053 31.074757 60.895252 61.610294 87.37268 35.999252
5 6.4494905 18.525553 93.44007 57.10972 6.8593383 73.47497
6 92.65467 10.998159 46.62268 14.848619 93.49029 54.637295
7 6.238699 35.519527 1.0299265 23.214691 35.595333 89.50396
8 24.122643 44.48026 23.604906 66.17376 5.6593237 13.696474
9 76.73349 30.013317 26.624424 79.30879 57.35597 39.10263
10 67.32799 18.085749 4.3394923 59.716766 79.49996 94.81163
11 48.55884 22.91438 73.41293 7.3096037 76.13344 46.06067
12 55.378216 15.852242 83.31884 56.2713 46.133987 76.66512
13 5.7658553 81.21622 60.927086 23.594719 8.173675 7.088047
14 61.407043 28.004562 50.41579 74.38705 79.5407 74.05645
15 35.52931 84.13098 29.169273 0.76100826 21.360695 3.8558662
16 33.929276 21.142382 89.2994 92.08611 16.22203 46.714912
17 3.861612 38.63644 73.72922 37.93834 29.679567 47.04197
18 63.43748 10.687298 56.78886 54.538685 71.86469 48.888557
19 0.38235188 98.337845 60.60134 74.75534 12.120903 37.52096
20 82.62989 82.45519 61.678104 34.856476 94.21437 47.12143
21 9.78064 88.39517 74.32471 28.955173 8.231777 89.09448
22 76.25144 28.426706 84.23087 17.266624 99.76475 41.49262
23 21.99495 90.7224 95.17753 68.08553 65.83229 43.531956
24 9.099841 49.25245 77.30706 62.85035 4.445821 31.127178
25 72.174576 97.82499 41.11358 61.893684 97.87926 98.8443
26 78.25411 32.06649 42.42343 55.99162 51.53957 31.378365
27 63.478928 5.29142 19.51101 56.485134 11.182827 21.991312
28 49.91862 3.2950044 77.90234 47.592407 0.7647395 83.29053
29 27.454441 16.56431 20.13396 33.58273 39.21758 88.66225
