100
15
0 78.431885 68.634056 83.10955 61.23601 88.34717 39.12752 57.03802 12.738532 35.712467 81.95102 4.01448 77.232086 74.58617 55.97655 50.944622
1 8.42334 78.58748 66.156105 14.169109 57.56635 8.423244 84.08404 17.422081 22.81673 85.09196 88.42227 36.674923 92.24962 84.32535 53.6672
2 89.98319 27.150393 86.29296 50.106823 99.79179 26.312733 98.32474 62.93374 95.429344 50.400192 3.8276076 64.756096 19.444567 11.010408 21.921587
3 55.155396 48.024307 49.055428 16.649849 12.013555 23.3173 37.627922 6.79003 32.168938 34.713818 55.91578 64.98486 0.22241473 32.95641 42.272507
4 83.6084 42.222553 41.65038 59.627945 32.790367 50.299137 66.886505 97.47286 59.448116 11.43359 39.177345 8.177912 23.950052 21.36423 39.949387
5 86.97656 49.893467 97.59584 24.945576 74.183685 61.975243 34.651924 11.908775 93.826485 4.4282913 32.67263 22.980755 67.58726 98.16646 16.380537
6 81.82043 18.613922 96.61333 86.03424 50.288887 32.22352 8.987546 72.55041 33.74938 84.7473 54.191875 24.34616 91.982 16.74754 99.83059
7 29.046518 14.122904 80.641914 98.49908 65.98716 70.925674 67.53091 9.400868 18.957973 61.33995 34.927494 47.41395 27.973831 58.554466 51.391254
8 26.6267 75.68679 14.214868 20.08683 11.581177 41.591064 49.770958 79.39851 90.29982 95.203476 97.415146 32.38 79.74323 69.27525 16.73851
9 69.50484 40.57787 63.717182 19.260008 1.4753163 45.76148 89.77005 63.897522 55.374557 31.031132 8.063191 20.078712 41.89931 77.26831 31.171947
10 29.67937 21.54389 90.09161 15.270811 77.78449 70.23472 63.880642 22.205591 19.161886 20.919592 41.563313 85.05985 11.401939 76.936554 11.518264
11 0.9164989 6.3045683 9.629136 55.27817 24.42395 22.992903 59.70307 68.60902 66.94147 14.421463 16.3643 1.0331571 66.99431 83.75779 96.52953
12 79.825836 88.61454 69.19399 48.613728 21.61967 1.5374124 1.0463059 60.889328 63.48915 79.389244 19.795782 26.55896 24.057072 23.725527 99.593704
13 58.92829 99.881294 39.405174 40.59566 26.912498 12.068235 83.22902 12.505573 99.12446 99.458 17.50002 58.425117 13.605129 47.385468 84.21444
14 5.3462687 88.55692 92.305084 86.565445 98.540405 29.983812 32.65116 11.492825 50.143158 86.74402 43.177067 40.868084 6.1795235 28.060318 54.47827
15 96.84743 25.200827 37.952084 50.06739 17.804575 80.008545 14.354622 11.661315 10.48066 41.326378 45.9429 28.498447 18.532055 48.7714 99.0061
16 80.57973 61.054844 85.39922 51.31904 18.582762 52.013443 33.101696 45.079357 37.51081 14.461672 28.175365 20.94276 77.395035 55.239178 60.72481
17 28.370445 65.87056 96.24047 64.79875 61.345707 35.307926 48.73507 45.17282 34.52329 25.326258 25.475466 43.698788 23.612822 1.682955 70.93834
18 95.65459 39.894753 49.275692 39.037292 92.38547 75.915405 2.6708663 97.621635 98.86767 45.36098 67.363434 4.194474 67.110504 81.68474 21.864384
19 93.267555 2.3083568 58.136368 20.505554 84.90531 37.44489 36.3589 93.15936 60.143734 33.030678 45.68045 47.3198 22.51119 66.53023 83.701996
20 64.41877 47.801357 5.8246374 17.897057 72.90922 15.087122 63.09345 53.886368 10.397029 60.81741 10.428583 29.083664 23.622757 31.365849 62.27135
21 39.844616 23.870766 55.823887 18.660164 29.468178 24.71739 74.93662 38.873493 55.839966 55.035084 50.21465 19.244688 37.673985 11.771906 22.330236
22 68.91907 2.769667 0.9628594 74.39325 70.63947 50.0831 1.2534201 94.636826 33.11526 98.40753 69.28789 87.02299 60.297073 50.82125 20.813358
23 86.46326 99.40189 17.608356 53.260834 38.4627 72.57997 36.96751 95.690475 68.32205 30.768764 27.438091 58.9404 11.419767 96.933784 27.595013
24 24.024284 98.95378 39.25971 95.26017 19.52026 89.82439 52.94554 82.3783 50.93296 32.620365 47.40877 93.99985 16.65569 7.0267143 69.55816
25 15.756637 68.885735 83.0665 24.311506 28.124767 4.142064 2.6412427 31.981838 56.02156 30.200338 10.631811 35.11604 56.321198 95.41063 73.710495
26 1.73738 65.20089 56.422012 31.906456 79.925835 92.41228 33.04538 40.332558 22.786404 5.240327 68.89146 12.358016 0.93786716 24.755371 5.887908
27 58.49483 49.847424 8.737546 44.9845 91.51768 5.097252 6.1725616 17.285717 3.5790086 73.766754 88.3628 25.30756 7.598877 83.63112 31.40949
28 36.652386 16.849798 73.20752 98.1038 58.558304 33.831764 9.531736 37.1841 85.746605 54.21272 91.939476 41.60155 72.812004 12.331897 59.39086
29 31.078487 20.94009 1.6239703 26.65723 8.097929 4.6696606 72.9819 36.944286 79.84314 73.23292 24.757845 11.523533 4.8943224 1.0049105 54.58981
30 72.2677 65.12459 98.88786 1.8849969 2.5292635 46.724976 31.972343 3.4980178 32.77181 45.19366 75.29386 48.38752 97.280914 57.07723 18.490833
31 10.852117 9.976983 44.942986 49.031746 78.93425 73.97119 34.245014 82.591095 63.898613 39.5044 33.238922 6.1038675 69.062675 97.05767 35.780727
32 74.81754 28.966194 70.802956 36.654316 87.90238 71.761185 16.569132 39.014565 19.30033 54.19498 27.838152 81.67504 20.72944 16.618305 82.97858
33 42.439224 44.164116 78.61352 92.301025 53.66457 61.545406 69.20299 10.226631 83.01197 32.616104 60.823433 96.85267 10.187358 88.11015 56.562923
34 45.748432 57.80474 38.356365 95.33674 37.501247 88.73306 77.795006 71.07523 48.2517 54.937077 57.879578 67.52106 1.4162779 4.45019 26.081854
35 49.356796 31.513191 18.355406 41.787838 9.14309 59.31611 42.18908 53.128807 85.53903 5.6052923 93.77617 57.41008 55.660778 90.02226 8.970529
36 34.770226 78.93448 35.73403 28.989357 85.824455 73.69994 88.8559 27.937836 72.932205 34.97045 43.264286 30.7225 47.805786 22.561192 61.259003
37 22.91639 89.68286 35.23744 93.527534 12.39463 5.270857 37.13795 18.354542 63.89635 89.00016 67.597725 50.65206 2.343154 77.47035 71.28698
38 72.11737 18.0704 80.82795 60.5223 30.924946 20.485718 44.476723 20.477468 74.40922 78.4999 3.104782 97.171875 53.089832 72.883 84.44339
39 50.455307 56.338383 23.049253 9.187645 94.210304 66.50387 58.2974 5.6610527 94.69399 2.2368371 89.91964 10.45661 17.93651 36.221897 28.596098
40 89.613106 47.56409 36.004215 42.92967 76.87435 76.04371 77.84532 95.726494 57.032593 72.438034 6.6504717 39.632027 1.8878639 67.16217 64.36783
41 31.995338 5.3890824 64.35746 34.575836 8.4214325 32.298 92.31466 72.26938 67.51209 43.284588 55.425186 20.458858 86.98071 48.585754 32.511147
42 94.75483 48.911007 64.913445 27.74433 24.580223 73.72826 56.67239 74.93222 26.30254 86.845 66.04185 3.5120308 95.99217 96.37142 18.203943
43 26.498138 14.583391 86.24873 1.8884361 14.785517 68.15038 7.2369156 3.1888008 88.093155 83.32983 22.996872 26.838362 16.473394 40.45708 73.740585
44 96.18033 75.31253 52.87916 3.3375263 36.0986 95.26509 33.621323 44.175453 25.18496 62.322075 23.884916 18.359846 50.203598 44.496708 40.82435
45 33.938225 11.089193 94.26788 44.08453 84.75856 44.705654 20.361572 96.38497 95.38095 54.63748 60.64663 48.03127 45.287144 29.435497 68.40896
46 48.951954 5.6658087 87.856 47.144188 45.34267 87.5453 24.394209 10.934633 57.20736 31.317598 17.305946 86.67332 34.287483 28.125298 62.6384
47 15.652007 22.647 5.6096497 77.66278 11.688614 34.427433 0.6455362 74.44643 23.94287 36.21098 85.48558 95.85668 69.329544 64.54994 80.828735
48 71.60402 3.0217767 43.369423 38.410465 38.372314 98.54033 40.272064 79.536064 55.82378 0.5083561 25.725634 46.3615 77.29444 84.0376 29.46592
49 35.547184 21.11346 22.186995 56.280685 4.109776 64.29934 95.845 83.04995 43.880547 6.333971 24.143457 10.210782 32.01087 46.030025 95.08606
50 53.71024 62.576633 81.23864 9.003109 3.3405662 19.713724 89.156685 36.824608 25.760477 51.121243 16.961252 42.655743 86.45255 66.513405 8.912063
51 28.964489 5.618632 7.0644736 0.2209723 62.63696 45.155186 86.51493 11.004644 12.568241 64.27316 83.89516 99.438126 32.24638 42.23854 2.341646
52 63.55099 13.426691 80.63087 92.859344 80.50566 5.5179358 92.27934 59.813072 13.031631 77.30943 7.7831388 14.165306 0.13667941 7.3178825 76.71347
53 57.833595 46.263416 42.048527 72.99691 68.89647 75.509575 0.13109446 91.67636 2.6747108 78.99428 18.455696 26.631134 31.957691 40.35761 4.50657
54 70.61897 63.89996 20.964945 49.045628 75.199036 98.50893 49.70098 63.668 39.038498 30.37312 27.14504 88.635925 69.44113 51.59462 88.09505
55 94.45565 39.620502 39.106647 95.33966 4.1168094 69.54324 17.055643 69.569 46.550827 12.671083 77.14862 11.4755335 22.031181 76.5287 33.31496
56 91.35539 99.8443 28.924423 37.273132 75.61429 62.078686 1.3728678 8.256615 18.06131 65.84541 49.643536 41.93011 64.1036 82.25457 41.533287
57 83.17202 28.108198 23.188513 32.38868 36.727303 96.265236 27.057243 48.357742 74.62605 50.067745 9.578782 9.910292 94.65837 77.63237 14.045847
58 98.22745 19.099606 52.947227 12.929315 44.32988 65.35744 85.98669 16.001844 25.311852 2.3940504 31.528395 52.97693 99.10489 49.851925 51.309322
59 96.04633 34.456234 16.036951 45.539917 21.323914 77.23006 80.60194 56.247677 31.287432 88.99271 46.307407 29.743916 52.63833 45.710217 39.055748
60 49.81355 16.919731 60.159832 68.00308 90.94322 32.655533 3.5462558 48.517395 23.766518 77.17045 32.335518 84.700195 47.46646 9.658855 53.30816
61 38.813866 48.49928 22.084595 81.43254 30.011278 46.864105 65.27735 4.825979 91.06569 3.230548 79.86416 82.57531 20.224785 18.34923 17.72381
62 73.61168 35.806126 63.92387 3.3239067 57.571335 27.714252 77.94265 76.00643 36.33172 95.76068 31.589348 95.999 42.710125 26.633823 6.332737
63 37.18253 70.982506 35.789944 93.48833 28.53756 43.06696 47.67067 62.136097 20.383018 40.377556 6.815177 10.249578 19.233519 40.758377 67.00394
64 76.546074 61.121357 74.13754 47.987633 13.018501 33.90324 41.49085 46.123608 99.28177 47.311012 66.58118 41.92872 76.49957 19.78162 76.26356
65 33.791645 30.301088 64.45048 35.747147 1.5598536 6.115079 25.711376 23.230862 39.181644 76.9171 31.595129 82.23416 3.8569093 40.491795 76.62165
66 78.499344 86.11222 21.757763 52.020336 45.62831 75.80592 24.100494 64.13982 84.0291 62.293114 73.43487 72.89042 80.99389 80.90283 49.11122
67 87.15306 15.828318 84.63205 98.838844 46.783173 68.23601 50.731552 0.39092302 26.233828 46.274757 11.904234 3.651756 14.579809 23.100101 55.471222
68 63.057922 64.06612 20.667309 49.46517 35.97185 84.01542 0.15575886 9.624577 68.121376 70.35698 30.005281 7.1916876 36.86837 61.09516 65.319176
69 64.82603 58.471806 54.190453 19.51263 91.46454 51.236652 2.6164293 68.300476 50.27947 54.85221 49.3787 45.56892 34.760277 42.498833 97.197655
70 63.819416 83.191925 89.42777 39.087914 82.478195 92.29872 25.496614 49.499302 14.514833 86.51108 53.184914 44.863945 84.90171 64.19631 43.348087
71 37.732952 58.18027 19.340479 72.62934 2.1555483 31.799704 33.704655 66.09156 38.08939 37.290257 46.59833 91.11557 19.530725 13.372183 47.36732
72 81.61503 61.376892 69.73879 48.801537 80.628876 72.00408 73.75807 1.3069749 82.67064 26.946014 86.29355 0.29850602 50.95392 10.241103 89.14671
73 39.358734 27.699589 6.8872395 72.47632 24.840504 54.90253 76.87773 43.475086 13.394678 67.74315 9.523201 30.412436 71.07264 10.636276 8.79119
74 62.02884 3.9381564 86.89192 35.377193 19.648605 37.342117 75.10813 69.880936 77.034584 50.04567 99.52557 31.084871 45.021057 15.162796 6.2602997
75 2.7659297 28.72554 91.43783 84.02173 87.12625 34.362465 13.741314 45.853973 9.777493 50.38215 82.98984 9.662819 73.79025 89.16856 74.161736
76 39.669872 73.72414 46.493656 1.9459724 31.146027 86.44405 97.30207 81.14183 87.30672 7.1279583 49.45651 31.601261 83.40192 75.96505 68.39388
77 32.71563 79.91812 74.97951 32.11952 71.69756 8.353245 73.10279 89.80807 33.763252 40.9666 70.530685 61.005737 95.41022 84.79618 76.574066
78 3.869927 38.000507 32.43677 36.243206 98.185036 45.555176 12.761992 63.85389 75.51255 74.85697 26.93795 12.732321 98.54142 38.52558 24.51803
79 0.9108007 53.580196 62.612946 74.73986 67.393654 3.5731912 23.470598 55.79251 72.54453 28.733099 27.231783 14.023179 1.373297 2.8838754 26.35824
80 12.858605 28.519804 56.230972 17.515743 82.4901 58.639122 20.166265 93.81775 13.788909 42.349655 42.828964 31.529766 88.96843 64.13395 81.751526
81 40.036182 65.492226 9.367246 93.6023 46.679104 94.75578 99.33876 42.689705 91.48753 62.07043 68.63504 76.72256 76.392975 36.18893 83.04689
82 77.847664 18.901825 54.583897 19.275433 92.04075 60.058056 92.286606 62.747746 93.65495 43.635338 47.48974 15.96716 22.78931 29.661703 64.302216
83 37.74129 79.89757 6.482273 22.81797 70.63686 8.79718 86.54664 87.636375 28.95211 0.35424232 90.97172 79.57642 57.785362 4.3191137 64.74474
84 40.797337 82.38467 16.08926 0.3230989 2.9260397 19.423454 73.91259 53.549503 50.960712 43.25884 45.860523 97.486885 45.343887 92.25201 35.75237
85 1.3025522 21.168173 66.08773 94.370895 31.076277 10.29225 34.506535 83.355194 24.81166 20.318026 32.307 20.985634 86.49974 77.83757 12.796277
86 3.8938403 4.3836117 83.839 31.538147 79.058 21.232838 1.2141228 20.303308 64.111855 53.14678 70.30168 25.165367 29.149872 65.921906 33.5029
87 36.86711 53.30745 11.154943 7.2104034 51.628517 18.203634 98.89103 14.397025 8.765268 56.936924 29.704899 37.8317 51.682312 21.116049 30.627542
88 58.450825 21.411121 84.09504 79.367134 50.15367 88.8445 61.184628 66.9504 38.260384 61.724384 87.46181 36.42003 28.933907 15.353465 61.541157
89 54.819443 48.699253 18.590862 95.26234 76.69464 22.281843 87.178444 30.956995 53.122604 71.63383 49.61249 21.368086 33.27831 55.334835 62.97285
90 54.298843 12.282127 34.468426 50.259293 31.875223 55.091976 55.325405 31.33443 40.43368 91.14943 70.42133 97.56966 24.327642 37.04734 74.70037
91 98.33307 78.52568 87.412544 43.60833 4.7059298 19.209326 79.30638 11.940968 32.990055 67.43772 8.618748 97.811485 14.957041 72.41263 73.10736
92 33.346325 12.240208 12.3445215 64.91891 24.236393 84.19035 92.096245 3.6875844 93.28081 28.880804 27.683985 21.769035 20.612066 49.28996 83.67861
93 7.024801 35.24913 26.10907 46.21791 11.078471 31.663435 56.77871 52.66937 16.435379 31.651604 0.47254562 10.242617 62.672943 19.286972 30.60671
94 66.6239 87.50894 86.1846 71.40432 12.884813 84.44469 9.686136 90.99877 14.712501 95.42547 79.5904 49.987774 64.93726 89.19074 4.2736826
95 97.28884 6.228256 57.392223 86.82307 52.19322 85.83365 38.89447 21.324026 76.829315 17.814392 44.75442 31.685902 92.55125 56.131256 53.084106
96 56.159367 19.348448 33.274017 14.274872 73.60891 63.075592 23.264896 6.906235 9.079224 61.539246 19.532288 6.144142 40.473236 49.220627 22.354872
97 26.680946 32.293762 60.198128 47.65285 27.474463 31.252628 59.756546 59.49629 75.959175 89.797 53.89228 98.76768 64.34664 12.730408 50.667744
98 6.226754 13.481903 7.416934 42.91922 91.36125 42.921032 25.663626 4.5277 70.76374 95.944565 14.205254 75.232704 28.557278 90.689674 97.50441
99 86.27618 44.122677 93.099075 40.880074 12.044006 91.88785 32.638382 31.151754 33.922462 67.371216 80.47965 46.211136 60.967846 1.482445 93.90385
