500
17
0 19.672573 37.972366 86.103355 72.415695 33.060223 79.89247 16.096622 27.859407 74.789696 34.494537 93.05594 64.912125 86.46446 68.70207 76.01465 75.70356 17.220205
1 50.13894 23.398382 71.08514 82.04095 3.3593953 39.009983 74.24828 18.417286 47.723675 83.954315 96.274475 32.16224 55.207855 27.991598 83.79823 29.612368 11.257285
2 2.120036 74.3247 85.319176 46.68201 66.959915 25.534075 30.056757 66.85291 8.527195 47.70984 90.978584 77.20062 45.592087 30.138577 15.551895 65.17257 88.92866
3 25.155592 44.05005 80.10408 41.84583 19.9705 6.5193415 68.458626 9.485274 64.33294 42.949028 94.95348 79.07425 29.63534 27.61553 65.385574 8.791661 95.65411
4 7.060361 77.49635 84.86646 8.571804 86.77513 57.766006 67.26416 37.283802 64.3472 98.217834 87.67668 3.667301 60.57095 24.57019 9.924245 51.18548 37.91713
5 99.63413 34.27714 89.93528 74.90696 70.7698 72.1459 55.354916 31.548494 92.34822 36.167675 2.9317737 55.315186 11.191845 59.595604 38.349884 38.49639 70.37653
6 56.29759 27.85806 9.505951 22.869825 63.378746 18.806988 75.33921 17.367952 28.803057 17.190891 96.324936 23.30476 49.316288 54.84383 73.19293 57.075447 63.93602
7 41.201176 29.899353 96.59961 26.310968 36.076546 42.311947 73.80341 27.957989 23.866732 65.509544 94.60641 12.922197 84.43982 62.911434 91.5423 3.4951508 80.454025
8 14.601207 86.02611 63.554054 49.078594 44.98775 54.11541 29.69851 52.438473 40.357124 12.827081 86.07103 5.2876415 42.979805 92.90092 93.52568 30.452473 92.37664
9 40.398735 81.191185 57.807255 7.3056936 3.5555005 93.55842 66.59465 49.26455 55.532856 60.666656 4.7402678 4.1252255 78.65438 25.992907 3.7035942 51.310253 74.62571
10 56.046474 39.93773 37.120583 59.27549 48.787045 91.09369 21.941936 73.41996 12.72707 58.907562 60.653538 75.294235 64.42215 13.770265 96.269264 39.156048 75.03057
11 86.13252 82.34922 41.518257 24.333662 35.28582 97.78215 76.17876 7.211643 60.140884 14.9726925 64.77997 98.78849 43.16863 30.152077 66.84505 62.578384 96.75522
12 52.40613 95.71802 74.83403 90.249435 80.08609 1.005429 8.323174 0.651747 12.600756 28.216993 41.916595 45.231716 59.312923 39.381653 37.19443 10.694766 11.569053
13 9.338057 99.86484 1.4951885 49.034237 68.83946 48.800434 45.46758 6.7991915 73.0613 77.15608 44.392193 48.553043 40.855682 63.12146 62.003563 75.91512 52.274246
14 78.73148 44.1907 71.295265 58.405125 36.7168 52.927853 76.97199 55.17876 92.098236 24.337435 76.069275 91.04302 88.14805 85.05234 70.46817 14.652282 68.05507
15 52.85926 69.16215 53.135014 3.3006728 25.923538 69.971344 32.08736 58.09958 18.490051 63.750393 75.98707 83.57064 13.905019 28.197838 40.846855 34.423954 82.505486
16 37.10652 41.053802 20.29317 2.0831347 58.45036 8.710379 40.37791 42.26696 83.21214 18.454296 27.3259 46.616684 37.511135 83.5509 19.375723 3.12109 18.64187
17 72.70028 40.35885 16.10837 35.403572 61.968697 48.446537 31.570166 62.961273 55.842377 96.30869 70.157776 69.87704 26.72302 58.975063 54.523945 81.3862 7.1659446
18 39.065025 92.46266 89.035835 55.540348 61.65225 76.96236 47.079437 18.11868 58.89159 66.66757 44.224785 51.241135 5.2532315 13.483477 53.214783 1.328069 61.9453
19 51.61545 27.100176 81.115395 89.58264 67.980415 80.81745 23.367489 83.6614 46.74027 9.756464 42.09068 21.77468 50.085587 7.3935866 22.355534 5.162978 38.045673
20 44.84524 87.47435 52.1085 87.04001 23.490614 33.52397 5.3883314 80.4465 53.81455 60.91523 50.596573 75.29021 9.584105 88.56548 83.2899 3.2072783 55.71308
21 83.71814 88.82681 17.38438 14.065629 37.873055 14.243448 21.793688 66.444984 32.757885 72.88666 6.634575 64.610085 68.7089 62.716476 1.6600907 28.927708 27.97787
22 32.669975 54.53044 39.829838 56.89125 59.280087 47.328194 18.296432 20.821411 10.46533 4.035449 25.876898 94.76334 64.20834 83.56905 3.115213 37.93242 7.4469805
23 35.66529 83.533356 84.00974 82.19478 54.582466 33.49637 88.075294 40.537262 52.643234 55.334084 68.31076 63.125443 91.77505 70.09595 84.462006 34.08206 26.446337
24 49.394722 7.8766165 22.383345 91.07024 64.14458 69.53791 20.878458 94.70132 46.871765 65.57877 40.819065 96.64032 47.989487 54.76588 55.31645 29.658062 93.36066
25 82.69658 59.307755 9.533012 98.0647 4.0617647 47.744198 37.3636 51.04146 71.2233 65.72248 26.871704 87.77297 96.27229 13.638962 5.1786423 8.01071 39.226128
26 83.18948 70.14083 56.45448 99.45015 93.76358 88.42347 63.99209 95.93085 7.6507926 79.52477 82.4334 77.66875 42.210888 15.709484 37.49717 54.00241 10.044802
27 35.350563 63.075344 29.733103 98.08626 96.90717 68.51161 57.918453 13.825708 17.392021 72.85458 28.380798 53.550972 37.72083 22.911095 19.383812 82.07781 28.124708
28 91.62183 88.43104 6.0469747 0.48493147 40.065002 33.40946 0.14070272 86.978165 69.57931 42.827435 35.74595 2.0665467 3.464973 81.98049 19.446754 49.214058 22.911667
29 46.63393 80.613594 6.652713 55.719246 6.1632752 36.182316 15.265787 34.587395 60.7812 90.95242 53.721245 23.882627 42.05285 14.419198 74.20708 68.536964 89.72439
30 32.884155 59.63795 68.84587 71.1372 27.523226 68.47434 92.23025 60.1612 75.95553 45.092827 23.387056 31.45622 83.931816 76.0493 42.61725 31.57264 43.898655
31 69.982216 37.491695 72.358444 23.80259 81.01571 63.4625 23.587072 29.55023 2.3636043 6.6767874 12.709814 21.570312 43.735832 88.29493 30.031485 75.031105 8.754051
32 19.308472 80.084465 6.109458 87.84942 42.511444 65.02205 96.51063 29.313087 22.281366 66.76799 14.985114 92.88007 90.6138 52.559544 89.22765 93.345024 70.9319
33 37.329857 32.184704 18.44064 60.124798 27.833294 82.91311 38.07562 98.68665 62.07214 19.758541 88.86175 32.421238 65.800705 30.356104 16.80218 14.7008 30.837637
34 42.957222 35.52407 2.5374532 90.59761 2.5788486 21.285933 13.620483 22.461134 5.73892 28.257483 74.93469 47.948082 32.93279 97.65 60.606987 66.57343 58.930016
35 26.87691 80.297905 41.98056 99.401344 5.065757 96.889404 36.518597 16.857481 49.256897 69.613144 47.720398 59.492176 52.154964 96.366455 54.820377 19.931698 83.303925
36 66.09485 11.017281 55.324535 47.30463 92.15698 75.93502 10.443455 66.767456 32.974064 38.779194 87.86497 15.985894 83.50254 34.95297 46.749123 21.037834 45.72471
37 64.12299 18.737257 70.68805 28.05447 15.462971 67.0531 52.911156 40.996635 43.414722 95.630226 67.22313 22.331684 94.96808 28.156763 31.758123 51.340614 5.161375
38 13.049501 44.926018 74.01433 72.04332 86.82835 8.616227 24.751657 24.328804 14.00724 27.669775 73.74239 65.8511 61.85841 68.43132 71.12354 39.898945 10.216248
39 57.635162 81.21727 5.6808653 13.400477 97.006836 73.89902 68.34276 48.452705 44.418015 50.658047 95.85544 2.8568745 0.17599463 54.516155 91.17351 78.974396 38.327587
40 34.04348 49.64727 51.354717 34.29411 79.693146 10.858429 88.22882 78.623665 17.07415 34.773487 97.767296 94.355545 57.160015 76.10489 42.55848 24.959463 62.418587
41 62.58956 68.27119 58.871437 74.13712 74.90064 52.208 53.44221 57.560696 83.27713 8.589638 9.101814 94.67685 81.675995 5.6607246 87.492645 90.44505 20.122225
42 97.35787 24.31727 46.926193 23.56891 43.179737 38.079197 5.1202416 87.40603 54.456104 4.4728518 99.43437 0.012397766 35.401188 47.92227 21.70958 88.4811 81.69133
43 87.00853 46.82111 49.72688 7.9253554 69.90837 40.292294 83.28163 24.868965 5.4477453 99.43737 9.688473 6.073463 61.22362 86.657166 47.81719 26.08062 84.04769
44 99.0921 51.757282 25.326115 41.610493 99.394684 22.12525 42.944534 74.96175 63.48464 14.388329 42.43165 46.67124 2.422434 57.708412 47.570175 22.206772 95.673965
45 69.210785 69.77049 5.2860737 54.79254 30.658138 82.178856 80.18487 81.73247 75.24957 21.284283 83.98352 20.508867 82.46758 40.59723 23.591244 39.67305 77.17674
46 22.126072 70.495094 55.08542 86.961815 65.25076 60.246933 75.80519 98.21807 16.160673 13.745844 62.706573 18.8246 97.8194 98.72705 50.86656 63.203983 25.541813
47 98.17686 38.103355 16.876667 98.37785 28.612345 57.593513 62.74179 94.81545 6.5654335 70.63919 93.56105 52.628017 42.77388 63.835026 35.599785 8.346253 17.403078
48 54.602276 41.01711 19.741177 68.3076 80.88116 3.131938 4.336846 90.41099 19.330574 23.675352 34.362976 75.56772 75.36837 36.93514 21.307247 16.917377 65.54962
49 27.481205 65.49405 3.2047212 54.940598 78.919395 3.624326 50.59028 70.18188 56.656467 52.244522 71.19595 22.786331 61.584427 61.518986 88.41425 0.8905649 30.33306
50 81.87075 53.563744 14.238292 95.534676 28.001314 41.818775 63.74966 33.444477 49.03773 47.808 99.8138 1.127696 80.18172 23.510677 92.68565 18.936045 36.91076
51 9.037322 63.390266 61.63952 95.72846 76.83254 77.71567 41.655987 90.46534 13.364678 41.651714 66.44355 96.540054 91.36349 20.51034 28.214949 10.313999 77.34066
52 41.508514 94.438126 91.18323 80.99834 0.43882728 51.652557 81.384415 88.029465 35.88414 60.320854 65.24522 48.885582 32.007183 84.925224 64.94286 91.7898 75.078896
53 9.296388 84.47136 27.374256 95.48025 53.0303 24.742592 48.90467 40.86216 99.417404 69.4071 60.514194 26.481194 90.00744 28.486591 85.91152 13.511133 54.996975
54 72.235794 91.67386 57.491608 34.108723 64.32951 67.81572 18.205172 9.393585 36.601543 29.48423 14.429045 62.105064 38.80364 68.327805 66.50165 80.958626 49.428837
55 91.587036 84.85783 71.99697 77.33898 37.84668 11.060286 42.049236 0.09865165 67.559906 90.89277 72.3237 31.457598 56.118156 87.34961 47.747646 46.812965 99.91069
56 19.484436 25.815582 7.757616 9.3301115 24.760347 88.29181 52.577633 55.177723 85.52847 25.309908 72.962395 49.862778 71.36714 17.209732 93.95606 45.942276 29.120338
57 50.651897 56.595486 80.99439 91.52134 85.76397 64.5938 68.95398 77.280846 66.72768 68.25232 58.569843 63.52401 83.55033 92.48674 44.58957 32.606667 74.827225
58 69.97444 16.971642 25.819635 44.9587 65.063515 78.50989 86.55397 22.210873 95.89256 7.6898456 94.46764 31.691616 9.375132 17.649424 93.44222 8.053911 91.08971
59 85.36937 2.089876 42.650127 6.032443 39.56744 82.76908 97.86943 49.545807 88.42032 89.05901 34.234123 25.005114 96.70902 32.056213 73.0604 67.060455 39.108963
60 11.383981 56.468105 58.99294 35.269188 70.1999 97.42783 89.21056 31.503891 16.564953 23.351347 95.80331 22.122442 32.1789 78.2625 26.684809 84.73414 78.631996
61 39.444775 15.016186 42.674953 39.9763 36.07365 30.746925 13.722897 76.64766 98.94526 16.19063 77.51584 41.700768 74.0588 70.11515 9.892517 47.145374 58.3611
62 85.96454 26.388752 1.1466026 56.094475 27.20517 30.293686 40.291893 59.390957 89.621956 24.274343 93.41083 60.32864 36.469086 65.19338 62.003273 44.72165 29.049915
63 86.26889 28.689552 74.381294 20.47311 91.36365 89.81058 66.198555 43.47956 25.463688 96.004715 37.710434 40.391922 21.144802 8.962589 32.18564 42.003708 11.174506
64 91.3662 16.87646 66.75757 25.8142 27.0694 78.92042 47.585957 73.639885 70.75319 20.238781 93.58616 45.87324 90.53225 79.282394 1.1239111 15.701556 47.302647
65 20.044333 64.41573 0.57278275 44.070976 21.631897 21.101719 61.999863 34.22163 51.918213 52.323605 74.328735 45.852478 1.2393832 39.465057 61.861473 20.194006 4.4427814
66 37.652035 88.63702 75.039314 67.31369 37.57392 63.32637 52.43122 94.81194 56.955837 64.678795 46.019585 59.750908 87.43663 92.655525 94.02042 50.473625 54.59605
67 44.014145 74.14514 51.46389 62.900894 6.1801553 16.85239 81.22357 54.43857 62.59418 21.496958 84.5156 23.075502 29.498137 89.165565 31.39016 83.27722 66.77888
68 88.01268 51.267952 85.97884 62.79258 17.621141 47.549927 19.885523 19.129604 3.252846 25.370842 4.258132 10.442096 7.8285217 83.63991 14.011836 66.452774 17.148638
69 91.65461 26.795923 88.11184 14.368952 92.38325 18.167519 32.902573 84.26559 58.85222 80.118 71.159 61.619305 19.62064 1.71808 56.908302 85.43379 64.56592
70 31.739538 74.45582 30.05674 26.44065 71.57231 12.273418 33.03688 98.0062 3.9340794 95.62788 19.228977 12.9279375 6.6746116 41.00066 61.818123 72.769516 90.88234
71 11.2248 18.203718 6.899208 24.54087 78.22968 15.753757 79.28402 94.755844 88.485214 37.06482 11.172258 37.238415 68.13047 3.3597708 34.54129 37.012627 64.127106
72 78.90154 73.71462 21.495687 53.677994 8.739847 25.345087 20.030415 45.989506 60.74121 56.443745 23.037487 72.9406 13.748747 10.546464 11.174738 13.370782 24.004555
73 30.501675 38.776756 9.846497 7.8365564 7.5978875 96.497665 27.55338 10.3168125 18.502867 72.15402 28.35003 36.45581 39.247353 4.4851303 15.274488 16.886646 37.55457
74 36.70084 65.501045 66.35486 57.306557 31.618618 54.796497 87.1688 70.774994 90.81365 71.128136 26.647234 92.165825 10.989648 76.750725 37.155403 9.585279 22.759665
75 59.678226 18.2382 99.09129 52.80304 90.072395 65.39458 64.227066 69.096504 83.21222 71.006065 85.32865 51.327747 57.114445 45.714153 35.758095 41.97263 43.638325
76 68.07726 5.6506157 96.70164 71.42218 55.63182 79.20447 61.185497 36.971725 49.60053 8.22379 51.969147 36.67029 50.562542 64.59834 35.409725 62.74144 54.61712
77 97.53378 55.828648 5.908525 54.187225 60.306255 13.667708 37.621994 58.940113 56.595844 89.788704 16.531473 98.72625 21.353596 32.900166 23.949783 19.397509 36.791294
78 4.780364 48.28279 15.364838 64.37676 20.404308 20.990902 40.360115 80.40872 36.745 39.12348 44.706482 50.385296 70.94255 69.65933 37.16669 88.33172 53.31517
79 16.938555 9.884399 76.69188 7.484722 89.84132 82.87508 83.30365 64.42829 43.825745 70.83989 0.16915798 51.831966 3.5639346 89.7097 47.81294 98.56087 24.10469
80 57.280457 75.41797 76.78066 96.95266 94.641945 34.880703 93.24351 97.204346 59.959454 93.48219 85.019806 39.255077 89.73153 59.895992 73.61472 22.231018 45.172752
81 49.42165 61.615585 8.164585 62.173374 82.13192 95.99391 62.28893 45.74711 50.35472 76.72184 67.26028 86.435745 75.689514 14.802086 93.51972 73.29861 99.508545
82 73.06537 3.5859406 41.441982 71.354164 90.63093 96.34689 91.16853 56.36537 58.790283 61.223392 9.4394865 23.213022 94.85895 34.55565 85.19792 78.16907 40.405567
83 0.17217398 50.016056 16.869848 81.93592 91.60811 70.38097 93.85723 72.8653 68.92988 32.665073 89.70713 94.30431 12.988621 75.441345 47.90941 74.22113 3.8742125
84 54.367382 77.883644 36.8995 98.39307 54.504425 78.65325 50.82173 58.880116 64.849205 39.61877 8.267766 98.22086 85.29227 63.24593 5.6940794 24.562073 71.49183
85 29.803299 3.5639107 95.097855 26.647144 69.849045 57.52664 18.114042 98.3101 17.089642 11.038142 93.05266 24.693346 6.4409375 80.58473 11.926204 28.983295 41.352695
86 8.094197 94.48884 76.5758 45.261227 86.9232 21.989996 72.61335 6.7759037 25.598644 18.239445 83.46806 32.05806 11.422229 95.55972 52.701645 93.80526 89.84377
87 0.76037645 50.421078 60.109364 27.456665 21.621174 34.777176 51.827366 70.4142 26.91332 19.628006 0.4153192 16.419882 37.424763 76.17529 3.6658883 59.17998 56.808502
88 55.809338 31.509716 37.858044 19.672573 2.6574314 52.854122 80.73665 50.82228 37.67649 5.01408 98.63099 29.905886 90.87896 35.12943 87.83529 46.17387 47.810833
89 16.358847 99.30097 30.221706 63.15332 96.70897 26.693361 5.340135 94.79915 24.021875 43.860756 97.65384 81.527405 13.643969 66.54975 39.106995 46.095337 75.18528
90 34.947598 43.386166 61.874233 88.91354 75.424965 5.2003145 97.83212 50.887383 40.849983 86.42271 15.525568 76.906906 89.77037 97.20891 58.685516 39.547302 12.89894
91 40.421146 65.9084 88.556435 69.5377 67.90668 78.89841 84.16558 52.24605 47.103573 80.715836 24.6221 52.172916 76.10042 12.698973 25.55496 73.56542 29.990047
92 6.333959 69.49129 19.13616 6.7745028 62.603115 81.63119 89.87692 48.157875 90.56312 53.34603 66.77196 90.57303 17.469341 61.094563 47.473263 1.3113141 32.1131
93 56.663177 29.701965 40.55462 62.678158 8.758677 72.84373 74.65353 0.9182215 87.75128 39.38458 31.674654 10.437191 19.333626 54.52218 14.884651 32.00988 11.391145
94 13.083988 71.594025 70.96699 36.646717 71.94762 97.106926 7.5002375 44.63533 59.213512 50.18337 61.201347 76.08446 0.7102132 76.49964 6.1723766 64.43529 53.865795
95 9.485942 26.640135 69.465454 68.966385 18.334044 18.23858 91.00285 90.315315 45.92208 34.121193 33.604557 13.341165 65.23001 94.019714 20.676332 28.3759 42.162525
96 78.532005 6.5045176 84.29668 31.513632 19.615227 82.549614 73.7191 27.367533 34.860683 78.41188 80.73039 11.1166115 90.07467 84.235886 98.60645 81.3833 78.48967
97 68.90007 51.47721 47.66572 81.14786 93.87612 74.96164 31.00649 91.264565 65.69308 87.42443 43.24222 4.382533 77.86548 28.306072 34.572517 68.62426 46.118893
98 42.10879 75.74856 67.15447 76.75914 36.8042 14.892483 43.957573 47.88301 60.950233 53.901352 49.156624 55.432583 93.51225 79.95846 50.35552 42.277634 69.68663
99 63.577015 49.940117 7.809162 21.89706 65.85603 47.057056 89.99334 71.10954 49.568104 58.2914 31.331617 84.789185 46.96791 48.140293 27.37549 25.86066 32.765728
100 43.54639 11.842007 55.157024 84.8216 4.3898764 39.268696 47.834057 84.3653 71.38351 75.64814 23.43654 28.828884 5.7753506 23.51824 27.639484 65.899956 2.204299
101 72.29267 0.6237626 39.684357 91.60394 41.748226 8.617008 96.73794 38.90155 48.90439 38.93473 79.33467 78.16541 81.211945 79.05351 29.13741 52.631092 64.999535
102 32.56053 0.19986033 39.565277 23.310883 11.536783 95.034065 30.14521 75.21417 79.89244 70.722466 6.4468203 25.804287 75.792946 38.44403 54.311718 76.68702 85.5649
103 94.33985 79.43102 77.7824 74.88824 62.696373 50.634216 77.67535 55.761974 14.619571 89.35758 79.15176 6.3362956 2.6670277 6.905574 94.47491 93.455086 50.56717
104 74.789116 29.682219 29.437239 78.76736 0.56793094 24.828 31.588036 73.010345 88.74434 86.59082 28.084946 1.6481161 48.919044 77.742355 51.697563 15.483027 91.25526
105 64.18843 94.31421 74.41143 30.996101 62.006355 23.055565 11.177111 32.096966 4.291147 22.01947 82.580215 16.784615 48.674828 63.141624 61.29974 78.91779 41.8988
106 92.56212 71.157005 79.34141 26.412666 64.102325 69.5679 0.0013649464 27.069044 54.39331 82.81063 58.487026 62.821915 51.82631 22.591978 68.02105 40.96612 47.35472
107 71.56161 90.91445 69.74114 44.361748 56.544525 11.401093 61.739204 98.979416 12.293959 20.877254 45.994385 54.625614 26.779716 3.2778978 94.18597 24.900549 98.00326
108 58.061825 37.180023 38.701748 88.96377 44.558437 76.082954 98.3855 53.897713 54.814774 8.828372 25.497353 7.796031 67.202065 13.6148815 15.048307 0.30118227 33.587784
109 76.61999 76.125175 32.544964 56.605633 78.51102 67.9535 64.76391 7.2788954 75.344986 12.101483 17.39279 67.85084 20.29732 65.60932 77.86902 0.09034276 76.89697
110 20.297325 18.977135 89.57671 8.499062 70.75893 86.92963 94.58968 86.83339 89.55338 73.53746 91.3688 21.679258 11.412704 87.10357 1.8521905 58.897514 58.966415
111 41.718716 75.81081 42.87401 17.225695 0.40978193 75.87908 67.385445 61.077793 10.354048 44.723213 4.286784 64.10868 29.712332 70.927246 68.35482 24.542433 57.443035
112 80.617256 48.02932 67.87199 76.94518 70.952995 62.410217 60.32901 19.061392 39.021675 34.24762 53.73601 42.68283 4.06332 44.16359 93.10003 45.082657 45.093452
113 33.147377 42.702938 17.618912 91.68479 86.45618 15.142954 94.361885 88.802704 83.23385 38.06879 35.596943 72.10168 61.041786 34.07122 99.4258 16.985815 84.50706
114 65.765625 82.54438 81.08098 41.669525 57.486786 25.733751 27.68979 22.403902 20.758486 45.993317 68.49394 70.367424 7.8932643 61.217754 82.48464 85.95464 98.38201
115 45.8279 79.15953 93.21654 89.3716 98.08005 65.799675 51.921906 44.286793 8.480989 28.57709 88.018585 33.877636 10.720688 36.843365 55.616165 39.575584 34.009136
116 59.78171 12.998223 39.493923 91.18743 39.295326 58.632557 48.744858 58.307415 76.24717 3.0446768 75.56543 76.68471 56.71299 53.929363 97.20709 31.18242 7.577819
117 27.985275 70.3716 92.44787 27.474367 19.469696 12.454546 15.083843 79.672226 5.997169 15.835071 37.68354 62.08216 43.073315 58.335262 59.002106 29.107534 34.501534
118 20.739609 62.296486 37.78352 93.17655 15.447408 17.371447 22.68529 60.74782 19.027811 17.767733 80.713585 2.8739214 12.317914 64.77511 17.395555 64.78409 92.97166
119 16.818493 84.1497 67.915955 91.81691 3.831029 23.497778 68.62261 2.3566484 3.388673 52.967464 33.263336 5.169195 75.84369 13.983077 17.14809 20.292902 16.978539
120 9.018332 57.34853 61.959576 61.63967 57.374214 98.679504 63.864338 33.546467 39.902466 98.371475 28.68858 3.461653 37.635784 86.08439 73.54961 78.925385 24.489695
121 62.757076 60.72071 87.87731 64.90865 82.95805 39.19612 40.114807 22.54492 92.32773 72.87716 4.367119 73.84895 53.618233 92.30133 44.82525 72.94365 43.795128
122 2.4602354 34.586422 52.543575 0.5291462 84.452736 40.295982 5.216861 31.851028 95.15697 33.254898 44.290257 28.257048 50.00121 78.67681 32.54361 65.438 49.054337
123 33.2079 16.971869 99.17285 7.3894024 8.159149 60.813515 5.7062984 84.90888 44.351692 0.32103658 42.8554 88.030045 76.56096 18.010235 13.714319 71.84856 19.096338
124 50.062416 28.51259 94.22638 77.214935 80.92091 36.1056 26.844776 25.297176 9.736485 47.72542 78.34972 5.778593 52.05556 97.796165 23.577898 1.817739 5.9500875
125 83.43377 4.336709 50.979626 18.664158 32.13187 91.72946 71.534134 30.865442 60.32062 99.541664 12.329399 7.8681526 81.02602 61.26957 51.9328 36.930542 81.6149
126 30.076778 23.481863 37.177105 40.26355 7.9681993 34.410713 93.17052 57.821392 35.99596 61.18486 48.03988 8.4585905 86.14408 99.968994 29.800737 23.99941 44.025356
127 36.665215 1.5839279 22.078186 92.57526 1.1980474 28.489006 23.950184 35.016674 98.80858 10.324973 23.495674 91.530235 68.2844 99.28547 12.036282 80.89666 26.63954
128 77.38332 14.213026 45.039207 90.226166 22.055317 86.34458 81.6091 52.377003 15.6220255 91.19212 34.8096 81.52659 20.190811 20.517605 26.39315 35.734398 23.125912
129 50.660927 32.600582 69.34155 77.44552 5.816376 75.71451 5.153781 98.56947 70.811104 74.40626 26.389563 4.9249887 49.84114 10.263663 92.30755 90.27548 52.47951
130 20.457489 30.889278 14.58469 3.824687 21.658022 12.470734 86.1452 5.2067575 37.83725 56.37192 58.027237 6.5261126 25.832426 85.26175 68.14469 14.991814 25.414871
131 81.42297 44.957508 39.4914 64.57523 47.76869 74.66103 19.61236 11.839467 62.23937 64.34543 85.81025 23.264725 85.2229 36.79584 47.556507 96.492966 29.34568
132 93.162964 72.486916 33.58329 93.151245 80.542496 47.41212 70.588615 53.89469 92.502914 55.156296 48.834686 89.332664 15.797413 45.985847 51.01059 78.68474 58.953644
133 73.114395 76.46185 13.904583 65.28466 25.474787 83.0258 24.358362 20.295418 62.49604 27.460987 91.60881 21.726883 2.6893854 19.658983 62.20382 38.900208 65.9206
134 95.60982 81.43652 59.974705 26.62707 65.30741 91.56282 13.658351 18.04002 10.775888 5.826169 72.31055 84.62172 79.081665 72.05529 51.821827 18.161535 20.043219
135 34.087776 39.771606 21.845167 69.393974 38.663612 15.845406 23.481035 37.993443 92.87161 0.09088516 34.112274 75.4761 71.17596 37.123066 9.450859 73.20007 90.2688
136 23.733837 89.74238 23.793434 98.57054 28.45893 47.419594 81.84235 69.5259 63.5122 72.65529 67.732635 93.62928 20.177858 43.91935 21.317642 53.37506 0.3855884
137 15.931016 67.47473 53.40182 90.9727 70.83939 76.82912 0.62577724 68.31505 12.738162 43.62649 67.09738 63.901287 91.21345 12.147969 72.93409 4.4120846 49.836647
138 42.9671 44.564583 90.38782 51.460945 52.09726 1.5592039 37.13013 7.786208 87.57833 15.725708 50.649704 67.661064 38.77703 51.437332 94.874725 11.54297 39.660748
139 14.164585 57.662212 80.801575 16.14793 3.047055 90.162315 95.30206 3.499025 26.52368 63.589825 93.93272 88.31338 11.309874 10.336596 66.2452 3.3246756 23.448515
140 32.554497 32.769783 65.687874 55.164295 24.855305 13.277692 21.23431 87.52432 61.677475 90.52617 60.211723 61.471344 1.289016 8.890331 52.85709 18.981802 3.5227478
141 27.622158 15.870136 72.55376 7.42774 94.95734 40.1249 30.906122 67.38656 97.402695 63.997223 27.940893 65.26975 26.582224 70.2841 42.265182 54.318855 60.11101
142 74.19324 47.78567 14.171147 72.02936 88.19775 39.280087 11.328936 29.10303 31.155926 37.93957 35.063465 31.329727 55.02242 3.4931362 73.91901 65.65074 5.324435
143 84.81614 85.40057 41.325146 0.5039573 98.34527 2.9057026 1.6712606 0.9572327 71.9431 95.375114 80.71598 58.42145 65.15725 11.431026 23.331196 59.112637 29.49751
144 79.94839 75.10328 45.119114 4.1157904 21.13071 92.71464 64.97375 23.138206 28.366835 29.06689 39.600723 6.197703 82.61913 19.606007 59.056694 99.09396 43.0919
145 79.99698 50.321587 57.92256 44.766735 20.927513 80.06433 28.735697 13.449007 76.697136 8.597976 62.405945 59.686745 21.484167 73.4946 37.75529 25.80551 34.703056
146 11.464369 7.392746 65.91507 56.40754 84.585915 62.593277 31.71605 9.81155 47.84371 63.78178 0.9579599 33.05287 16.779268 49.902107 18.227894 61.49038 81.056274
147 16.610163 56.199062 98.0922 77.599625 3.6013424 50.417686 48.64026 27.977818 14.547836 2.0983696 34.159775 52.70654 88.475494 85.23489 11.606115 70.567825 73.65969
148 79.68235 79.64385 45.837044 19.284868 87.85617 46.385498 59.02381 86.52473 75.515785 25.08282 97.460976 0.004351139 17.008793 69.657745 17.477787 68.75886 71.66224
149 90.11132 48.192 29.074425 84.10019 6.5583887 42.93636 21.569818 89.581535 26.015728 44.34508 53.44343 32.494503 7.049048 96.075645 1.179719 27.47904 20.696354
150 92.50365 36.69953 27.906042 11.283702 18.537813 63.78297 24.3129 5.1972866 57.557686 4.735297 98.63338 39.54823 75.53595 98.16409 70.481834 73.95279 64.39642
151 46.1575 15.236735 78.150764 14.859146 67.182144 25.157434 34.512585 7.2869062 74.04923 53.265236 69.06614 53.77992 54.03541 93.29141 96.74681 92.94258 0.7107556
152 39.769547 88.18863 53.901165 49.552162 61.519615 96.39425 43.383537 37.650364 44.58918 14.72289 20.64007 22.710144 91.500916 23.306286 62.912758 9.365887 40.782833
153 52.54367 68.83147 88.169655 21.670681 90.85188 29.880322 61.351913 25.073933 63.280956 28.84342 21.812057 33.954853 39.687336 8.380347 50.287556 58.81249 10.437637
154 28.632809 78.107414 0.68199635 16.457844 87.622795 27.50395 62.70822 94.02279 76.32897 31.59238 38.74716 5.9862432 47.445286 65.60027 74.46895 75.984406 85.21855
155 98.8211 63.022865 24.117352 17.277395 32.471573 57.481926 58.151157 28.414953 96.85899 49.078785 97.624916 42.84282 87.03127 30.805075 76.44349 84.03072 59.721684
156 86.46319 67.451225 99.982285 56.555717 75.98847 17.790354 33.33167 65.11774 28.115618 52.037872 98.20286 56.847595 64.625824 49.488384 4.1364136 20.436525 18.921692
157 98.61927 97.90674 33.30977 42.0393 74.666306 9.635335 19.129097 16.987211 32.08905 24.725706 33.540417 97.13007 92.06803 18.83806 6.462306 4.900372 83.412445
158 1.9845068 70.20498 46.180832 43.543804 9.018696 87.0832 25.067049 42.54639 38.039577 96.709915 59.275436 78.43935 92.813286 65.91294 63.14572 34.44198 99.086914
159 97.59795 62.004723 50.49892 83.034004 38.596386 46.6749 60.942513 70.00564 90.60364 52.256554 89.949 56.79989 38.0656 22.177368 86.25352 55.90133 47.953213
160 82.14186 61.104733 7.243955 99.73248 23.34193 69.14937 5.236226 70.76153 68.48755 24.142689 25.841677 29.407936 45.32481 61.19446 41.780464 92.274055 11.830932
161 68.60857 41.316242 45.251743 95.77918 96.995255 77.09179 43.22087 23.47927 75.77985 52.110626 17.889648 1.9128025 99.86259 37.82837 85.69473 82.951996 97.17875
162 28.577316 51.290848 14.690047 14.252138 82.92224 10.734081 74.001915 7.3319793 28.321135 31.08154 66.236084 54.9641 4.4885397 99.18721 76.41582 0.2991259 63.541042
163 16.676777 4.567373 32.321423 3.3182561 65.45259 22.923672 51.542862 82.75198 68.94516 50.963993 72.40923 4.899907 39.335453 65.79951 59.38935 80.92778 86.07798
164 99.615776 1.9464195 35.13833 92.52992 36.11607 13.628512 31.891489 66.91617 6.6156445 8.473521 6.286216 83.130585 20.11916 12.729179 44.689594 33.19577 95.93985
165 18.279474 73.07694 74.09712 21.816523 65.69528 81.72167 20.004517 43.746346 56.852882 6.6445293 79.7398 28.63003 69.76481 40.557236 87.199066 89.138885 69.631996
166 99.539734 8.063525 47.838818 50.954037 93.65687 13.614666 59.485764 84.4406 58.998375 96.20236 35.544975 90.87547 0.6243825 10.605818 91.448685 91.23547 67.591125
167 81.196205 97.022156 40.308594 56.15261 31.788843 75.06851 99.654366 90.48129 9.005708 97.56169 37.678276 13.484937 61.81392 47.571095 10.34156 86.74009 60.931038
168 86.309265 8.896607 28.000229 38.576538 15.997845 2.1415353 38.516235 68.49478 2.0894706 23.949587 98.4389 0.48505068 93.331985 93.98947 46.329678 95.36858 99.84437
169 25.160915 44.322865 53.23333 91.48302 87.69059 51.356613 88.067795 9.06595 22.240936 47.282482 18.9843 26.308132 35.768654 36.295933 35.90796 11.481505 70.02956
170 1.2885869 64.95224 54.79091 7.1771264 25.254513 35.111404 4.2546806 6.267661 62.198036 8.078957 82.5638 42.905014 50.06183 21.97172 97.09391 28.782547 60.556114
171 57.830597 51.152653 3.3723295 75.5217 25.62862 76.913956 34.148346 43.259533 90.09932 38.63751 9.998745 79.33181 92.27495 62.07498 23.183567 39.468838 41.775673
172 84.865746 74.442116 63.749176 49.512394 59.72765 2.5732756 4.069054 77.7649 82.919685 90.74182 35.552628 12.091702 34.421616 76.45463 78.0128 10.052175 62.23241
173 37.965157 28.450657 78.4181 93.88862 26.97987 19.04009 41.878967 25.561857 3.9434612 57.806034 30.971783 98.790375 28.671926 98.554184 69.174675 91.97469 94.297676
174 91.39589 33.188038 7.225317 27.813446 30.843163 96.09469 41.057865 35.19149 91.89899 10.361224 71.917175 45.16092 99.371925 11.848169 49.76707 13.113475 36.899197
175 12.78103 18.26226 27.951223 71.52941 31.955814 62.637943 20.477873 50.41705 85.579346 44.791203 85.46885 48.00123 28.659803 38.52703 91.947 86.32901 11.6602955
176 4.104954 91.36778 75.8478 62.415314 72.61604 23.116446 88.50641 51.605694 41.973495 25.49271 65.40339 79.225006 1.1044025 60.567726 15.103978 77.592705 95.0399
177 58.120174 90.27155 57.03476 57.831276 40.281002 55.150444 87.12988 73.45102 50.34094 16.977697 68.49109 67.00998 30.014055 84.441246 86.81252 83.7403 55.730675
178 6.249446 77.067825 24.32384 0.49191713 4.70621 56.31751 79.41671 60.506832 51.43103 98.90135 39.824017 10.114646 85.12259 38.502747 61.968155 92.04537 71.197556
179 43.630962 90.38632 38.37934 78.46655 52.74527 93.3662 58.93182 53.520702 94.12303 56.925373 44.325478 15.543943 95.54729 22.663254 59.646744 55.747128 97.164276
180 2.1308005 58.051117 91.01354 74.95838 73.90182 11.536848 1.6862571 15.042037 78.181786 35.71071 41.314102 23.506939 90.30981 6.898272 80.764206 31.385904 40.71242
181 21.393602 81.128716 48.103436 80.63443 98.799805 46.585762 13.727635 85.24193 62.895477 8.667988 4.7723827 67.471245 55.699287 32.65652 9.942842 15.350145 22.633457
182 12.02591 31.089842 94.57391 0.9573102 51.55232 96.07028 98.06997 9.818679 8.960337 29.847319 10.383928 71.028175 20.483482 98.96151 61.28521 35.488533 30.672152
183 73.73293 8.3987055 84.40879 60.98632 88.79563 40.36313 58.11402 16.50532 92.71486 71.500206 12.351942 53.384666 73.70103 86.81799 44.236 20.96237 13.33189
184 36.995117 81.901184 87.69917 31.55791 10.4929085 15.947276 47.02767 42.240273 71.87169 21.980465 41.842598 82.512474 38.563793 95.02586 10.513443 25.135624 23.6571
185 84.07219 35.223995 39.815773 39.610725 82.13803 8.99111 66.56326 91.263145 30.443388 51.295357 76.30707 79.068344 28.767925 15.843314 66.149704 42.337013 84.93036
186 96.10903 9.19373 43.558334 69.39396 45.069496 12.4328375 88.887764 83.96788 61.614662 36.736656 95.923454 81.920395 35.70067 76.73748 21.338028 48.850037 92.20936
187 57.032307 0.22393465 35.485764 86.02652 66.437965 92.654396 24.135292 10.965091 61.289345 86.52361 66.5082 27.310938 29.468525 38.83883 91.65933 47.992455 21.830051
188 8.984364 96.1909 64.26935 50.087093 19.817358 74.794975 27.55997 88.50363 87.60402 65.6992 25.304144 39.667503 65.64121 93.39922 12.873405 66.280525 13.874161
189 18.834274 59.342106 5.689645 16.919464 16.313244 77.8297 71.504036 43.70079 6.2663374 88.09029 77.11664 55.53118 85.33196 73.59515 54.607346 97.12205 20.25395
190 72.62457 74.99269 31.91889 52.23568 84.51793 33.061363 33.67385 94.263954 81.44781 43.36479 8.644241 78.77683 22.66965 99.90049 74.69543 18.020046 53.50187
191 97.52584 56.390495 98.44092 93.22154 60.38081 99.43327 25.24628 34.090923 4.09649 58.225433 28.351414 73.895355 2.156943 50.49361 8.7348995 24.270714 80.6075
192 0.6922543 49.863983 90.8896 22.82095 46.009487 5.3563714 24.981207 91.013725 56.174774 47.19658 40.96679 22.728802 10.830349 72.242714 76.047874 17.965681 89.987366
193 4.867327 4.7974167 20.74672 7.108265 44.613426 87.14928 12.683958 57.768734 16.763145 20.191813 65.88198 65.84627 25.576704 32.94644 58.926373 94.01274 52.33774
194 35.51087 98.71961 95.290825 8.726817 37.792103 38.807243 30.948341 58.738472 43.332066 63.168613 69.491844 75.47193 6.7855597 55.122726 28.484423 51.58717 2.357012
195 81.228134 80.91985 40.764774 69.41154 47.355682 40.56461 61.691093 91.582466 81.31636 74.72167 43.271954 89.59918 36.678062 91.030594 60.13563 4.9162445 14.161664
196 69.01204 89.00599 61.759766 49.038322 82.9718 80.01146 86.70517 99.33765 5.540353 61.057358 56.20961 94.815926 19.542826 89.45435 29.051994 20.230865 68.13767
197 2.3021817 99.35724 28.544586 71.35926 47.72695 0.33369064 25.561941 52.541016 62.824406 74.13129 72.850235 85.83613 93.74721 50.99326 1.5377164 70.50804 79.279755
198 4.3487787 67.01948 97.21239 74.769325 47.462856 50.2944 23.576736 19.54177 43.07053 92.508705 62.508507 21.848625 17.985785 47.498386 87.39118 82.708755 19.46342
199 35.223484 18.293392 18.27259 55.140167 54.80372 6.2057376 91.91365 11.286908 67.542625 25.890553 87.316086 9.027517 31.32196 8.9966 55.3671 0.84361434 71.830505
200 48.532433 46.479637 22.374147 22.342508 23.550838 99.67727 41.081738 81.57617 82.9758 36.795307 4.203862 3.2482147 82.96964 98.72838 5.5094776 86.31682 50.219788
201 37.83555 12.275434 21.903288 90.213844 31.262922 20.679457 32.148296 35.222363 21.736263 16.138405 13.747573 30.63609 0.8011997 83.22369 50.89423 53.889668 82.84585
202 42.446114 60.41314 99.885574 42.64469 44.7674 67.90045 17.116625 3.5381734 62.0748 24.886328 45.137638 24.448336 7.522559 70.94054 56.286346 81.27774 64.63298
203 24.070293 1.291889 19.210005 10.959679 70.86307 72.3894 47.20155 80.10532 93.060265 40.598846 92.51366 5.679125 48.38046 71.80315 52.282513 49.660362 54.525585
204 44.11674 99.47605 4.45078 60.794163 55.77538 83.56546 18.061823 31.299824 46.466244 31.085104 72.363625 77.470085 37.784935 0.0172019 18.658054 30.612099 1.5425026
205 84.4813 68.124405 23.523003 73.20645 45.208138 48.58464 84.349945 66.16015 57.221783 76.76717 37.438057 99.08485 2.3436308 86.60011 51.325966 1.0484099 81.68017
206 80.38334 90.252014 98.32937 6.0890017 88.885086 74.72763 44.179855 22.473223 97.95418 71.43652 22.265697 15.183008 9.170013 40.761536 20.107681 57.168983 87.96584
207 19.770098 28.238625 80.01029 28.717232 2.960509 10.802853 48.519093 48.20915 66.25509 14.836847 10.10412 48.967873 20.704037 28.42393 95.0714 66.014305 60.530464
208 66.31496 57.976444 95.074486 10.209346 98.5186 16.257317 69.14351 72.25076 49.917084 87.72331 2.0753503 21.582777 83.34755 87.91132 2.6615977 94.54603 45.060204
209 89.52917 7.1266594 36.477764 49.337612 94.66886 10.32806 27.947157 21.714138 34.494408 50.99379 27.488142 10.112577 6.801522 30.401022 90.05562 26.819212 38.13665
210 99.91317 32.61223 57.11637 20.787233 25.216675 78.75594 82.21149 15.466511 34.97134 75.95535 23.534853 25.276072 51.505207 14.9140415 45.279186 65.714714 20.307934
211 9.29544 14.0387535 67.10084 44.1269 4.273814 34.45307 20.588148 53.73457 58.21829 72.811844 95.594666 29.7598 87.65915 75.63735 26.358212 23.771631 31.236284
212 55.394554 57.716328 9.04305 93.607925 82.8165 7.1354923 45.640278 90.63629 16.065037 1.3470352 45.777405 68.20903 46.327446 74.36079 25.406963 89.7594 21.795767
213 19.611067 80.00746 33.18313 65.665436 5.843091 6.2630835 52.997337 56.265305 35.18548 38.157494 15.142423 30.19564 16.601044 83.83246 11.997533 82.97127 80.302826
214 47.865498 96.48391 20.771772 83.31507 38.434418 14.400381 95.18196 75.51375 77.75793 61.515606 78.016556 64.373314 21.390587 89.88987 92.28041 48.264843 13.129896
215 50.184364 58.89814 78.29501 49.748566 92.42033 86.99616 60.960327 47.343605 86.168655 82.24002 64.74115 9.205664 37.189304 66.08634 37.414368 15.730196 16.119164
216 45.93153 54.37253 38.551403 16.258514 98.2192 86.464264 23.877996 82.47445 83.859146 16.491604 70.60725 7.681924 7.1294603 22.00281 25.412762 53.54877 18.95851
217 36.704838 34.4274 89.581924 5.5563745 69.801674 85.7231 51.483315 60.290337 0.76850057 81.43467 32.821762 16.041834 33.235638 27.557056 51.17191 86.672714 25.331242
218 84.20049 73.75426 88.35704 62.38107 92.01343 71.41666 57.15596 81.46279 70.73827 61.983967 60.143055 33.95013 64.17384 43.33854 89.50527 2.65885 99.46462
219 37.161976 97.29145 3.135562 6.46978 20.462524 51.860165 55.43804 50.392956 13.539487 93.658226 32.679123 14.850813 89.91632 19.868725 77.69748 6.6592693 41.338436
220 5.895048 39.340157 62.91829 54.826294 61.848545 57.669388 27.139812 69.95443 48.498714 23.428844 27.411467 84.26384 27.905106 34.622032 65.705956 59.589237 76.62081
221 63.182205 94.780365 68.989685 35.44231 51.3738 75.571236 75.1172 39.746223 62.499016 33.052654 78.7636 63.1288 78.24032 48.221027 48.821926 98.04027 37.913166
222 75.79931 90.131035 88.13749 58.21001 75.57537 17.096556 54.980927 18.673307 5.72654 42.368008 27.354807 93.94456 91.32054 20.283163 74.83383 12.409764 44.269066
223 83.66019 72.25989 8.626145 42.755337 4.533643 21.594173 58.108234 50.532593 89.611305 39.303024 64.724655 68.03282 79.9065 77.21107 47.97272 8.0308075 71.82092
224 92.86637 17.433144 5.338973 69.87129 71.226425 50.248764 30.885155 45.54085 36.269154 12.821346 40.334248 33.973873 81.4015 6.1911583 52.50294 92.31422 7.7830734
225 14.682174 6.094682 57.623493 45.47112 6.098551 69.22235 36.0206 63.252956 58.59738 85.82406 80.79389 57.856594 71.700806 99.01027 48.895294 74.67127 86.9241
226 32.76897 80.88836 11.984986 85.173096 81.02181 17.860079 24.934309 14.20483 14.053607 34.100212 88.803635 8.664089 85.67775 30.897755 33.011402 8.9291935 5.561405
227 54.30755 85.145485 32.463867 26.888954 88.22186 0.8878827 54.626667 13.525808 48.872875 21.791862 74.80035 68.15462 3.6377907 33.89595 70.9451 75.152466 36.67542
228 70.395996 31.741566 92.48335 37.760853 49.426903 33.670765 95.38042 45.285957 90.87185 41.79413 62.434483 96.65165 55.521793 31.571365 9.800064 41.400898 76.41937
229 86.526596 31.048906 36.948235 50.46671 37.494354 24.78065 51.484535 62.048435 95.909874 77.03698 41.71951 67.27263 51.328438 75.02031 98.02533 64.2805 65.05488
230 28.313387 70.033485 62.798733 93.237206 56.016922 10.894126 84.64803 17.640966 6.81656 37.62881 30.282116 86.99944 34.36802 72.99928 27.678478 70.5672 74.52298
231 56.097378 96.16545 75.34149 12.3432045 24.765694 55.240803 64.22134 85.664215 43.630272 47.368385 51.82279 24.832838 82.92159 23.448997 23.250156 53.37746 21.649212
232 23.527067 77.13661 76.56167 25.65943 25.758488 3.8277626 20.367558 28.539585 0.23043752 71.613655 85.36638 58.443607 96.457664 65.15681 82.63167 14.221346 83.91038
233 40.267 83.37127 2.570355 12.448299 75.30097 52.894993 27.438051 36.79722 91.89268 42.056118 42.041885 68.02476 24.435223 66.1288 71.41416 51.230602 59.541058
234 29.49589 23.398859 87.30373 72.21364 23.369635 82.92518 96.61984 16.099703 78.46165 27.86247 82.02213 0.19299984 42.031258 84.8446 69.47674 5.779439 42.607582
235 25.469393 58.612705 75.113434 30.998474 72.876434 87.19769 79.971016 44.628887 76.839714 27.782839 54.32589 37.014652 23.451382 79.65101 34.240593 75.06067 69.80034
236 72.26386 80.76929 15.222555 51.659256 49.128944 92.15789 83.297935 65.292984 83.96419 21.63868 61.19049 5.6100726 88.85317 71.20194 13.452208 79.82827 90.45145
237 2.2488952 4.3536844 56.76036 72.97622 96.16481 76.82009 50.204224 52.504696 74.58642 3.523326 34.511036 56.90015 96.274666 20.024563 10.28961 29.419601 38.655697
238 3.9633512 57.77767 55.737938 33.685364 43.299805 59.37956 76.815735 3.9641201 12.507868 36.253483 0.87171793 63.030224 46.925552 16.962957 62.88646 38.35338 22.289478
239 49.729805 9.815979 14.413953 35.477043 39.69809 63.348408 1.8731058 71.87177 65.108696 42.97287 25.516802 89.34197 22.975111 22.788929 4.506034 54.926598 17.6363
240 62.370365 22.4115 20.865786 21.650904 50.67626 58.292072 6.069618 65.405624 52.1034 63.24375 68.52199 2.37391 53.988583 16.762173 76.065125 24.321747 7.9514623
241 14.10318 46.664246 83.37357 95.23455 7.58099 75.33386 4.4918003 54.52546 22.21223 60.70208 26.671093 4.5793533 67.91061 8.545298 98.39696 2.3004472 87.98641
242 17.952442 22.375124 67.85656 86.24605 45.048225 16.222937 14.019543 14.570009 12.954145 45.05822 58.437706 39.336395 69.9915 24.370157 10.208595 31.12713 42.69277
243 68.166695 80.2477 88.29366 39.209248 19.43416 6.9197235 44.468792 11.968416 93.99881 41.655807 64.10499 17.29244 61.84155 45.326042 72.52256 22.049135 93.992966
244 85.53801 29.50173 12.741619 0.8460641 42.4186 52.70193 96.787766 56.899868 59.49844 51.502632 36.69298 45.734154 64.810585 98.40852 89.540344 10.869503 22.05354
245 56.936245 2.432853 76.858696 3.53266 97.70089 31.509071 19.565826 45.524174 71.86124 51.763134 44.51424 6.707275 9.589505 27.543354 52.129143 94.4475 65.04144
246 41.253006 73.68662 9.118682 15.468401 78.96724 92.13812 29.511482 25.495768 46.50986 78.35429 82.94927 25.869482 14.661985 81.680504 11.331564 4.6314535 45.825012
247 90.2882 22.331774 26.026571 41.417522 93.22348 55.83043 44.58229 25.897385 24.191809 65.870735 67.66179 82.47673 84.18182 23.54802 96.11183 11.811275 33.54208
248 55.915688 78.95795 59.231735 16.914022 8.900529 1.8048882 61.04147 59.63694 31.122213 69.85598 85.191315 20.333195 32.22349 83.258804 76.982185 40.124287 49.71604
249 55.617775 83.624054 28.402412 27.3754 24.59941 91.34351 22.682112 44.87934 8.019954 10.6916065 55.49026 60.744755 88.88463 36.73207 24.538725 20.807058 70.59549
250 64.42194 58.895023 13.694888 38.822342 80.82987 89.166824 8.235306 42.01538 86.53247 94.80273 9.797239 58.716953 21.808369 17.75446 11.622465 40.003647 18.897892
251 95.526344 70.64519 90.672806 50.962173 94.95065 96.6678 7.104617 59.36829 83.08047 39.606983 4.8205194 73.019485 85.9028 86.48115 9.172278 72.67752 86.97777
252 21.567703 20.695894 37.184208 54.747665 57.471096 7.6271477 51.342644 52.590706 48.526527 84.88913 72.68708 43.48727 51.898247 57.327026 88.739845 10.503811 95.85716
253 88.6954 41.471004 54.575314 53.043736 93.32378 21.952904 26.989101 42.105442 78.73618 17.608356 0.55972934 1.0722339 21.828907 25.525034 71.06895 86.38973 73.38406
254 78.14569 19.770962 62.92268 23.386652 88.90526 14.588094 11.786116 48.31174 43.29396 8.315611 7.9386473 9.554052 90.16565 28.29817 10.521614 95.599625 35.229908
255 85.529175 82.45435 48.313175 86.475876 49.16545 67.36539 92.57441 34.247196 92.561516 21.181149 87.99146 77.856636 71.94434 31.298876 38.91449 98.593155 21.912884
256 80.993256 64.642105 64.89376 61.516266 92.362686 33.546047 80.05004 89.50821 33.590393 73.636856 13.379944 91.57563 20.519043 66.467476 11.1669655 90.291504 7.518858
257 22.64976 59.26103 89.95151 16.43529 94.87742 62.021767 23.34221 27.161533 60.260826 35.79932 11.185908 70.28519 57.84552 64.489296 33.15929 56.56126 92.084625
258 81.52606 62.94617 23.981321 59.253025 80.21561 90.02909 19.320763 54.629402 92.34081 84.43148 84.69302 14.843589 44.844948 24.286806 32.326378 16.018354 14.025336
259 12.140238 43.071114 15.963167 55.519264 36.80153 60.67172 12.255078 32.47481 71.19709 8.291656 9.930885 81.26751 31.158901 73.91117 7.8914223 8.10951 98.89559
260 83.84761 34.9713 66.62471 51.78535 59.652256 90.756516 18.215 41.194397 72.95874 76.25148 67.66849 66.65207 29.499596 71.831406 16.369247 62.611877 20.53628
261 28.80494 6.633115 3.2166123 34.49223 63.405014 91.65008 75.29614 69.83047 62.987465 56.359333 31.904537 92.42992 51.322144 11.976653 24.004597 36.20541 88.598206
262 69.06027 92.702896 17.862951 60.435886 65.723724 60.30889 77.92715 4.9128714 45.231827 77.33206 37.02395 36.301838 73.6577 1.5484512 74.41716 5.6139708 98.008415
263 11.98188 64.60892 30.702818 29.27847 97.88772 6.1150074 79.96625 5.862588 33.742565 17.06891 83.76825 39.81147 24.289083 66.91019 14.574039 62.269817 17.630404
264 37.952415 41.253376 82.37915 73.29586 30.044716 53.670265 24.807262 90.50285 14.842486 31.969065 60.29169 49.22638 31.454313 20.125181 38.127987 63.177036 74.5617
265 57.40384 42.931473 54.712425 30.707438 34.226345 55.35004 22.710382 53.571712 13.255626 99.3663 16.472404 59.018017 92.769356 10.621905 53.07138 53.873272 70.89131
266 90.611435 18.791336 66.24885 87.11245 1.9741356 94.32333 11.216343 95.678116 68.37056 0.38716197 34.389244 45.586117 28.039097 7.9631686 22.058958 68.6815 39.121098
267 23.174637 33.6819 83.01219 84.81879 89.20207 98.4673 8.400273 91.56942 39.895195 59.390205 28.07542 69.40306 55.74432 46.028404 60.009975 52.786457 71.663246
268 2.138865 77.90332 56.388515 47.015 88.85084 31.011885 33.744778 56.186287 72.82685 98.448906 9.720707 87.807014 97.857544 4.2353334 48.512913 42.748344 24.30333
269 49.133827 67.78018 5.962199 13.829017 51.817078 43.023155 91.003265 86.31351 60.6978 92.755424 44.971024 95.03378 7.0821705 49.11412 77.206406 57.66271 36.31367
270 6.6934586 79.26971 60.7872 25.17652 87.459496 23.720163 80.11348 77.76549 46.091442 22.533304 46.908398 77.85213 79.029655 45.461178 52.22196 60.850327 54.490448
271 17.407698 36.799072 82.981804 88.89273 50.413662 28.13602 97.15306 98.25501 8.893043 82.74688 65.180984 18.447315 40.415554 86.319145 22.95624 34.569912 32.9857
272 86.05991 80.339905 82.588615 33.13124 46.23058 50.285774 82.65816 97.205284 61.7678 13.9202 56.84551 66.456566 57.18336 99.956345 49.321903 90.277885 73.878716
273 80.546104 56.185658 52.55881 82.91864 11.968613 38.130558 34.51621 90.56076 10.720611 11.971492 20.33658 57.875736 94.72377 27.928257 86.331665 75.119705 9.42328
274 46.459526 22.291248 96.70403 31.259132 40.80512 97.83329 98.27426 10.896855 5.2709875 84.63393 97.25416 8.071793 32.274773 75.612625 29.984028 34.10577 97.42178
275 47.908806 89.102196 70.08563 27.12304 11.583334 44.963776 64.15031 9.78486 79.49583 44.60227 33.93028 93.24045 15.138966 55.022102 46.346027 8.268434 39.06253
276 87.52906 10.938841 92.723785 45.911568 63.491035 81.72886 11.52845 43.367123 5.5633903 1.134628 74.629684 32.058598 22.267319 55.42199 24.693954 7.7718554 97.1902
277 19.965178 76.98578 60.275013 60.36484 12.601519 50.3692 38.407547 61.019993 10.655403 87.012794 40.621956 44.381706 20.723516 52.086407 11.137515 66.110794 76.78977
278 67.983284 81.78305 25.914223 21.226114 31.418228 1.3009489 25.559425 42.096783 98.74073 60.503704 28.704184 79.0958 94.11933 21.672798 32.447178 7.3973536 87.625206
279 32.738537 29.184443 84.48807 22.951359 85.159454 7.166326 28.291887 16.399366 13.426447 88.09202 47.018105 45.255936 33.45636 48.220413 81.39912 41.741425 46.8324
280 97.94656 50.388454 81.87541 63.225735 74.782585 21.823215 31.969213 0.039571524 21.446138 2.6956856 90.68129 37.309753 98.612686 60.013687 44.88221 38.444977 9.211141
281 26.059515 72.75526 90.076454 65.37528 2.2961915 58.956017 84.00631 1.8109024 78.143295 92.178154 23.202627 60.967003 6.090331 54.596436 14.507133 40.636753 87.685555
282 71.41721 41.030132 87.15333 98.19408 4.7579646 35.252224 34.93894 16.3382 63.461964 93.08895 72.63092 92.50254 74.95416 43.37434 58.22382 29.907639 69.14463
283 75.46243 0.57346225 22.142225 51.535053 9.328169 76.211716 73.520935 63.49074 92.377174 1.7849267 70.24009 14.079243 20.166832 40.684544 97.289925 18.480986 94.73202
284 83.776085 43.410004 42.846317 64.84086 18.806458 71.721855 61.265434 93.23762 40.39596 82.5277 5.457526 93.0289 65.87946 65.426 86.65638 90.42021 14.091748
285 46.47823 98.32048 45.904247 91.0 31.591648 50.636368 87.950096 63.436924 36.298473 27.786392 39.760555 9.711277 64.26313 7.652873 3.5874367 22.258736 49.50056
286 3.6257029 81.56473 25.500238 40.61399 18.631481 75.49501 23.512602 67.35011 83.131096 9.274596 32.866604 61.222713 48.924454 40.749634 0.9925246 81.48672 48.00396
287 79.15334 88.69582 36.7783 95.82181 49.590874 75.032745 60.512226 18.153645 67.33228 55.7962 46.695007 33.78706 17.277813 74.547646 42.03577 6.6358566 13.518167
288 82.71465 12.790907 42.240055 21.381617 47.072887 11.15266 98.17986 11.010617 47.324413 89.48622 85.494484 23.923756 60.912598 92.44763 90.10127 39.089878 58.181816
289 70.90263 47.36768 34.976566 9.0635 39.351135 68.87013 41.35456 77.27832 54.796112 84.015656 37.175156 83.27844 52.04079 8.201658 76.73375 0.5676985 83.430984
290 47.706287 59.04641 98.4482 93.06817 65.25956 8.667069 8.527369 2.3043036 51.528954 19.143147 12.421721 98.50455 20.409506 52.341145 78.0167 39.055016 90.4488
291 62.67817 4.4515314 1.6375601 52.933174 69.89026 28.823925 6.9432554 7.649219 77.68546 46.642292 96.113716 70.21062 89.11358 63.547386 79.961044 96.76617 8.692288
292 27.097004 65.91043 11.101723 22.530777 47.835583 69.9362 60.40303 82.468346 60.896717 0.6340623 25.604856 80.49263 69.514534 59.91732 3.2251477 22.625101 55.61601
293 96.37906 92.34373 4.582411 9.759688 12.678128 23.967903 57.670242 81.76787 14.746499 73.030945 95.688644 57.223797 78.35576 84.85283 20.579594 35.388214 35.608475
294 18.779474 74.89922 96.91075 71.03779 79.19103 97.03047 69.911285 92.818245 36.980976 94.76148 9.589577 70.538925 88.3635 4.1477976 17.554087 26.304173 99.44243
295 13.472205 24.671448 32.659107 17.903196 71.9461 16.618973 18.848991 22.570251 55.206375 79.72673 58.890255 29.063505 55.607784 10.44017 11.343831 78.61388 6.0626087
296 53.1977 84.83991 37.043465 28.319853 86.14134 6.4202666 3.3280492 36.99808 53.36675 95.56584 29.94966 91.59845 76.93771 77.10131 49.88627 2.645135 66.268585
297 65.56617 73.61031 92.86255 60.407684 94.47612 1.4749527 38.04631 87.989006 51.34574 6.5169992 58.47523 46.975285 76.39103 95.72095 64.11402 92.6716 35.27991
298 96.45476 34.55289 67.7861 37.763153 32.952423 17.01578 16.557741 30.922968 25.79127 77.54984 39.226048 92.36076 37.265934 36.70522 70.51401 11.958903 95.93122
299 51.957882 2.5232494 15.758199 14.470154 85.46381 28.755356 19.668377 93.10194 73.417145 11.190235 29.661148 4.199272 18.587744 79.85078 37.086178 37.421585 82.117
300 66.50469 8.911604 54.836887 96.24872 67.602715 91.94945 45.11134 43.57235 81.793526 44.21984 59.363724 8.077365 94.01982 65.08766 69.74827 51.693153 89.97648
301 16.034334 77.8403 80.16203 4.3569684 36.081184 52.615505 52.52158 95.64188 47.94856 37.95825 47.925686 25.075138 93.81587 4.491788 16.093672 12.8684225 11.657011
302 48.94159 7.7377915 79.577675 75.9872 61.632355 58.589012 23.073524 49.711143 86.05209 5.1378727 63.708508 78.65789 7.228464 57.264336 33.359898 67.18898 3.050369
303 78.19189 23.25166 94.64912 26.29289 6.6236315 15.148687 18.880695 8.1869545 50.77195 39.050262 97.84578 66.70398 35.85968 55.328674 84.70556 95.645546 62.44473
304 91.86743 89.4225 12.050968 44.808792 57.717663 82.81396 58.83289 29.173058 48.73991 61.54747 32.958324 18.492586 91.3234 17.1916 24.507713 52.180225 85.329636
305 14.297253 72.72732 48.7777 93.70792 94.571075 37.463665 31.095499 34.65709 82.31629 40.417747 25.766396 2.700448 74.06946 94.32881 91.894325 31.604212 89.18079
306 29.903389 61.2379 7.770747 32.208782 72.01708 10.1659775 4.703641 49.4773 56.969433 71.792595 83.56561 35.839497 21.464527 95.88611 51.984936 81.28208 8.180719
307 80.307945 92.4283 15.975321 0.5059421 7.140952 26.027225 75.028465 25.03444 90.89723 20.161486 26.661306 1.0952353 77.14475 44.87186 88.67453 4.82136 54.769302
308 39.861305 54.73494 85.54527 71.41132 40.077282 3.6349237 85.65455 72.219154 82.34085 18.703688 84.06093 40.085213 50.952427 81.11601 97.28504 69.43677 28.478437
309 57.9504 21.561426 94.20756 74.88388 4.294288 1.6086698 47.90323 28.767044 67.091576 35.635902 14.0860615 87.675705 78.20414 17.17875 28.850292 98.407745 74.55137
310 19.448715 92.95838 54.95009 86.251335 20.574385 5.591708 32.48165 99.27799 73.508705 29.782331 65.91052 69.944824 44.13416 72.49155 35.050797 45.01695 78.43916
311 11.256188 34.14847 6.739986 44.350338 20.916725 58.480297 7.669216 7.233119 65.06671 26.678038 9.812242 98.1288 79.72823 4.840225 78.000496 79.95101 23.882181
312 2.0124018 63.130867 95.154976 30.697203 49.937077 19.331186 26.415617 12.752038 60.84941 35.378475 33.766384 47.689354 12.341279 87.82471 63.181633 61.34457 38.812763
313 87.0625 95.01737 92.543205 4.718357 41.605408 9.905094 46.84834 99.69918 96.590805 65.031975 50.27442 72.83798 54.17528 67.21042 93.38273 19.810646 83.13423
314 99.27571 1.5708923 48.82646 7.462311 53.250385 89.40747 89.20499 96.77483 74.03768 11.499929 19.544518 90.32112 49.377346 35.890587 94.07673 79.739105 50.199043
315 59.931217 38.413918 69.420395 36.69121 4.8885527 85.984245 76.44159 82.27444 51.38604 89.58249 31.189335 14.702767 70.71236 88.26794 84.614685 41.74797 19.85541
316 47.008907 15.859074 80.94827 73.997215 37.75841 94.976654 87.88546 87.58669 57.8647 77.62303 16.114117 92.763664 10.751981 62.6901 11.489892 45.920486 19.592512
317 8.553505 63.077927 23.951918 36.235462 90.2896 97.477165 0.96627474 13.026035 58.150185 10.245067 23.931248 56.470387 78.80729 0.6843746 67.23784 0.1683712 65.25943
318 89.6573 17.130333 55.30123 21.50162 5.9829593 98.325905 94.54207 94.59151 78.572914 58.204376 37.930805 72.89467 48.554337 15.268058 64.46542 36.176224 49.565296
319 25.049036 12.410164 24.749744 3.0956805 30.482548 35.176086 82.83568 48.65964 27.49104 92.718925 60.17133 11.758673 67.96504 14.414347 48.11622 93.62512 39.629524
320 16.066206 37.18555 9.784306 48.903984 77.89504 25.10981 75.26239 2.5721073 42.920918 73.95985 25.081861 45.95267 16.038221 15.208453 13.374138 98.703766 87.28438
321 69.24659 73.4104 9.102863 61.395203 75.0735 66.078964 68.64655 6.846839 93.68587 44.35628 31.436985 87.39823 39.964993 16.226418 27.712376 67.92369 30.2787
322 74.960205 53.992878 93.37796 82.06445 61.89394 39.92084 88.445724 25.642609 37.632824 5.5571613 68.234856 53.53787 19.293808 24.548536 53.78204 37.5872 26.907635
323 35.410267 55.716587 45.823807 5.8910728 2.6956856 94.802895 29.098356 15.615379 24.878275 27.945255 68.99491 9.13105 39.500786 15.3436775 63.995213 65.2242 57.003654
324 10.65442 18.029415 61.89753 1.403141 57.11028 5.325103 17.374928 82.729065 93.537476 46.4424 39.670597 27.24784 94.06988 3.9871752 64.05115 46.695488 2.1752357
325 11.964994 66.32567 7.047391 55.500107 92.12646 92.35871 26.087791 4.20208 93.82283 65.612755 72.85848 87.123474 63.51567 26.549631 91.91811 71.686295 6.6534815
326 23.577988 32.50213 73.13288 31.442976 44.710304 23.7193 24.141811 52.21584 33.536766 18.749792 58.41784 3.5497427 30.444462 95.82764 32.154793 56.782585 79.680756
327 84.1178 29.930073 2.6129425 30.915964 6.266439 70.3 39.47042 77.99848 44.55666 38.880962 92.44277 31.777132 37.69864 69.838326 44.750683 33.912075 64.091736
328 71.342224 38.866867 26.793177 23.99897 36.628193 50.99658 94.8802 76.86587 3.8252234 47.19805 55.38364 45.703053 67.74993 36.161263 73.18997 63.054447 12.543047
329 69.633705 4.8367443 92.92303 21.533787 41.544514 89.25836 30.767769 40.313522 68.71019 25.612837 15.276051 69.99839 25.093884 38.98606 7.3249817 63.440235 56.236977
330 87.938225 24.95435 90.14818 36.79949 20.054668 10.178715 42.412384 1.0605097 15.800828 31.272322 31.144423 80.47999 61.53053 50.28869 84.8935 13.558936 70.49427
331 62.858307 28.056122 48.6205 88.7363 18.887402 97.22259 69.94446 20.017159 77.11569 19.71333 29.911465 21.073973 22.350395 51.530518 35.25082 22.919506 65.659935
332 68.126854 92.75086 44.330765 59.278137 49.578102 80.3093 75.59832 39.145325 70.00481 42.210285 20.971758 78.91613 21.551424 65.06741 20.579601 15.227061 97.08771
333 32.828873 2.0211816 20.684332 58.30377 78.28007 89.984215 39.361553 1.3404667 95.08719 82.35649 10.856581 38.912422 81.904015 63.160057 39.72963 73.48073 99.52658
334 97.587395 84.325165 81.92253 7.452017 50.3733 54.774506 48.889725 39.217632 95.16431 6.9052935 18.279194 91.113884 75.48653 74.6784 13.642979 58.64492 24.958736
335 96.778656 56.702667 14.627636 19.711859 6.5586147 75.21471 95.06312 85.28043 82.4449 88.14072 39.68433 5.812067 7.2460833 27.351206 26.993275 29.143959 88.94427
336 54.935818 85.076385 47.533207 27.216213 56.674786 43.76597 82.56993 14.13433 92.47407 97.84962 62.5871 74.57412 9.771383 59.881516 51.80398 42.448067 36.336285
337 12.395239 49.162354 38.953217 63.831287 98.445724 99.55887 44.830276 76.35094 74.718704 55.727715 11.768132 21.3538 59.052776 51.733112 30.44371 30.452324 33.048183
338 31.801723 1.4701605 79.99317 67.22533 55.531956 48.255913 5.8763323 60.496056 33.39776 70.28524 12.314404 74.885025 47.51432 84.76225 12.980032 80.662834 71.01368
339 12.371606 27.044117 44.31507 5.811882 67.870125 97.850296 12.873518 30.320627 52.41636 73.34286 1.6895294 54.614185 66.36398 63.87044 40.1622 66.11536 68.39706
340 92.69179 90.482635 60.98631 69.39021 59.543026 30.171585 68.63608 32.566597 19.17811 89.93439 14.183247 41.045414 20.120436 6.8098307 28.001451 20.676619 78.27981
341 89.23715 5.847919 71.421394 63.974266 78.80791 77.31794 61.03681 36.691963 24.22123 35.8272 87.35443 61.13813 80.24638 77.91068 82.21432 11.303091 90.055565
342 52.813225 43.646027 11.08737 67.67146 21.168179 71.009636 54.12137 40.843235 1.6147256 88.66695 89.57338 48.595787 60.65142 70.80246 91.76724 74.97934 89.585815
343 87.025795 50.20881 86.98026 55.40302 34.442818 13.089979 83.752556 3.5875142 86.37792 95.50396 42.71909 0.802207 95.56992 66.53247 9.9096 5.829549 35.47001
344 64.183716 54.20085 46.846737 37.573296 50.05968 22.765266 12.038094 96.160164 16.868055 65.6942 55.402714 20.367634 50.78284 66.92898 8.617407 43.423035 40.5781
345 34.60777 27.748753 71.73491 18.852657 82.83204 96.82112 14.243716 34.033836 27.599453 41.65085 62.194378 40.76134 28.97811 61.42165 48.824055 80.33823 29.060936
346 73.23961 60.19299 10.884637 58.202587 48.96372 65.66924 61.39646 40.679447 43.121563 7.8659415 86.91144 13.215059 6.4107656 25.892294 19.298065 46.579212 18.441528
347 66.69892 54.749943 10.312038 74.84055 71.46839 23.893404 54.970898 23.023027 57.130844 21.565802 74.38568 54.819023 67.19078 62.925095 4.2882624 56.249107 56.467766
348 1.7989993 73.21733 60.17917 36.724228 31.328588 39.466904 98.00577 25.435692 60.32273 74.5331 55.154083 59.42179 59.6954 22.320747 81.7958 5.2821693 29.34885
349 15.411848 26.161373 86.46498 88.395966 38.897736 51.04043 64.54335 21.250946 30.374462 74.00844 42.40715 63.488434 6.247097 74.62187 77.425545 18.167412 31.84628
350 24.886066 1.3441682 3.2932043 61.206047 86.87972 84.20698 31.063425 74.673035 49.240166 65.70642 60.392265 34.61489 34.55929 18.14779 85.87199 64.98395 46.459377
351 30.060154 82.816086 75.79496 58.620308 83.10315 12.400782 92.93372 0.28876066 82.32621 60.30979 94.174995 12.349409 31.366528 82.882744 78.71867 34.977554 80.46842
352 26.824247 27.626837 18.880075 22.22708 71.36496 21.750338 5.39155 43.973602 78.75662 30.372631 1.0088205 38.307167 82.57171 33.983334 35.668343 16.339535 59.968845
353 97.2511 74.106544 98.95318 29.443777 20.132452 80.46639 87.30697 59.241272 5.6814313 78.959206 37.78469 22.248013 39.877163 20.456404 11.716026 63.57289 61.839096
354 45.532043 4.964006 68.9669 50.14022 19.426262 25.637173 11.618174 83.35864 20.936728 13.830513 76.61987 79.14005 64.218445 39.821213 95.55467 37.3042 65.291176
355 76.25071 86.234055 28.155148 80.69132 85.53238 66.8043 79.19959 17.696507 61.367397 70.374016 31.801826 68.99369 98.47324 11.285168 6.5851507 61.21631 68.38818
356 71.45588 33.11496 29.664183 52.77949 73.249886 48.869602 70.52799 25.63557 61.513233 45.834755 58.415264 98.95729 23.26979 64.17099 8.826661 15.288001 59.648186
357 83.04072 71.93382 17.155468 85.55396 3.3913016 51.596684 76.07321 52.092506 28.637337 89.62818 70.3092 62.5453 31.945436 54.026592 54.632217 21.620237 16.18433
358 36.974037 30.46155 20.615244 70.36571 46.12791 60.354416 7.994503 58.17749 54.959476 55.963604 29.682367 26.429092 35.028767 28.191233 89.1976 38.124477 97.10174
359 17.273558 81.70908 43.50501 17.44827 9.287739 94.385025 37.6233 70.606255 4.7196627 48.284565 82.49737 57.01779 90.22882 33.82027 21.139217 31.461031 2.8613567
360 75.88104 88.05524 60.900402 88.278435 58.488934 42.289497 74.60709 82.97758 58.874207 63.65244 98.069984 82.19742 42.656673 67.18329 69.79844 47.730667 75.04778
361 94.68698 37.64659 16.057629 16.32737 32.727623 81.36255 60.19894 16.055876 13.927245 49.844795 56.926853 61.374092 70.7983 75.79509 3.2403052 96.195816 99.43227
362 4.3769956 96.381355 25.056648 32.788254 64.97038 44.544155 76.8481 31.499731 21.56369 60.509556 97.70635 43.283855 54.721375 27.747976 1.0687888 12.245602 79.93801
363 33.402752 47.549694 96.483116 68.641106 70.6399 93.073906 69.09535 60.791893 5.0854864 4.9591007 84.45788 95.17973 27.737766 40.733932 21.767544 14.896387 26.420467
364 40.860485 12.47555 62.459404 66.42992 45.7008 91.25611 69.53885 90.72981 89.59353 13.334078 79.701256 13.382453 95.418274 68.86871 55.054844 64.70641 25.212175
365 20.027124 96.75727 51.06213 84.02088 43.554115 19.192822 59.64649 12.029112 94.04484 23.96158 82.993744 85.00526 6.5524397 14.934635 68.11596 15.149551 35.22875
366 23.364157 40.765278 57.56163 13.827872 92.80539 90.870895 74.8059 18.33759 29.381878 75.81361 50.582375 88.79421 2.2408605 44.183765 19.496382 11.344337 82.00013
367 64.6682 53.618027 90.51941 8.241421 68.68464 17.247099 30.972744 58.880436 57.599712 32.43048 55.89602 59.326 57.408325 41.758358 82.095116 74.07735 17.514818
368 78.29669 48.190342 0.7101536 82.945564 60.762535 9.351408 70.54053 28.458332 94.84533 8.933676 12.667412 31.428314 37.612206 61.712734 71.17563 1.2280703 43.96255
369 15.295029 68.19297 44.536285 73.933556 33.70099 68.9601 67.37751 73.18208 90.87532 46.374367 29.793966 11.121589 0.589329 30.457794 32.27576 50.978737 4.2889175
370 8.283556 24.13417 51.520084 9.146685 59.049057 52.913933 43.513245 16.94916 40.74021 86.03652 56.32047 20.352602 14.290232 16.791613 76.63034 9.150237 99.956055
371 47.505993 26.530462 25.997192 12.039656 24.486423 40.290867 21.838634 41.85536 78.73888 75.804504 77.194084 36.33448 20.404535 9.12261 0.39314032 8.77676 5.530423
372 59.494556 69.57259 78.47559 73.72923 72.40343 16.283083 53.296703 72.31061 32.971127 27.27871 81.37533 84.72926 89.544235 72.65044 19.07513 62.151337 74.08095
373 15.902609 7.945567 80.35835 13.018179 70.66203 65.90902 69.17046 19.548946 93.06381 71.15118 67.47152 49.68637 24.903996 21.589565 68.46524 33.198727 74.62337
374 60.3268 32.003784 63.59945 68.14129 66.69409 44.03942 45.057083 54.35564 73.45216 8.100796 58.607952 78.44102 10.103714 16.145802 74.72449 65.40073 18.304216
375 92.46111 17.493694 94.95891 92.82311 56.0475 79.83501 12.931574 76.75175 46.04386 15.838015 62.614243 65.58888 88.40871 50.995235 39.208412 35.93086 7.815284
376 73.471725 60.429173 21.787971 59.35742 8.283657 4.556155 77.63741 43.352203 54.10559 23.48426 31.368137 91.719864 41.20778 80.78895 82.9952 64.8899 74.6189
377 64.24274 13.707125 58.008194 73.95827 57.21901 53.30602 88.796425 39.48781 35.421963 7.8178287 76.45021 30.865229 53.625607 69.96098 41.47504 72.963806 53.641
378 46.801598 75.68185 23.15368 19.422817 16.38946 85.34076 81.86683 20.74942 20.122004 79.680115 77.41124 73.753456 63.24517 12.786794 45.23613 38.042908 12.056791
379 36.096363 78.62272 7.349479 74.37634 47.950905 93.58628 7.4971437 37.595497 48.35663 6.1926603 23.737669 25.599648 3.6115944 10.144245 53.70227 58.085747 74.72796
380 0.068193674 44.73259 40.895164 63.68814 59.197693 80.35593 48.09121 26.006573 5.8911085 43.14714 41.36235 0.5884826 22.563267 95.97368 2.2093356 27.565807 13.04928
381 94.264275 71.124725 91.04303 4.187793 4.901451 16.007256 11.208719 17.564238 56.85168 11.343366 64.08246 45.024086 61.765278 48.76927 67.602425 12.94278 4.3646755
382 18.597364 0.46169758 75.576965 30.16966 77.40961 21.02809 36.437195 27.47069 27.111668 4.1020336 21.894068 69.7563 80.68926 84.762695 75.599945 20.141994 35.660618
383 83.01788 72.279816 99.66111 50.78578 17.615568 70.58497 43.301727 59.448135 9.71402 6.640023 50.957775 15.300202 29.97483 31.339508 32.371437 64.862976 79.18387
384 88.11823 25.852417 66.945335 81.175896 25.646246 78.056786 20.730453 46.408863 17.564095 27.194214 40.44482 69.08619 83.91753 63.32102 93.52933 4.653394 55.377724
385 8.29289 46.582626 37.507214 9.70934 83.734665 86.015495 60.86947 22.403133 20.08472 71.87753 17.327309 81.114555 13.252443 68.7917 75.16971 1.797533 0.3644824
386 79.01768 73.315254 77.51092 2.9574215 82.584885 57.59675 77.18228 58.10139 97.97509 50.027077 68.58108 16.425133 95.34101 57.311886 58.88528 54.783237 80.63048
387 97.50534 58.08808 12.099022 82.71924 36.844975 69.71327 74.28323 2.7736008 10.282302 83.58137 80.43162 63.165337 97.192505 84.44665 2.920282 36.50468 31.65527
388 35.02441 31.534403 59.46691 8.320051 43.12815 12.183821 83.347664 59.28468 70.27692 7.6922536 77.54038 4.0198383 87.22077 48.02053 53.796005 37.8722 73.430664
389 64.337 90.172646 20.0939 99.83906 82.630585 2.5470853 40.00845 23.189539 22.937578 88.537796 90.47762 66.51201 77.39723 80.341255 17.236788 12.8006935 49.752872
390 17.531925 67.18799 11.314589 38.874107 43.10697 49.961716 90.48526 55.506283 42.316933 96.87567 4.7086773 23.68046 67.02333 37.037502 69.88328 42.779613 2.9365242
391 69.27918 84.063515 62.705368 54.14667 43.704597 93.719215 50.28702 1.4656544 51.024292 75.57928 30.197668 77.40802 69.99844 20.710379 56.17805 31.876999 31.981075
392 57.216335 79.11916 6.073266 10.837418 45.682484 6.1321077 6.655878 40.785744 56.237064 0.56450367 73.168144 53.703587 55.922573 26.244986 56.167675 31.153822 32.095356
393 42.101788 94.9053 0.16191602 72.991234 65.571304 76.879395 1.2557626 55.663403 37.56389 28.810686 3.420812 28.532207 88.67504 82.75974 84.695694 59.164 59.12109
394 62.03215 85.71872 75.059044 4.6537104 70.52968 43.52843 97.68054 1.3915896 54.222458 36.528606 38.26491 75.83971 43.90814 1.2694836 32.745796 46.89707 20.425028
395 95.404175 76.092804 96.74607 54.595226 76.997345 21.26453 42.34637 28.550117 91.748726 21.620148 71.8118 8.457804 20.416754 68.90381 36.03111 3.314793 47.86958
396 51.75298 49.115383 54.230152 2.1463275 86.08885 88.042816 73.92991 51.387905 41.79132 86.46336 19.014967 83.513275 66.87111 67.071976 76.35261 68.40612 37.118816
397 36.124115 79.96756 75.782745 96.18932 90.22507 22.583002 99.79167 97.58617 34.96521 64.769005 0.018519163 79.42288 45.596695 79.26878 79.51841 47.59906 77.866104
398 54.841335 75.66659 79.6411 61.259357 55.7918 76.21349 95.48803 34.016182 24.730677 98.47258 42.58076 48.884468 88.04557 86.889984 69.42886 38.071243 88.6821
399 16.488445 87.138054 55.383842 18.273132 5.3023157 53.998577 51.130283 41.152084 76.6935 40.040176 1.7617524 13.619536 6.443673 1.3935506 40.107048 71.85278 94.149414
400 97.36561 74.79343 36.46366 13.411629 34.402676 68.30979 7.8943133 90.62809 2.7111113 64.19652 78.129 3.2001317 54.419754 24.905354 85.68955 60.29623 42.057217
401 5.6380568 94.233345 63.9332 17.096012 46.432484 83.50806 46.30956 68.76309 98.22001 34.72239 37.63756 40.674633 99.642136 51.913685 54.064583 88.625404 14.012426
402 44.542496 69.858574 67.616066 1.6811132 63.793118 84.37488 54.56487 6.7539635 21.942913 40.25579 8.813774 50.998604 68.27999 42.983837 43.25786 57.01524 60.55804
403 66.77152 61.517067 30.34321 73.60221 71.59507 11.90961 61.921455 68.70532 60.047825 7.0183935 21.83181 2.7274787 49.996227 62.36927 88.956215 54.744656 54.474438
404 62.229614 43.309402 62.654846 38.87166 71.91602 65.41957 90.8803 57.581966 80.46249 75.0827 43.29779 68.543724 85.29946 67.788895 19.446373 40.452023 71.04551
405 96.59834 15.126764 30.152195 0.99616647 8.531928 45.502235 38.397713 34.85049 93.74991 26.08713 92.67562 26.148516 91.847435 67.4743 43.37513 93.36844 29.23634
406 7.780713 51.71818 19.280529 24.35921 33.61575 47.418427 22.666199 90.75733 88.49723 14.129991 87.63949 21.965445 76.216034 39.848076 90.371185 44.81994 76.40407
407 36.298378 56.89104 49.845867 67.77695 70.084045 33.773403 27.543623 20.051033 63.34217 84.899315 69.05506 63.782494 62.6025 10.19997 98.08935 75.31893 61.460697
408 48.452538 40.181095 45.22469 10.906851 97.009056 65.20172 8.038706 96.333374 92.04855 52.22432 50.70767 83.34082 17.866468 72.84112 39.730476 86.735825 91.23346
409 3.152138 92.73774 45.153435 24.409372 96.9966 0.25956035 54.432495 49.49065 57.511013 85.71698 38.43255 67.968285 62.507957 85.67891 98.92557 17.306269 46.028214
410 74.19329 64.35608 54.70974 36.089264 32.125587 48.7844 94.79118 52.31111 39.07992 80.66645 89.37837 89.73396 7.360917 80.04925 55.118282 52.552986 76.84257
411 61.356544 77.75885 57.295208 90.39218 46.59761 5.0379515 35.579884 92.062485 65.26177 76.04405 26.273315 56.586067 37.381046 80.86353 32.62387 17.319012 25.585497
412 46.487797 16.705387 10.781675 61.084694 63.572266 28.883886 75.99512 3.341633 3.036338 99.54061 14.133906 60.03164 85.0463 12.236172 33.394886 44.280605 8.074713
413 97.997894 31.765293 72.04833 88.98231 38.381844 39.471745 41.071655 11.990052 97.14086 87.777245 91.52711 4.6268644 56.270313 52.50167 30.346561 10.945606 59.268414
414 51.769276 29.066341 89.24904 42.812664 47.19554 47.667057 35.075535 5.7074604 96.73738 32.838226 96.14021 41.70015 53.030098 22.55996 69.252 79.20763 62.07056
415 14.228654 28.9353 87.56863 38.987076 20.47125 51.642372 45.37605 27.3368 15.313446 50.17825 23.800552 59.425266 28.822405 91.465965 26.453638 52.647926 66.379425
416 22.30879 89.93193 2.4703622 40.309097 96.67591 86.22252 69.61503 7.9684734 72.62615 62.932438 37.092632 8.164728 4.7333 0.9475708 13.253981 93.8174 90.28948
417 85.552666 37.952625 35.317947 65.207184 57.993282 69.67325 48.58564 83.043526 4.483241 78.130325 12.205619 31.625277 21.1205 76.97376 27.40767 44.112133 71.24637
418 19.013172 36.459595 81.81675 89.45583 57.51329 13.076329 5.58092 29.54108 93.90363 31.767685 0.92980266 55.739765 78.53554 91.05791 83.5945 24.189323 77.31723
419 32.91628 29.373217 38.69789 35.136623 62.55933 52.8224 18.880707 55.476963 19.35413 99.12241 24.242872 24.639433 91.512245 22.901905 2.589637 65.170166 60.573788
420 56.14696 0.7030666 34.669 32.60849 27.944767 97.83926 47.919296 83.18916 94.15791 14.387024 98.56947 54.415874 81.69878 57.912308 74.32789 81.794914 5.439764
421 3.531313 81.27636 54.12262 95.58404 54.66013 29.498446 73.5252 88.223145 91.04249 46.354748 58.603607 4.57772 13.736343 14.578926 39.686317 36.870903 29.432224
422 20.637602 20.270855 96.79986 49.882954 11.779833 6.920129 81.091545 94.95789 16.745203 45.56531 96.65689 91.32212 80.61388 95.0618 33.46038 22.219324 95.7399
423 38.96658 8.52837 59.357803 1.6455352 99.18757 50.720226 55.3255 52.267838 6.0415926 88.23612 86.96707 60.69784 79.305435 13.649899 67.23346 82.76206 35.323055
424 72.91433 18.461872 71.24901 2.7234197 82.73 64.97478 53.628803 70.70264 66.40256 31.227743 65.66146 21.337313 92.40218 55.223454 20.811827 93.54383 46.91292
425 60.09657 46.921318 68.91172 5.4091454 92.02214 64.727036 56.863506 36.476368 85.086586 81.726166 31.885279 60.519337 66.47206 95.282326 52.701145 47.551994 64.04336
426 33.04436 81.31301 11.8814945 26.80518 50.545208 48.188877 1.1871815 53.14132 75.679276 53.26568 76.32077 36.495487 59.59373 95.85532 93.24535 60.2563 11.906761
427 30.33824 76.07941 87.9295 65.183334 9.340441 70.47185 18.895166 5.9146523 7.8762712 88.82143 89.64447 5.0854564 96.96843 66.547646 53.669506 85.55805 25.111479
428 94.16231 36.256046 32.300983 62.520027 39.784145 32.226093 17.854303 3.604412 36.55079 51.93512 13.824612 15.065187 48.741573 63.097614 50.676804 63.224365 8.021492
429 70.65748 85.23346 77.86164 99.80711 4.1130185 27.266895 79.353676 91.15353 79.43757 54.09639 50.09436 1.647991 91.80739 22.46827 4.0856066 92.51156 4.3712497
430 39.047718 54.625477 65.45859 88.697365 19.99846 98.891945 39.912094 63.550713 3.341931 99.94372 97.04951 72.338615 48.607166 16.568565 13.049483 45.77786 91.8036
431 95.147064 37.080544 57.75783 21.63121 26.224249 26.332193 99.49094 8.309305 83.06163 19.118256 53.15238 79.24133 96.66003 85.22157 32.432228 77.28603 98.494644
432 31.702936 97.67667 15.585852 40.693317 92.93156 29.323185 17.18331 16.138523 90.23846 19.684834 84.07169 75.813354 93.03923 92.17641 16.473753 25.787985 47.27262
433 83.9755 13.183194 75.01106 95.372734 95.86233 43.4596 61.301296 95.614334 67.38465 32.524384 65.70908 47.483944 30.161678 40.010284 14.131636 47.73798 13.498944
434 4.180604 84.42409 82.08049 68.77305 46.32885 82.273735 7.0541263 69.31222 78.03041 10.126138 91.98223 65.60823 78.94268 41.11582 81.87987 99.32391 41.298897
435 80.21638 58.48447 29.196285 37.336548 73.956154 31.320644 5.8787403 12.428731 39.626755 86.45114 67.13046 45.993793 66.83812 73.77959 58.473003 37.255383 85.75225
436 80.0277 24.230522 48.084045 54.877384 33.43923 49.303333 81.50813 49.758244 26.554996 60.456173 54.633503 5.3989944 47.81435 47.509884 77.8186 98.2627 43.081623
437 27.595795 18.736506 36.97212 10.353518 20.366299 77.703766 48.47474 79.81381 7.3675575 48.214775 2.8242946 76.07106 26.094955 79.40046 64.578354 67.90819 67.808815
438 92.10335 12.136912 15.319771 60.036617 50.96373 43.482037 45.204266 79.692375 36.439915 23.367971 61.068855 53.579254 44.70126 4.011965 92.80978 10.197121 23.056824
439 20.017803 58.430336 83.5519 3.8015544 65.20864 67.893654 77.17317 61.422867 71.147934 91.68113 48.71489 94.92346 36.593773 23.607403 4.08051 38.054363 86.48277
440 33.656906 9.528791 61.550022 46.10619 65.74759 63.042934 40.613018 99.0684 35.147686 67.56003 82.06953 99.862785 7.587993 31.447798 4.5303164 47.23218 47.804165
441 81.68205 33.832054 1.9823015 49.251938 16.135002 58.846264 81.98163 53.067524 79.656586 9.839744 62.417 26.061207 18.457096 94.92266 96.00018 51.764454 25.730402
442 8.2642975 86.06907 41.489746 23.355711 6.7888203 56.042397 54.26305 47.55874 16.645432 67.4259 24.66656 96.08768 55.1004 21.800417 99.4641 9.067255 42.40892
443 11.530232 29.813677 61.34756 88.03953 51.208126 22.40619 39.790405 99.253334 64.30815 25.571405 21.271593 11.95718 24.668974 84.89201 95.774475 44.98943 63.110233
444 5.854666 41.171265 42.156265 68.83795 81.29712 32.30983 80.57666 11.777735 90.700356 94.833145 79.93682 24.357784 32.6012 14.557255 62.38595 43.628204 75.50736
445 14.83469 55.871964 81.34378 85.68618 78.5593 50.128563 60.461594 30.136936 37.56432 51.256325 1.4316082 42.07376 82.17829 11.425674 26.02008 45.53301 67.49687
446 59.766018 55.84644 50.52967 53.17828 30.6535 48.29199 74.837845 10.764414 79.59205 35.221706 11.3400755 49.969345 24.484163 6.6319227 18.42038 44.17516 32.65664
447 28.79014 56.570076 99.45794 49.452305 66.876595 57.800682 92.57179 91.99463 28.08929 90.24277 65.9983 97.913 80.46759 52.145397 84.78372 60.979748 83.46826
448 95.13139 35.61526 17.91637 82.04951 72.82566 46.41606 88.79826 30.451965 38.73604 70.46987 59.809525 84.09387 66.47005 66.331406 25.420082 7.4136734 40.020145
449 99.96492 47.786808 16.806274 5.0118685 42.918743 16.290075 6.026202 90.61105 66.93814 98.14418 76.90622 2.421224 76.1072 12.060136 31.606651 59.42277 40.06692
450 57.653976 29.826147 52.128876 21.570515 21.904987 1.7389953 48.037956 36.908836 15.261239 56.45823 66.590195 64.68137 70.312515 78.453575 5.6899905 75.92821 48.21319
451 47.78451 81.00413 3.5132468 26.712019 11.761868 57.31519 90.40982 99.76836 28.557915 16.893131 52.55034 64.90143 70.489525 45.898663 92.336395 49.79212 34.658836
452 88.06687 91.75482 74.957306 50.120293 41.21668 70.10757 31.83071 77.833984 71.433525 89.25354 94.15878 76.757774 21.081978 40.40361 70.66555 6.2310753 58.18919
453 20.145004 45.429756 71.331665 88.327576 51.547985 62.88533 9.475231 47.107063 88.79032 71.900696 98.819565 47.01841 53.398792 99.67313 22.98975 40.964794 37.440426
454 34.414757 3.5250127 24.759113 7.0996103 35.791134 57.84609 59.589447 90.164986 95.14987 23.346985 94.470146 6.946355 41.655697 19.634842 88.56617 37.786728 45.001705
455 83.495445 18.633293 26.177317 36.430477 82.6816 41.348015 16.888184 44.969635 93.25233 11.761647 78.66945 89.22587 54.388557 24.320704 73.946175 42.51085 8.14662
456 92.72791 9.324682 92.77767 98.5648 59.3176 34.262657 92.675064 74.30691 77.58885 87.35593 59.38848 86.315155 36.146492 14.598661 60.805225 41.77423 45.67264
457 78.73308 62.45022 8.389723 38.881332 28.281616 8.687056 19.202518 96.949745 16.72519 48.526447 13.852894 13.988293 32.044376 69.25314 43.64369 7.0867834 72.77575
458 74.75829 36.51312 25.797028 54.967712 96.294716 56.008617 78.086945 53.873886 84.26782 32.761307 75.394455 31.636208 35.10703 5.3151426 77.04924 17.134779 18.268167
459 82.29805 42.70969 33.98087 97.59196 52.978428 53.332794 97.4788 77.74948 96.68685 48.375248 59.26998 41.06403 12.168879 25.291449 90.0993 89.89521 39.75238
460 21.89092 85.32301 43.853664 36.656986 31.747686 15.834874 4.7932744 88.55012 5.6833863 48.26071 42.774265 68.58436 50.503796 24.61292 46.541924 53.965454 20.845663
461 32.96782 47.617275 65.2444 96.44228 59.806587 69.51003 35.957672 69.65726 91.93294 76.06208 51.225925 25.146198 14.648599 25.296968 10.045928 52.427048 24.24372
462 58.735252 84.167274 84.47414 60.770763 28.847277 28.841698 31.76748 53.253345 48.62619 79.88825 76.15348 18.488943 23.210413 75.26396 86.09993 38.79811 31.66417
463 15.811539 12.20941 68.629036 81.59613 22.530533 56.0076 47.833656 75.98407 20.354866 76.926094 76.49026 52.661156 40.100925 1.9937217 85.971054 76.255974 60.36984
464 34.040333 9.967888 50.373024 34.453266 60.269196 61.632126 46.42648 58.72261 50.996937 85.90826 13.331938 28.909636 4.385132 14.406496 89.31705 9.75644 47.348957
465 71.444664 10.091972 67.68146 94.842415 89.68154 24.747557 11.645353 12.76477 0.3637612 46.8077 75.88835 26.251501 82.72916 89.200775 1.5429914 81.60795 38.47743
466 41.4429 19.511158 62.182297 7.172048 29.516172 61.950024 95.68491 46.52636 64.812805 87.0716 81.5353 65.115234 0.6991148 64.86811 34.50886 44.31695 12.891698
467 58.28835 47.081554 9.216749 43.654186 34.078037 43.307888 75.59421 67.10283 34.04101 46.76042 90.58503 62.49894 35.273952 43.0087 9.578907 19.71764 76.6809
468 51.390564 80.62837 43.087208 48.805355 63.55651 92.14816 90.02656 50.05917 78.640945 39.845615 54.46861 40.42298 2.1853328 77.31438 33.603798 54.600178 52.425045
469 82.03499 53.23351 21.694166 71.63221 27.958172 51.773663 24.32978 99.32291 48.511696 67.04061 83.64792 69.79228 73.696815 41.29603 89.975464 29.202085 63.662994
470 68.09665 94.72941 71.94106 53.320374 85.32392 15.087098 5.8997927 90.5327 59.95563 77.288086 19.40369 49.403625 75.84619 80.58424 25.645245 43.115467 91.72752
471 15.593248 54.43027 43.502636 75.11339 27.217896 85.84231 40.654415 82.633965 2.765292 30.03996 81.77038 68.95526 65.141594 44.89917 8.4739685 86.821434 4.0306034
472 5.7256403 42.87703 38.433277 25.11897 44.98308 39.74305 53.43963 99.352295 25.16473 42.795914 77.931854 56.851624 93.89456 33.052002 40.21576 69.75886 60.460716
473 94.31711 17.577106 76.493416 79.69699 11.800051 20.10299 8.587027 98.943825 63.0764 65.78194 27.62431 22.303904 13.128161 80.05388 71.37489 43.18819 26.438189
474 73.75179 47.788715 49.917538 6.4956784 48.567455 26.285732 92.656784 46.746414 37.945152 26.160664 25.028807 64.9872 4.3810425 30.712568 76.26423 16.258848 98.76826
475 96.9798 34.630173 66.04954 12.52585 39.108063 9.151626 17.505306 64.19365 38.10948 2.3593366 42.596996 5.9376836 42.103745 54.096294 69.86164 85.527214 34.400223
476 76.482956 40.28611 80.91212 47.62731 78.23339 0.80681443 39.20873 21.498697 96.94621 62.249767 2.915883 40.996014 9.145123 88.63121 23.315733 47.32457 47.155296
477 98.69351 25.61397 2.8589308 10.877246 72.290215 60.351227 75.64458 51.726276 45.49536 10.44463 21.380245 20.071518 13.647896 8.930243 9.005129 90.1254 13.313532
478 96.6721 8.200365 5.156553 27.53101 26.141054 26.741796 57.942028 16.695028 12.569433 16.48106 37.418484 65.81507 89.64154 17.86617 22.477013 11.291051 37.231636
479 63.735466 91.77679 53.189266 83.96159 38.337517 87.39571 16.523624 19.491922 82.16336 27.219444 24.298155 79.017525 37.558674 2.3860574 20.911104 35.511345 54.856445
480 32.10566 4.6339216 80.50462 79.89271 28.078741 17.748446 19.835144 47.50811 57.92305 10.853518 11.619144 33.578903 93.92789 59.951504 36.056328 12.156648 6.5903187
481 20.120907 93.471245 11.63364 67.31688 54.612774 62.70007 22.01031 81.02531 72.6255 27.585327 27.153725 85.845665 40.17937 57.539814 94.54718 56.45204 26.603443
482 48.0447 68.89688 91.57199 2.1523297 29.279 73.85254 80.7996 80.989456 3.1224132 12.095987 45.920624 86.819496 89.37957 72.550545 66.54922 17.252462 46.65035
483 54.17079 97.04092 66.77267 78.79149 18.707012 93.51522 89.019165 67.91378 5.332911 17.584633 96.82283 64.43474 13.724357 2.2991061 5.7654676 65.5188 70.03666
484 30.192017 74.4157 78.50839 83.51927 21.535057 15.156537 75.46521 26.810764 90.41598 84.763054 30.048502 97.1684 38.549118 87.54173 96.56749 51.21261 2.3801863
485 67.64346 52.62967 34.72677 92.683075 45.661938 17.401749 29.478859 1.1587024 90.18958 64.70243 9.0680065 43.288128 62.802135 38.116653 78.90351 47.680782 47.96722
486 9.781599 85.36539 40.27217 73.42308 97.73155 25.056023 46.906292 45.264816 12.547988 96.22689 4.0885506 1.7317355 62.955006 85.65979 18.083197 24.750095 33.89898
487 20.516968 4.183054 15.700722 8.09238 76.28263 17.09032 26.514137 33.080788 79.542725 10.169685 56.723087 17.270964 83.9485 35.18471 57.011265 48.257954 5.551052
488 78.38482 78.38921 69.996475 51.361435 75.914604 39.516403 88.22344 54.378384 27.973127 51.798607 28.96499 76.63965 42.525143 99.45993 87.425125 66.61397 55.28773
489 59.370144 35.08923 61.29016 51.87558 10.363352 14.082331 29.782074 33.14066 4.2899427 28.858625 32.610847 27.703064 89.08714 36.888535 57.818317 42.31897 8.537036
490 59.43749 25.789135 16.009457 82.7159 49.644196 83.50948 86.78542 58.85259 13.315892 35.67366 8.414096 33.643562 25.136173 54.58606 51.111855 87.069374 92.86299
491 38.52695 55.506813 44.285446 19.677961 34.80106 68.94692 38.893837 1.7926872 40.024483 1.5519321 88.33142 77.94758 37.59825 84.69924 93.534004 49.336605 27.347416
492 74.335266 31.568462 94.10756 61.867542 7.1204305 45.492153 67.82974 90.42323 19.512796 32.038647 69.66426 56.804638 73.101715 49.392033 49.448948 30.20079 77.51079
493 86.66222 71.121284 16.036839 62.751602 58.88614 47.004883 90.30297 62.84382 79.443375 31.20445 89.94613 32.701103 61.4894 50.973095 32.48254 20.658356 64.990074
494 56.283424 9.515434 63.58666 22.611248 50.360023 26.013529 3.3760846 90.31696 99.5879 35.0434 49.79015 4.109192 8.53492 36.482662 31.502533 17.764282 34.913593
495 78.717445 94.76903 15.362245 36.818798 80.402336 76.98291 62.35357 18.73629 1.3046622 13.688678 88.163895 28.406757 58.648712 34.92859 98.01439 59.999615 50.114357
496 86.57286 40.659702 23.110126 93.93546 30.103964 18.85454 26.31492 87.90573 49.817173 10.105574 9.439945 75.36574 38.254826 64.00956 2.909428 60.558723 61.66422
497 89.398506 34.71366 56.56213 89.17593 27.595568 86.38125 65.09553 28.118187 98.13231 86.151924 62.956112 58.356667 78.90272 39.16771 9.034801 29.780388 55.356674
498 26.342476 38.525764 47.110252 12.204927 52.606 97.08019 47.216248 98.2688 14.983517 2.6025176 97.28325 30.424791 66.56281 41.78934 42.71809 8.742332 25.478786
499 93.32462 85.95863 42.38075 71.832344 71.13885 19.707024 67.89943 69.74199 45.897125 98.00699 19.457127 77.84964 97.79564 47.52115 57.857334 77.47826 91.02528
