500
3
0 42.986805 23.132097 18.802267
1 42.428993 87.01125 28.890646
2 63.782627 87.36686 91.50815
3 30.32155 87.51821 16.379112
4 95.964066 58.71385 56.691944
5 0.3704369 30.440975 42.54253
6 66.62686 69.12514 15.898734
7 93.58911 52.03128 21.730482
8 93.722275 82.659294 0.2660632
9 47.444065 23.251635 57.996105
10 13.990182 14.538902 69.69327
11 83.617744 11.803431 92.79014
12 0.95087886 41.96353 21.223068
13 41.509132 51.61004 79.72591
14 8.4947405 22.606785 96.81303
15 65.95957 87.645935 16.8634
16 4.6501994 54.933 47.957695
17 12.744808 19.866652 94.22531
18 58.581455 58.64427 36.344868
19 21.840542 33.10227 80.819145
20 73.49512 49.239697 29.997206
21 56.565838 10.197252 13.870424
22 99.522194 32.933914 97.43528
23 2.7585268 68.75755 9.680051
24 60.70637 34.831356 47.34029
25 76.928276 79.43834 44.74891
26 82.61052 55.418915 52.096176
27 25.066322 48.113884 24.143196
28 1.7937481 60.544437 0.056684017
29 6.983316 72.7576 71.430275
30 26.644426 98.68185 7.9363704
31 78.67544 72.29809 39.584465
32 72.742966 9.538531 77.39928
33 48.23424 10.001934 87.08226
34 2.1407008 17.704147 32.609375
35 41.042965 25.741219 3.758943
36 9.464979 53.798782 38.024895
37 35.32503 98.48943 16.134209
38 85.27524 66.66283 69.88846
39 29.696978 45.28429 48.992466
40 30.475044 12.034726 94.35982
41 11.592186 63.333202 55.51245
42 81.28372 19.604445 89.23178
43 71.93892 37.193596 80.54625
44 10.120463 43.124683 56.263374
45 42.986393 29.218506 55.672825
46 67.876526 9.7468195 45.409935
47 51.944603 57.516426 41.59285
48 75.96896 93.28743 59.457653
49 74.54546 75.45034 35.266144
50 50.953705 10.087931 39.598854
51 25.865973 94.22036 59.622204
52 31.379158 88.567184 51.1594
53 56.09197 57.034344 64.01701
54 96.31878 61.827457 89.09264
55 91.999245 68.71776 54.04165
56 61.414635 93.84155 83.367676
57 11.24152 99.97675 2.6842952
58 1.891464 34.896122 48.703403
59 12.60373 79.701164 52.37362
60 69.18418 18.940825 38.658142
61 67.33196 48.75094 81.90119
62 90.75406 61.89519 25.6622
63 8.190245 74.66227 47.104652
64 10.880881 44.822483 85.38285
65 91.89965 51.28056 63.04867
66 32.81552 0.4146695 82.532326
67 65.39538 70.93157 18.40371
68 75.178215 25.988037 91.07933
69 24.401426 93.570366 13.57131
70 74.46122 43.652714 93.84218
71 1.9541919 86.38931 33.29826
72 58.58486 37.057625 62.799484
73 47.76547 47.451393 60.458923
74 64.73186 52.316994 74.82951
75 32.500626 43.931015 10.35133
76 68.66287 13.916397 90.059135
77 2.990806 24.410248 52.838932
78 92.73661 25.95523 21.287144
79 47.37354 8.029413 53.48901
80 85.9139 65.08801 35.203026
81 18.533838 63.19431 66.28792
82 84.48531 65.327896 22.875292
83 3.383106 6.963414 19.638842
84 0.31180978 23.635345 3.1337023
85 53.93659 44.312828 45.799248
86 74.3916 12.5808 46.719234
87 85.38355 12.066335 94.69729
88 26.019722 80.28356 69.46191
89 60.56986 69.61535 94.247
90 54.56137 48.364227 40.380024
91 14.976061 43.19905 30.677193
92 77.326775 95.64204 6.031638
93 50.175976 67.18561 31.262243
94 86.78162 97.43365 3.5475016
95 96.89019 66.03619 5.5108366
96 48.26247 74.091354 4.225111
97 59.979885 51.6428 40.97168
98 21.947647 61.595146 4.6713886
99 23.411333 46.059597 34.90467
100 89.120674 89.50969 9.168506
101 79.55962 56.830452 93.012474
102 29.529608 93.25607 24.26859
103 26.170408 41.715286 14.048844
104 75.11366 58.638237 77.582726
105 94.682465 54.47263 11.292106
106 76.54038 18.624348 41.31193
107 25.913227 6.2763634 34.25828
108 48.880863 41.310978 5.137104
109 34.36175 19.799973 10.454673
110 78.22033 58.27204 16.842157
111 92.430115 36.7742 86.32763
112 21.33441 17.47508 18.286598
113 24.10156 17.946297 56.98182
114 49.13203 8.031929 92.115555
115 76.25028 57.0553 76.274345
116 89.51071 13.062662 34.163147
117 37.486954 76.0774 6.0183883
118 27.32982 85.908516 3.0036747
119 3.274256 59.676056 80.16397
120 79.32725 64.191574 89.541824
121 53.95226 12.163371 36.78185
122 0.44154525 13.923889 12.23858
123 55.20416 2.9803991 9.987772
124 22.466808 70.4067 66.54678
125 18.908262 96.907715 58.886646
126 91.517876 47.837875 94.12198
127 69.097046 71.273224 51.412346
128 5.516815 70.94697 74.868
129 26.811522 88.9013 93.87642
130 35.9501 44.921993 38.60303
131 34.95648 49.400543 33.146774
132 84.90383 16.24698 25.036026
133 13.781214 61.315166 85.179726
134 6.149811 40.057777 12.728346
135 12.029493 41.107082 55.36753
136 90.44689 12.653315 67.892334
137 26.764631 11.558861 44.750275
138 86.48056 95.18734 65.36696
139 13.110817 12.033004 16.9829
140 64.30865 8.939659 15.8791485
141 95.96372 41.92436 74.666756
142 21.5266 75.5721 47.23855
143 67.085175 62.841385 56.574154
144 19.988096 15.614396 72.175186
145 58.390133 21.359562 80.486595
146 21.509754 59.605865 52.488483
147 88.25831 21.380222 44.873386
148 0.44962168 3.889072 4.9786925
149 87.33177 86.65873 23.39422
150 10.79126 95.459694 53.658653
151 86.52426 81.56061 15.069842
152 56.632793 1.8648267 33.28163
153 66.694244 39.44573 98.06837
154 11.128611 8.174181 80.637344
155 4.561949 43.29467 85.706024
156 21.986723 77.03 65.120636
157 94.31616 15.722823 10.311633
158 8.842307 32.71496 91.21011
159 81.20941 15.840316 56.248985
160 88.31053 82.270226 13.301218
161 5.327916 93.263504 5.1249504
162 23.365725 91.90945 49.78982
163 7.775891 15.639919 41.603928
164 79.482574 17.681068 31.677992
165 18.495554 2.9813766 34.041447
166 68.82353 60.21704 98.829056
167 64.85646 9.547461 55.069057
168 7.489693 72.640785 77.881195
169 35.517605 91.283615 76.819595
170 36.265873 4.266989 99.79979
171 29.432594 51.48436 62.890594
172 87.82408 16.632998 37.48896
173 67.866394 57.430397 53.3813
174 63.872604 85.53222 86.38918
175 8.586335 22.25436 73.23173
176 95.53772 87.676994 97.57671
177 47.61359 52.622223 88.2024
178 58.665855 58.084576 9.070885
179 49.621983 81.62711 10.773092
180 89.20883 23.089045 52.785427
181 59.570217 63.91255 61.943394
182 74.79919 20.976526 28.267467
183 64.06385 62.950634 80.25615
184 96.39463 7.507557 68.934975
185 41.007 27.520662 99.3573
186 90.03544 58.482464 2.1616518
187 81.85317 3.494352 70.19393
188 92.86988 1.2043595 33.098465
189 53.394318 82.56099 73.526886
190 89.2268 57.46339 7.5160384
191 73.76269 89.413475 66.02192
192 69.57129 10.8962 36.218445
193 76.38958 20.912588 34.05039
194 8.052546 56.933422 68.73751
195 75.9309 69.55696 71.64992
196 39.607258 83.47441 76.99329
197 88.27149 43.663036 0.3860116
198 94.47058 5.1338077 66.42341
199 56.525074 35.147213 13.394332
200 15.316189 27.88514 42.035515
201 26.927984 54.451283 65.34092
202 52.757053 60.87715 64.740746
203 46.59493 86.409386 71.4987
204 77.96399 94.1019 16.286833
205 11.29024 8.716917 71.497574
206 75.03669 32.614 73.64267
207 35.58819 87.22895 44.954872
208 64.50126 82.70969 54.385387
209 1.896739 72.38976 3.745246
210 78.17867 46.788605 31.98126
211 6.8623066 5.5121717 65.37179
212 24.528795 0.7252693 4.0768623
213 90.38646 99.41197 62.248306
214 26.117188 39.968468 19.333755
215 64.62858 21.697872 87.644806
216 22.359573 75.25969 8.737194
217 97.66194 13.600516 75.04773
218 66.26011 82.51993 34.55832
219 15.578741 68.339554 68.78492
220 13.367403 47.52084 30.462563
221 87.923164 24.094694 90.653625
222 66.817635 38.01371 97.911446
223 5.1296473 8.301538 13.290083
224 48.66444 86.17994 66.75153
225 46.63032 35.791504 75.731674
226 43.69738 7.0209084 69.60527
227 38.62666 22.286242 92.88495
228 18.978851 26.694733 82.26196
229 42.774815 55.989986 78.28602
230 81.0928 78.63076 33.010406
231 15.506095 23.46338 11.510796
232 47.271896 86.89329 28.116077
233 84.87586 88.61939 4.257226
234 9.995097 42.202896 65.80632
235 72.55403 49.17625 71.49442
236 63.44257 58.759296 71.33257
237 63.317924 39.02912 76.53242
238 30.479305 87.06221 41.17285
239 28.923214 59.261204 34.428734
240 25.155151 91.39615 38.705032
241 43.62903 89.92066 86.04211
242 74.585144 22.746414 35.966537
243 88.07935 45.579517 58.21335
244 91.56681 74.742935 86.27743
245 72.889885 15.592832 20.616692
246 70.70214 87.902084 19.534243
247 22.627836 87.0075 19.871552
248 65.14199 1.6180575 16.885609
249 88.66109 63.675644 39.004795
250 12.283098 25.062752 99.62327
251 18.994736 63.380665 9.309614
252 17.868221 25.611061 74.36928
253 72.81305 85.81007 95.0143
254 64.09546 91.58469 78.426735
255 16.861599 26.69798 51.432304
256 37.5228 72.452934 70.28287
257 84.81889 49.590187 64.90899
258 79.657455 56.405037 38.269035
259 49.430252 60.15737 99.477806
260 16.107208 85.679695 34.451717
261 95.99125 20.259935 74.453094
262 11.516142 17.650963 22.339748
263 86.05606 88.14562 49.778427
264 53.529274 56.261234 97.67764
265 50.562904 92.32412 99.50169
266 90.062515 29.28443 89.21326
267 39.259235 21.914047 83.2684
268 35.87298 67.682396 97.376595
269 16.371166 57.00637 44.635223
270 31.042099 74.91884 12.071461
271 19.01325 86.04326 10.013991
272 38.39055 79.70866 64.950516
273 89.33409 63.415123 11.566639
274 22.13652 94.88223 24.442028
275 73.61566 5.5799723 15.087181
276 91.35689 27.40472 88.21306
277 56.220963 19.852203 6.1317444
278 86.23537 96.906494 17.174715
279 28.153975 89.498535 4.6847343
280 73.25585 58.24836 10.098064
281 40.92292 60.84141 7.518119
282 35.49254 42.05885 98.04218
283 28.060997 5.4192066 75.13722
284 74.97214 5.4298043 4.0141163
285 94.21394 97.53116 23.592913
286 14.11348 43.4552 90.9452
287 80.670204 46.760868 61.174995
288 23.729504 65.37011 70.33594
289 86.73632 69.93584 74.03979
290 88.13027 85.84577 79.838
291 5.879462 76.11287 17.523659
292 2.872479 32.54212 2.3526013
293 22.715097 23.263496 0.4834652
294 22.210861 26.47109 70.21933
295 6.546819 27.910704 95.78134
296 38.096386 44.93122 34.166515
297 67.956055 55.008835 76.52636
298 92.77266 70.96673 23.84588
299 28.296953 45.762676 59.963917
300 0.69199204 13.715612 79.13904
301 32.453312 90.68302 36.9936
302 15.225166 99.052765 19.143915
303 29.92165 52.207382 44.65738
304 60.52282 85.45047 3.02732
305 35.05484 83.55695 25.715506
306 13.882237 1.969552 47.98446
307 42.110367 24.42798 72.14381
308 85.97269 3.3662975 19.409842
309 16.922653 35.600067 65.59294
310 74.73188 62.994408 99.84907
311 71.13207 12.5924 74.1098
312 63.600002 65.1876 0.7494688
313 40.983955 64.32839 28.90076
314 93.537605 81.96028 26.184338
315 52.280365 58.046734 91.73253
316 98.7661 91.67825 31.824947
317 87.39087 3.3973634 54.886
318 50.313747 99.75169 63.600338
319 77.04993 77.52094 79.3855
320 60.55404 26.147514 94.54389
321 18.56885 6.7863584 55.49546
322 2.651447 96.71618 15.624195
323 89.48217 93.704124 3.4174383
324 73.78961 38.31585 26.539743
325 72.30353 9.062433 27.993988
326 27.189833 14.430332 13.52582
327 56.935574 39.845108 92.12504
328 10.278702 43.83957 88.59615
329 45.246918 82.65586 69.471466
330 44.187145 20.114697 60.276436
331 84.42518 10.200876 57.041695
332 36.28782 15.714091 66.91711
333 42.15751 80.94239 56.629627
334 14.042366 1.2050271 94.40821
335 30.045992 93.8981 12.067819
336 78.05411 27.688772 20.58922
337 95.25425 90.25856 13.325376
338 87.081894 40.35027 27.27812
339 41.943855 27.736647 76.026085
340 39.393635 59.39257 18.220924
341 52.57756 60.264027 66.34749
342 45.22778 91.798874 16.301477
343 29.610407 55.22957 58.37929
344 61.396515 14.437276 32.58655
345 10.715884 89.235596 69.72885
346 83.510025 14.321261 44.849575
347 88.42855 42.26193 16.72858
348 43.303574 67.36779 30.983412
349 34.364826 6.29397 22.144163
350 13.921558 36.251278 16.87638
351 55.54107 92.61784 0.13102293
352 33.941376 3.690642 0.6963432
353 88.81653 87.02694 77.89858
354 17.920845 49.85438 19.56526
355 6.106371 33.665474 83.24292
356 65.97605 44.742275 33.164276
357 79.696465 31.720936 56.64893
358 46.984978 87.1749 12.418485
359 25.375622 19.035774 73.99929
360 0.5939901 30.955124 92.801
361 82.32672 19.12126 41.97537
362 53.96148 92.09403 16.738594
363 66.99868 72.45232 80.36035
364 11.331063 52.927856 63.520496
365 78.44053 64.42389 55.58677
366 98.4548 15.049749 79.29693
367 39.45148 87.17248 30.158222
368 94.38902 79.078316 80.37413
369 45.23173 72.60907 38.330494
370 84.945404 51.419376 90.51419
371 38.073116 96.93087 0.016093254
372 4.0741086 95.71445 58.781414
373 47.710564 0.24721622 27.012295
374 76.5457 72.82553 46.49172
375 52.1914 55.914402 64.62855
376 79.58214 93.94713 59.020687
377 24.058365 56.966908 7.721865
378 54.953735 55.661846 49.968327
379 47.17458 52.165764 83.514854
380 30.287027 56.52452 9.274382
381 71.31944 76.7358 52.004314
382 28.917986 53.200485 65.41183
383 26.633484 36.864418 98.003265
384 56.454216 94.61332 32.86423
385 98.71738 27.269691 6.600875
386 0.95671415 39.181114 44.100266
387 76.760796 73.06645 83.17734
388 99.822464 92.69745 21.57231
389 23.702114 59.990086 45.077293
390 92.70184 41.41813 55.755978
391 43.967712 94.52895 46.506584
392 91.1404 51.70837 90.26838
393 14.276922 13.172853 89.62511
394 71.51874 95.517685 42.05413
395 89.284805 56.969868 62.772488
396 10.308713 93.5266 72.53493
397 95.16218 95.883224 42.507328
398 69.38243 60.27069 5.562419
399 43.84495 60.22852 1.7528594
400 18.503464 51.07564 42.618008
401 17.05513 2.0255506 2.5608897
402 4.7011614 18.875378 75.243126
403 84.25771 5.938661 26.197577
404 3.2158017 19.026297 6.7914844
405 61.957222 32.839333 86.08671
406 10.138523 32.22064 29.863596
407 84.603325 28.08805 90.35701
408 87.65293 61.98951 13.998884
409 14.76745 66.3706 81.26347
410 96.70266 42.597145 95.254875
411 42.591953 25.73486 48.3412
412 59.95356 56.034332 19.263584
413 55.77321 76.20404 78.51248
414 94.590546 46.149574 65.50618
415 35.31087 31.639177 23.708576
416 38.1684 91.147255 57.602806
417 21.187222 14.856511 78.30166
418 63.57796 50.082882 85.498695
419 28.766209 47.04215 0.9117067
420 90.36668 57.259823 75.75214
421 82.5481 83.94545 54.680836
422 55.152287 13.216299 99.71639
423 43.651974 51.61721 71.756294
424 10.417581 24.811071 34.548504
425 20.875423 81.231285 74.04761
426 91.0514 85.25793 45.512646
427 95.669876 84.99799 19.236351
428 17.261404 67.26507 57.91379
429 20.390343 60.005768 40.60065
430 40.293766 27.653378 96.88505
431 65.18945 79.46165 2.560401
432 5.566573 42.043938 22.546942
433 99.00836 48.60742 73.68125
434 81.99247 25.736248 44.680214
435 70.67631 75.46051 43.634056
436 58.743168 87.124016 74.12758
437 90.49768 45.080723 58.455795
438 23.01104 14.054555 1.8164992
439 90.41259 56.829517 21.655142
440 19.961977 21.92446 25.452877
441 25.179613 35.58197 45.56303
442 47.546577 2.2322714 16.813623
443 94.560356 20.672882 90.93736
444 55.16364 86.62861 54.80332
445 43.517345 44.936108 82.537254
446 45.66196 42.802555 58.329784
447 66.23572 29.106892 21.923859
448 84.5214 66.94223 30.23278
449 58.275146 47.06496 19.807083
450 46.214645 52.560787 38.642555
451 37.317245 43.101616 68.08674
452 79.37065 39.418633 49.60942
453 36.69827 73.577736 56.332653
454 49.065292 29.759943 89.62033
455 78.24055 90.45452 15.724367
456 42.60102 23.466646 5.2426577
457 52.118427 15.814209 38.641453
458 55.35131 87.72409 3.7044585
459 26.756264 84.21321 30.443169
460 7.7236595 32.28913 64.89803
461 94.4717 22.673029 46.00187
462 62.373745 5.1929235 41.184628
463 38.959545 59.3494 66.41255
464 99.51582 98.24852 52.947323
465 88.55469 30.69393 32.27038
466 61.602 21.121061 68.46425
467 96.93392 94.81698 12.56255
468 14.982015 85.183685 22.28173
469 46.75631 99.57967 29.784239
470 30.719906 40.120995 88.38009
471 15.876616 6.8848133 66.197
472 73.47025 47.35527 21.32632
473 45.9914 64.56914 85.45774
474 80.72517 69.822845 9.69857
475 94.058 45.340126 18.648058
476 88.69298 13.010586 83.86637
477 25.319296 4.168767 6.5738974
478 29.99711 55.882732 58.836777
479 30.574883 65.26729 21.417946
480 71.11396 50.75689 41.19958
481 27.134537 78.51736 60.92986
482 63.046463 79.14495 91.26161
483 67.43499 38.01454 53.744358
484 38.10073 64.422905 76.07069
485 68.93503 39.336674 49.966423
486 62.375908 14.680892 14.957208
487 67.59077 70.99951 4.8787355
488 1.269424 81.97111 91.569496
489 19.757908 89.68367 55.949383
490 8.4677515 48.40586 94.30665
491 22.350037 28.442764 4.960102
492 98.86738 86.08239 52.263992
493 42.86799 71.68227 36.521275
494 42.269684 95.217415 83.63491
495 48.03716 46.16415 17.76833
496 27.585178 37.742935 1.8142045
497 48.81556 47.62476 88.04125
498 4.5044065 46.797245 17.869305
499 20.459705 61.37429 44.602924
