100
12
0 58.42064 30.04473 75.917694 88.03739 6.867403 21.695667 70.45217 50.72578 20.810991 89.14254 90.014725 42.032837
1 40.962936 15.900129 72.371864 98.02593 26.6939 93.144066 67.871315 98.387344 87.30383 44.502552 40.565456 53.31695
2 28.200495 6.128359 9.624052 34.244686 52.36389 56.19847 86.94052 1.2265325 51.846893 53.350346 70.721115 68.0412
3 78.3049 44.062744 10.642266 76.75565 77.00649 51.521336 59.37129 50.813763 63.363773 25.280207 98.43605 41.260563
4 74.20752 44.561024 68.23002 39.09715 23.853487 56.152855 26.039923 70.32946 75.06061 38.732784 0.13991594 24.206024
5 11.42844 12.476927 39.02346 52.421684 86.34386 19.8435 73.622215 63.498062 66.54984 49.465267 6.8305674 75.7505
6 79.62059 39.583706 22.819471 70.640205 84.497 5.097449 11.550516 50.12884 84.737404 78.103424 38.71868 73.95098
7 93.805405 26.112152 54.25269 70.36053 90.64816 25.563532 33.73806 44.567482 98.672874 76.813255 36.016964 78.24812
8 10.231888 76.67211 50.139355 29.48653 16.659885 37.443222 98.23321 21.401442 97.12029 99.109604 74.23184 98.45513
9 50.920795 11.084312 87.30958 38.769234 12.0234375 19.26635 62.96261 28.236353 72.23723 35.8803 42.620724 25.179852
10 23.639536 66.86047 37.242126 2.9522777 50.285698 42.828213 93.34375 40.16493 94.95756 33.77357 47.232586 5.006683
11 65.856186 8.471889 89.770546 29.95339 49.60913 31.836319 68.830666 7.515788 56.148846 26.535915 87.752205 25.76139
12 34.89864 79.315636 47.705124 56.226147 93.81102 62.870808 51.122196 66.367134 98.23832 6.4993563 67.50375 46.574585
13 77.03698 64.03707 36.261414 68.44769 71.93759 47.044285 82.22275 59.846012 12.837964 61.438053 75.40996 34.268234
14 17.643702 73.64759 19.23588 21.31033 8.500093 50.118233 80.8964 43.052555 16.203285 44.121433 29.109495 82.77094
15 47.283184 24.176043 51.147125 19.726753 1.3121426 47.09493 31.083345 12.132734 13.573372 19.196869 71.15456 12.716431
16 26.043303 75.33736 78.97614 93.39837 49.987698 46.19429 65.024475 41.091026 20.190817 9.0907755 51.278706 1.9275665
17 74.33907 1.2544751 76.289055 90.58706 43.33976 61.82 51.326405 21.844637 57.905 0.41067004 22.86377 47.90551
18 63.670177 26.432259 88.69648 15.155495 68.1038 20.231836 97.84251 63.16669 95.72574 61.288418 1.3548672 35.43607
19 8.466977 21.191448 64.76681 21.519344 11.725265 72.22222 69.58086 2.879852 46.706917 93.08954 26.571524 86.638985
20 0.4679799 79.30356 67.3271 22.043026 7.713723 89.63311 31.100554 51.213646 85.48119 5.2260876 94.42598 28.801537
21 22.475725 12.73694 12.902707 92.50378 29.781454 85.969505 33.93275 98.835106 66.20291 66.18918 60.95922 84.67581
22 48.468227 83.78071 82.89941 36.37907 89.34293 23.032629 45.060825 63.847893 22.341454 77.538246 12.002129 89.03563
23 43.71435 41.34518 29.743654 76.6488 55.83229 16.208374 19.699501 2.1119952 32.64212 19.059563 54.00969 68.58002
24 50.75883 47.371162 59.97693 34.2535 68.76525 0.044697523 57.49887 84.58366 73.76631 74.68904 39.237213 5.065763
25 6.096852 30.877983 89.34642 60.95778 79.78396 55.710297 97.52575 34.97059 23.952024 20.569902 44.650215 85.123245
26 16.42825 24.543959 12.032927 67.71615 79.51896 73.95926 35.289692 87.735275 75.00512 12.71261 86.69502 36.762764
27 13.134039 53.57952 16.778845 10.245502 72.611206 45.88377 20.719093 48.1914 85.7317 74.50372 60.902626 60.259033
28 46.806866 14.200247 80.98591 4.832691 51.475056 52.007328 85.07717 26.894152 19.431479 49.5743 38.539158 88.99023
29 20.233404 2.8456926 23.690897 78.84053 39.354046 94.58004 67.74795 54.432507 44.357975 47.524483 54.124798 8.92517
30 45.299934 14.473009 48.23348 52.25373 72.11723 73.1488 70.716705 20.733595 99.36706 86.38531 54.27987 29.754538
31 46.18851 94.26857 33.625717 75.19701 29.442602 97.889404 64.20276 96.66938 89.76262 92.59468 6.369299 28.044521
32 84.45404 0.89306235 73.0284 48.868137 15.103352 25.542767 35.74723 92.63272 50.235794 96.22241 45.83981 76.08529
33 9.8140955 68.26819 20.932526 56.903244 95.7655 69.26986 6.275499 57.280815 4.598546 94.18794 64.70138 68.0822
34 19.6217 57.72786 14.920038 64.912704 2.9631376 4.94234 99.0902 74.22363 44.73715 8.69925 55.70487 57.70173
35 58.09363 92.33113 30.209373 77.81252 65.86984 74.36927 14.9414835 40.39504 15.048522 51.965992 52.509827 13.380968
36 88.686424 2.944088 7.2381077 8.585715 97.44723 71.21322 41.48974 8.454651 11.950135 4.7049522 75.30487 76.82144
37 6.990981 82.457405 45.645298 25.134832 95.02848 11.7968025 66.53137 9.035969 21.43963 6.799197 63.41073 8.234507
38 21.783102 4.764682 68.22446 31.763094 22.077698 13.006889 8.899212 85.12547 18.877125 48.87069 65.52298 12.643462
39 55.23809 81.873985 41.447746 72.316635 11.633003 68.86895 71.26011 29.41032 34.112255 97.091606 58.28546 44.271748
40 3.7963927 92.1854 65.422745 37.84127 16.860378 80.32692 27.086205 11.08852 48.909294 7.343948 73.36147 71.08864
41 54.945744 50.40558 65.73265 33.398853 40.468414 16.99978 6.533498 67.35195 91.65226 14.328199 60.31069 75.2137
42 85.64226 13.085514 87.31461 28.031952 4.9044967 91.30823 49.16907 58.423878 43.04316 65.34509 80.2956 54.30599
43 30.794537 30.10016 90.82087 36.281822 98.898254 93.92498 56.481926 96.490875 74.63032 4.594362 76.52968 47.427345
44 27.935673 91.71185 23.944891 77.60957 14.855206 62.98679 44.61479 46.883713 35.400383 72.75023 68.7259 20.254421
45 31.848557 61.78881 2.8259993 35.938896 4.836428 49.343353 63.17488 14.139748 48.40248 37.52436 67.58037 28.939682
46 82.61998 82.33493 15.407306 10.663176 51.57987 56.168915 84.4192 1.7651856 14.70052 6.588936 53.193623 20.34508
47 76.694145 33.216434 2.7353823 64.10903 13.60479 6.829226 58.348465 19.191969 73.311165 35.71786 39.63727 85.68814
48 74.48114 7.770294 93.56607 40.829937 40.45902 61.716385 82.756935 85.109116 77.809265 46.86487 92.652306 42.68035
49 13.641453 42.212093 49.87687 59.361694 13.373155 18.013786 17.2324 86.500626 9.786045 26.120419 44.440754 91.771805
50 35.192726 10.227984 18.267649 66.28881 87.9181 89.645836 20.330244 26.735174 10.332214 16.50194 79.093 49.85129
51 63.136692 58.074444 96.73106 40.665756 55.85097 55.05263 58.191563 74.259 19.379251 40.195953 44.478218 70.33137
52 67.635254 27.597301 94.55078 49.967957 2.4962664 53.397667 98.96163 82.11238 32.446907 37.488197 86.1992 83.55605
53 39.31796 60.930157 41.489513 78.70749 80.24776 4.291683 3.4012914 24.828613 20.679749 51.926212 30.948704 43.423824
54 77.705956 40.793808 51.99198 80.47102 6.7836523 69.461815 60.66729 16.427147 85.763565 3.4339964 59.461456 13.477641
55 61.807823 32.27986 61.576237 82.190895 4.2417107 87.81285 16.65445 65.26179 1.3366044 1.7543674 72.083374 22.871346
56 4.6829224 17.189806 71.327415 95.6526 40.968685 17.254967 47.514267 58.44926 8.97758 63.780792 36.310734 34.910244
57 67.371 60.27853 87.540924 51.216827 5.794078 50.18562 44.65211 81.44153 14.081269 10.546726 18.710983 99.551895
58 9.430016 1.4193118 56.87104 59.074253 13.522202 25.725443 81.00598 83.909706 56.42447 56.7912 1.3333857 68.548874
59 13.975489 10.503948 32.29905 56.57593 4.1188717 5.2700043 7.7588377 29.312151 95.673935 40.478794 2.648729 85.962585
60 42.32681 77.99289 76.002945 9.748232 93.705215 71.61938 1.5568614 76.09215 54.370678 17.220646 7.5094104 86.65817
61 37.08088 97.04918 5.635011 82.403336 66.96583 42.31114 15.207111 58.09997 43.109436 9.45878 31.565422 36.125015
62 9.780293 50.177246 19.130379 57.626797 64.122406 89.67365 29.8086 71.20356 64.971275 20.215368 29.669779 82.51183
63 69.63746 69.73185 18.201328 20.13161 24.596638 41.834988 18.114775 53.72417 61.203022 12.28376 11.405105 8.014983
64 89.52285 46.48923 75.0283 71.22069 59.45354 7.208073 92.1066 27.82747 37.29816 5.501133 60.99738 14.544773
65 73.315216 11.045086 12.937898 24.041712 58.432545 49.99948 61.432846 65.77362 59.83676 45.180733 14.275938 46.68742
66 10.623592 79.923096 67.344826 99.53136 9.780198 24.671417 92.39682 63.376743 68.69022 55.32148 17.400015 93.08632
67 48.891647 11.182088 54.902035 32.949657 54.32366 5.07471 53.07025 58.47637 27.682327 70.71676 55.900265 51.13063
68 14.237899 45.674587 58.311123 88.157036 83.58522 69.65292 12.11955 75.95108 77.899376 75.853966 77.96298 35.842983
69 98.51271 61.0482 62.941235 28.680492 66.73842 1.6204298 34.945923 25.014187 42.126106 97.26958 52.288425 44.62207
70 45.59251 50.64514 95.32392 88.98379 86.537674 54.702847 78.36804 17.36759 4.104167 54.977257 62.442387 98.475685
71 1.7012835 71.63152 78.45712 39.96879 30.89391 16.698647 16.597324 25.335306 92.40774 81.3319 90.24022 96.97144
72 96.55135 22.403503 55.07306 24.298208 17.586136 69.012726 58.64638 2.371198 92.83523 39.281567 28.889502 88.666534
73 40.522648 93.43503 37.700333 10.288704 84.94564 8.103621 17.2288 50.294476 94.6434 91.87981 70.594215 47.524822
74 21.329779 46.552105 28.265125 49.459476 13.668161 30.588114 18.002272 30.1449 11.2046 90.10943 66.00029 95.99664
75 67.22672 71.88021 44.60267 29.8545 23.828041 27.111042 56.711708 79.49993 63.440205 3.8675845 66.83666 50.16716
76 85.52267 29.589891 85.7482 63.443966 28.504282 19.003414 11.127043 57.228107 50.55349 42.18327 55.663006 15.7566185
77 49.971962 33.67437 31.09402 85.64604 0.18428564 67.64278 40.05238 86.672905 75.21826 12.618428 84.74814 5.7985306
78 80.58441 79.38264 73.97179 43.626724 89.47961 99.16064 78.20628 95.81463 24.730772 99.02094 91.430954 12.487686
79 58.895756 55.09057 41.168205 8.801878 16.047256 0.013154745 93.22274 54.62604 13.142263 82.462456 11.207336 63.87291
80 42.246582 37.246674 4.219687 30.089552 59.526676 33.68078 68.871216 18.140167 56.6872 56.85966 58.27611 58.601845
81 65.83178 15.941471 83.65312 96.08577 11.530542 10.567069 31.00248 92.14274 22.724337 61.430466 2.0879984 62.576496
82 52.081512 84.42117 25.932634 55.546535 98.20802 65.638794 33.54207 26.282454 64.91782 53.20357 7.9834642 94.85538
83 26.384317 92.73514 66.707054 51.37097 53.76142 88.53997 69.61044 97.09029 30.69527 9.144056 80.3763 37.08589
84 76.51801 81.34887 9.69137 9.653414 67.85731 34.3098 95.77139 97.185356 14.507985 87.379524 2.9245913 92.75078
85 92.8553 91.08302 54.504414 34.199776 60.63525 68.364204 38.406826 84.025635 87.651375 97.24941 96.20232 57.08468
86 7.0876837 80.70446 10.059744 41.018097 66.67288 64.4266 52.886326 35.081703 85.135735 58.630234 48.703148 54.117996
87 70.67952 60.88737 73.39059 15.463924 59.69339 49.415672 95.82676 90.352974 87.269196 50.82463 40.420902 58.33041
88 9.52841 84.50463 32.491302 36.65536 91.067955 44.15526 45.295578 57.727802 30.35618 12.293625 93.29367 60.17652
89 79.55891 78.16733 40.976913 25.11521 82.52446 75.83944 14.95964 92.76867 91.54078 5.146879 2.6932538 8.551937
90 67.59381 91.903076 91.88181 76.92947 34.366386 78.57777 87.26802 8.975834 58.84111 76.51141 36.799026 81.30587
91 13.396782 14.589864 97.21332 33.553368 29.561352 66.61228 73.81765 5.279219 52.516926 55.03828 23.712372 95.32073
92 20.015478 7.418406 23.103994 44.20453 18.093819 73.92777 63.806355 28.198683 58.969643 10.679889 71.83089 79.5526
93 10.418272 49.85413 81.417435 36.952 8.994066 40.39493 64.34055 91.50435 66.45654 73.71595 9.2815695 42.777782
94 36.03719 49.362434 85.98964 65.47267 25.64838 73.15734 69.430695 16.94504 13.263506 72.50008 59.771294 78.57776
95 46.523 13.034266 23.555595 17.271435 56.741177 80.9959 22.563082 7.2776136 26.06482 74.654045 51.39687 55.211067
96 56.288155 15.130824 98.728325 93.156555 66.045815 25.619781 95.25322 24.940807 8.633107 43.004173 42.802437 40.2997
97 50.951607 66.818306 1.7622173 20.070631 82.02027 37.413918 80.12483 94.732895 50.663513 83.4225 38.300495 48.46698
98 41.484833 23.787577 34.53065 74.08277 37.71894 32.735603 60.66659 31.166214 42.24826 28.32951 95.5957 73.91267
99 13.75764 73.28741 61.15089 37.468678 55.030483 47.444813 44.431686 76.11603 72.6716 76.799126 31.6639 65.0421
