250
19
0 73.37729 5.5738807 31.063503 80.251396 35.48056 92.80765 33.359158 83.24029 23.221992 66.29215 45.996277 77.81133 52.01134 83.29935 38.544006 5.776763 18.291664 53.42741 94.71609
1 16.577518 18.315065 25.697248 68.175385 1.9775629 15.265381 7.2881103 29.978281 58.20923 48.895718 23.701101 14.922344 13.037425 93.87448 22.010153 22.905415 90.08942 45.73445 71.18555
2 79.25512 31.109566 34.683685 66.979164 93.61254 84.42414 8.365172 70.82735 64.43595 9.780693 63.558315 21.505087 59.92295 74.86445 55.223656 50.263935 15.841145 95.25613 38.442993
3 1.8782198 46.426147 29.51132 56.749565 38.945366 81.484726 5.601782 38.940823 60.03328 56.77395 59.417946 98.396126 45.502144 76.57185 84.70626 94.67023 11.270868 88.38059 65.082695
4 50.00318 80.23638 6.491441 10.067659 54.48988 4.83337 60.58681 89.92993 16.915178 0.25413036 39.865017 39.076103 55.420452 85.60489 34.86772 19.404799 87.776146 15.791565 26.1006
5 37.154423 97.45518 7.802558 28.80879 37.061935 74.10995 85.44818 20.357466 42.935856 68.43962 52.249187 64.34352 24.907112 57.594402 45.32511 12.909752 90.59894 91.8141 67.66485
6 45.14128 74.25451 22.36398 62.476868 59.60383 27.546305 89.25076 3.3877254 28.053062 55.49143 51.72648 76.62002 75.43639 36.805416 60.080273 26.032084 39.167587 80.396065 11.354703
7 95.70247 84.23738 97.845634 79.89179 15.81406 86.29957 79.032845 24.31522 40.722065 14.023602 96.947586 11.802673 19.623411 36.626625 4.7537446 67.22185 93.09354 89.79626 28.827053
8 5.633074 97.39218 60.71083 75.463066 81.3524 83.89782 3.387487 14.907015 32.583637 35.90886 92.28533 57.056767 97.742935 78.50815 33.417946 0.44799447 66.002815 19.949198 16.956066
9 95.82659 21.074623 52.372097 47.50967 82.68822 72.44371 44.442593 82.3632 10.623085 3.594005 24.139505 43.605446 65.21134 21.448463 23.365562 17.366302 62.70041 67.358376 10.86061
10 77.577805 29.951256 57.361626 1.1514843 58.46188 31.419855 0.77358484 96.639595 80.26803 67.55947 1.9622207 0.62842965 7.911497 37.367886 63.692535 60.91345 88.67734 9.30236 72.817375
11 47.844643 89.95305 70.94833 84.26824 95.43634 3.239727 59.22164 8.998794 98.61374 28.987461 4.137385 20.30638 50.084923 35.93762 33.983196 93.166626 54.209507 46.77763 85.84389
12 88.03761 86.76003 32.478863 79.655334 47.013474 94.36273 64.46568 47.1963 32.031258 87.94547 35.835476 49.59951 55.674587 74.56016 99.60959 72.081726 21.397186 61.89466 8.151465
13 95.72232 45.948757 31.61844 68.45928 20.391142 9.473973 9.95124 43.359386 46.529682 3.0373394 16.60341 39.33726 26.678986 86.876884 73.169624 83.80195 19.73983 60.99752 27.387833
14 34.258068 35.324226 91.08012 55.18694 0.73738694 44.653774 43.218918 44.48838 42.815495 74.78369 9.633636 26.207644 10.814041 50.047718 60.971004 83.295204 94.88604 18.157684 28.665405
15 48.997616 78.43179 7.043868 0.43218136 63.405155 36.84165 25.041449 33.49603 31.944311 97.36508 3.232038 41.59954 61.492466 69.73417 10.515345 63.993137 6.524992 54.103928 64.25612
16 56.091553 57.998085 37.30861 41.13018 63.719105 46.935093 50.07695 32.145798 25.094414 9.891928 96.72187 14.873147 38.97594 98.16393 0.2518952 55.865288 3.5658777 81.85946 65.4879
17 42.353863 61.527573 55.46521 31.566525 48.867386 32.29872 46.48723 14.440113 9.828699 7.079911 42.95473 76.22464 20.882303 65.5594 20.369106 68.39608 71.185616 20.525414 71.9782
18 92.099045 96.73745 38.7555 37.528046 83.72934 85.64063 38.509243 20.926798 45.31532 93.695526 47.949093 74.14558 95.19749 90.65092 80.0501 67.33867 58.547295 40.614723 51.021255
19 29.314106 63.14534 75.42835 36.749554 20.409399 62.63712 87.17634 28.90634 35.374496 6.5965176 99.441536 55.549477 47.444893 88.85987 69.491455 64.552895 18.374348 77.7662 82.42277
20 9.047908 61.32505 4.484713 69.5896 7.1312547 54.279797 19.172514 77.650795 91.05955 37.706936 25.241583 30.609108 89.49638 69.79657 45.793404 28.658749 58.407806 60.481216 34.88443
21 66.94972 58.027576 18.00332 11.610389 1.0207951 63.861137 51.905815 4.2491493 39.214962 55.705017 18.473429 52.400272 75.499794 89.67713 29.875904 30.036228 47.46288 71.64646 89.15855
22 44.78015 86.592224 96.39368 48.949455 7.005292 33.100136 33.31564 13.030314 85.28087 91.38563 47.307266 24.032825 6.3507023 69.696106 71.22712 76.32401 72.61843 57.64741 55.504204
23 6.0409307 57.734383 66.05976 30.210829 87.200714 71.352425 67.19332 27.361483 77.3817 22.784138 1.113689 36.162548 33.742065 45.76512 40.837143 44.109623 61.774765 3.8227022 59.415936
24 52.69515 68.41468 79.06444 4.602587 31.350702 97.69937 53.174812 38.621773 78.21841 12.488472 34.90827 33.382042 15.350544 7.6767564 35.606567 55.74399 40.713726 58.36616 75.76768
25 27.85576 54.47481 6.6273155 49.28362 87.76151 44.83323 10.378778 25.790369 3.2389522 64.31457 31.70308 29.091269 43.9428 13.941092 45.324593 54.596035 94.3033 25.84756 43.281197
26 40.242203 82.191635 48.32803 92.876656 62.82912 10.12308 77.40737 42.214222 19.80409 49.78964 90.068565 32.95659 70.31448 4.125243 43.283295 71.96814 39.111626 50.100838 44.853443
27 82.270256 43.305832 60.276466 44.44958 25.939411 40.984512 11.120397 61.618267 95.42322 48.58621 34.61932 70.223526 60.027184 52.254845 59.190845 11.902595 37.38188 89.07461 32.87339
28 63.5776 18.447144 84.31464 81.77554 42.6118 93.51858 58.112072 49.44634 87.38157 16.808754 12.225908 96.870575 98.21771 71.076805 47.745342 40.953434 94.02654 90.63741 66.393074
29 33.45267 21.421844 11.615205 60.0955 58.22351 16.683275 9.808654 79.87929 67.30212 44.91871 77.83674 0.29376745 14.772648 36.873333 79.77135 9.155351 49.606102 81.134735 0.18205047
30 74.48594 26.856243 60.082047 98.97217 86.40213 11.939192 1.681757 68.66367 77.051636 20.463694 48.8182 18.553764 67.44392 30.53429 73.75214 33.64054 27.454006 63.999134 20.82628
31 55.184025 10.97287 85.19859 86.7961 35.57961 9.030098 51.8953 19.08253 40.784378 61.93105 53.79556 59.559937 18.32444 69.55147 34.036697 99.75727 53.95972 14.749127 41.905384
32 64.92712 92.98791 66.529526 58.621967 64.50138 67.09321 0.5975425 59.092808 47.99257 10.309071 79.009094 71.974525 84.215805 60.353935 76.88805 18.152363 41.413826 68.16181 61.988785
33 97.81419 22.888697 99.27587 96.97054 51.76792 1.3207316 27.875536 89.62569 0.63147545 72.135506 46.10157 3.302312 12.214434 96.92896 38.12581 19.027155 23.060263 49.753284 76.74427
34 18.323463 44.04634 87.49079 68.37561 7.7011766 75.523445 98.901024 5.007106 3.8548112 97.158615 11.32968 35.195396 34.632034 47.929775 48.443825 73.60852 22.041178 78.17255 93.44387
35 64.26286 7.467127 7.8295174 59.549355 57.597862 58.695175 21.79014 50.527065 68.44101 86.44543 47.189934 88.80093 39.905487 63.35371 0.5770087 35.242844 38.055687 19.467634 40.83095
36 43.892185 61.056793 19.441288 81.57542 15.202623 33.341534 62.102554 83.56494 94.394356 15.489721 82.64136 81.21528 26.335276 40.9978 51.343803 80.21369 27.137566 65.45048 15.908897
37 66.18242 75.19976 6.8932295 12.575489 72.929306 3.4236968 70.10238 5.5145264 97.21984 90.2805 85.18192 5.474907 3.6250412 83.58899 82.26785 64.09242 15.279102 38.418434 50.43955
38 56.47511 25.825531 33.360313 48.133743 13.871342 25.005281 29.268932 3.9022028 82.92936 99.875145 15.999919 56.28541 96.100136 39.230526 28.041172 67.48757 87.2644 28.196985 4.409063
39 21.59496 71.13614 9.96747 84.76173 0.0010192394 88.17864 13.173813 18.162054 56.774418 57.7468 86.33528 66.91843 88.77659 60.33625 49.2264 1.8675625 79.81463 9.8820505 7.917428
40 51.578926 66.97578 74.02728 92.79337 13.305271 29.0658 44.506897 63.241844 92.94153 81.864525 61.908905 89.17077 82.46138 9.375917 15.040672 17.390316 31.764252 92.6114 91.21201
41 73.54826 35.887516 72.48829 71.53159 40.1855 54.231316 7.497859 86.692154 5.0831556 54.733162 42.809677 60.902077 46.9704 39.554565 79.90397 32.12329 37.481773 49.352707 35.69556
42 98.43253 97.6864 57.970535 70.030525 76.27737 77.312164 88.56381 79.55942 85.1082 86.77247 93.78227 45.04142 83.102165 32.15077 17.43474 45.397823 54.535633 96.34951 71.7082
43 34.157585 95.20458 4.6695232 33.903904 7.7335176 7.842761 78.22034 59.038647 77.20654 24.765825 45.898937 71.58583 9.51364 35.307915 76.4069 0.96395016 5.2291927 46.659714 41.156586
44 53.79341 80.16051 29.420889 1.2631774 21.92629 69.96829 44.814735 65.50913 42.10717 60.75752 65.66062 18.643158 91.96066 95.4105 54.754967 12.140274 1.7479122 23.26287 64.48144
45 23.170126 13.728851 59.02675 52.774654 66.62555 45.56016 31.678904 50.831635 23.344458 33.313267 22.953152 65.34567 72.869095 98.58931 82.26516 95.98532 78.04397 15.826058 26.077526
46 11.12656 12.336272 46.036285 77.16824 60.55041 88.91191 55.502045 16.843992 42.33661 97.21988 88.799385 31.25189 57.22277 71.19437 9.182281 53.56115 22.277636 60.306847 32.86368
47 85.44567 17.188437 96.77992 51.958477 24.09653 61.430973 9.565854 81.474014 1.5909612 75.032875 27.511383 54.236668 40.063095 35.826473 3.8555324 82.328705 43.548035 83.598495 34.280003
48 70.59175 41.950928 28.275043 97.656685 5.9565067 7.2381554 32.43826 27.979868 12.523055 11.130065 65.57557 97.36079 95.99046 48.32982 71.345695 12.09085 49.58404 22.248013 72.951805
49 69.40112 37.227875 70.438385 33.898308 3.4753323 46.347733 85.26817 30.74425 41.391666 33.16644 78.99357 15.033561 57.915188 96.282776 20.243008 97.77649 41.442795 71.132416 76.33927
50 81.383804 79.9819 57.853134 79.8886 60.835194 27.951777 80.16748 72.165565 83.42809 93.02406 33.017887 85.12457 80.34731 72.419945 54.5166 10.03272 94.47636 94.37309 53.795742
51 66.96647 28.607624 71.22735 23.860157 65.53221 23.08318 23.309166 58.67229 14.50482 58.804417 78.79953 0.35935044 54.540085 32.69546 24.895912 47.366154 13.178349 0.6103158 74.23008
52 22.134525 1.0528684 55.170296 1.4838755 99.83362 20.145834 51.250233 96.17645 42.972 53.2566 3.2565951 5.498934 33.37952 64.28429 19.727528 6.7254066 88.85573 3.7647367 71.215645
53 42.07357 50.355404 77.18848 86.284294 73.92852 13.34588 65.37058 62.463276 18.145031 98.16449 58.519703 59.191036 94.83679 35.877193 77.1954 98.447945 95.835915 23.155802 54.148983
54 46.6057 16.117716 39.725773 67.77321 43.936314 82.24933 50.478756 78.763084 12.511331 47.71663 39.6938 81.39865 30.459898 15.251655 63.081997 45.948936 52.636383 6.528437 3.4873068
55 81.97433 71.88329 85.38306 84.77935 78.24479 8.781129 71.674484 25.313074 84.629234 43.886566 67.72661 94.66839 57.24442 38.118137 80.73334 5.3964376 29.540031 42.61155 24.383842
56 13.175774 39.562798 67.80433 47.153194 84.922485 4.672134 46.80362 78.14552 3.6167145 8.319825 94.63675 33.07736 22.32914 44.567577 82.48761 51.01319 27.39411 51.771015 34.503532
57 68.943474 73.931046 80.84206 29.54877 7.418227 75.82625 60.811935 87.026245 71.470604 59.529408 96.713295 15.546298 41.30162 77.08031 15.305626 57.059258 75.02775 51.963253 42.66862
58 13.669401 98.65903 42.80209 85.53005 66.606316 57.880707 28.483736 3.2890558 98.95265 32.722282 75.77064 9.515267 98.23397 14.4436655 61.38364 66.28309 19.69949 47.639603 7.269865
59 19.637573 34.20621 97.41524 5.490178 33.94302 9.519744 98.33347 70.8575 82.56058 94.334015 29.558098 60.92986 34.522003 99.46909 79.156334 47.824757 85.4609 29.928076 63.884872
60 51.000065 36.44023 89.4855 52.030815 38.87883 48.44872 1.2626767 53.142094 57.03262 41.763603 3.649354 35.95249 26.443136 68.19107 51.602936 74.73785 94.81064 37.058662 84.75172
61 4.049659 92.45895 0.96859336 92.1174 45.637543 0.4004717 9.512454 80.23625 11.836016 47.68484 74.74386 28.892439 53.256428 17.186552 94.11638 33.788353 10.858404 10.229278 79.29226
62 95.7843 23.006046 40.44761 3.7480414 24.67621 85.633484 43.414272 21.04398 4.9894514 40.905933 80.98852 8.145439 90.40621 88.58322 26.056898 45.008286 90.98313 50.550777 55.142857
63 70.05287 27.33667 37.620842 81.8684 19.998968 2.8706968 47.72699 94.8871 17.228132 88.60118 84.10501 38.90902 55.35256 95.21586 3.101784 98.85787 27.535767 89.02475 55.07163
64 24.899858 67.42836 78.05446 53.661583 12.739921 31.011217 82.67308 22.968983 29.681635 42.40229 13.071835 16.955502 35.792767 87.565956 0.25712252 58.563198 82.2231 48.213882 84.8166
65 98.70367 99.21021 81.91374 20.822393 78.24772 96.32041 32.99874 33.342888 83.95898 51.557247 88.333496 4.9842715 5.681634 36.492027 9.936136 7.817936 24.764723 16.70506 97.04409
66 35.42778 29.498154 43.561874 69.164314 89.40125 63.12958 60.485374 61.251907 94.47216 53.76605 38.036873 76.26353 36.096085 57.145184 13.71125 19.341923 58.207737 5.9531927 88.62317
67 13.779712 22.293657 10.200655 51.262146 70.21827 2.0445645 88.33268 93.08875 97.35904 81.37497 38.50205 19.607037 31.460518 93.46933 33.08859 69.16836 51.28669 11.004532 50.483883
68 38.43988 89.74678 94.38906 48.819656 94.31983 59.570366 67.64507 53.203594 76.02779 60.905327 7.647252 26.705683 64.8795 18.182081 59.34156 45.43888 12.422734 12.991113 80.12991
69 8.292884 67.52729 1.6692281 43.967587 4.961562 59.86378 69.94413 18.336308 3.6706328 68.96058 23.068691 53.89668 28.340721 5.497241 5.6713877 81.3709 88.75378 33.28924 9.905296
70 97.4555 35.631634 77.96815 58.804672 91.02038 3.4507573 70.90239 41.028725 32.5356 9.435976 16.487211 46.921276 38.911247 18.689394 7.4206886 89.14049 68.38486 98.072716 38.65315
71 35.675156 76.701065 39.588623 36.836582 92.08535 27.869099 75.97791 61.610985 23.070908 46.837772 64.50563 89.05763 32.329197 94.38931 20.95568 30.05297 32.023453 48.62917 25.254547
72 98.80694 38.517975 75.159004 37.531425 44.119198 65.381165 37.196373 92.4841 10.197508 35.610073 35.690975 28.412216 60.431046 66.75045 21.341986 42.018 89.28595 60.79698 99.11228
73 91.93845 60.291218 47.74506 60.44605 42.90335 45.524025 31.275051 58.320786 2.4143696 40.510048 87.69331 60.209686 45.978725 82.264946 96.90341 19.01598 12.334341 84.3683 85.37179
74 32.398384 22.964949 6.3445687 35.88116 77.28156 0.77543855 12.902808 43.994175 14.693892 30.398035 27.245838 54.799313 36.666595 80.60589 0.0016987324 0.46896935 43.345898 50.165176 67.468285
75 35.77078 86.60676 68.66282 58.722115 67.85 33.52143 88.971016 87.46252 32.81433 96.546555 17.681652 70.79374 45.938957 50.08214 2.752906 0.8529246 57.265984 28.268082 6.5134406
76 36.44761 69.159096 44.97661 48.880215 18.660223 7.7142 32.70125 86.0452 67.51007 3.1045675 96.516815 58.91422 14.848643 93.80258 76.88516 82.24244 33.127903 71.58002 10.514956
77 67.77141 49.76082 75.21676 41.7696 64.8618 94.541145 94.480034 33.58894 31.324554 22.866863 87.26949 42.190327 0.63563585 32.996017 43.51848 84.901634 13.792211 51.742214 52.72103
78 46.62131 23.109388 83.19117 77.60271 34.181316 28.708828 90.30226 85.81901 16.201591 67.816475 33.576256 2.5578082 41.07762 72.83392 6.060004 79.015175 40.053932 41.104168 44.372463
79 10.941273 23.739243 1.0502875 33.536118 25.413721 17.057096 13.678092 64.360695 96.84866 42.95688 52.117508 8.939493 70.7287 23.002905 55.811703 98.28356 7.895851 72.29678 50.088646
80 69.849014 7.37558 6.4639926 60.171043 88.13336 91.97363 74.357414 74.26407 72.86619 20.294804 76.717575 30.334038 23.648989 19.905901 18.613577 11.748147 42.071144 69.20277 82.71497
81 48.337425 90.02022 16.802227 57.26965 80.99064 11.602915 45.188248 33.356518 72.9634 94.09906 14.681369 22.125399 42.136223 66.79829 70.92009 76.22554 61.98189 84.34316 46.852066
82 17.664951 90.57186 20.061642 23.204565 34.455086 56.193264 94.26752 40.572716 63.41154 63.753284 80.00155 44.228363 99.5452 10.8703375 94.35601 28.671747 82.047646 78.20806 85.35821
83 73.5461 91.71844 11.077231 33.185505 93.09555 38.882202 53.554333 78.85904 76.71852 28.795565 61.34672 84.94081 73.76107 12.953549 73.440544 90.378006 68.4806 89.5931 97.32651
84 97.54964 24.625349 20.388926 79.50303 83.637634 28.416084 18.48871 27.25879 53.342384 75.54426 16.598135 93.7546 96.18079 85.33792 94.07028 74.536476 12.442589 63.278095 75.4613
85 17.258804 68.45284 2.9215276 76.67866 59.083195 8.019352 27.911753 80.877495 58.510853 14.572716 33.6105 57.17392 24.933105 2.0841181 31.992167 68.87299 3.6376238 34.73506 20.412218
86 52.399315 94.14077 90.68976 48.846268 26.925236 52.345627 7.1737347 16.923164 31.58672 3.0296743 68.1908 83.82741 91.24022 8.487105 26.230162 64.77162 12.341875 55.79249 21.649414
87 37.6487 82.42836 32.180954 72.3085 14.638072 34.867252 12.584609 28.522474 94.49677 85.35585 31.616533 9.362686 2.1112144 8.724904 14.506727 73.44097 19.279469 9.90535 96.984764
88 6.0488462 92.86013 27.711231 36.2509 83.19358 78.14635 65.962265 56.422443 67.789696 92.95095 65.31008 48.68856 2.9521286 54.330997 48.1495 64.422005 48.736034 79.60882 95.710106
89 68.30786 1.3275802 17.399162 53.665955 16.850399 84.973434 45.32376 33.51692 68.16159 97.020706 18.146961 50.04069 23.537231 53.31086 63.92176 49.06008 25.86574 45.632458 23.678707
90 68.6972 59.333557 13.60088 81.0697 95.58941 88.192986 11.625111 77.60379 24.92866 57.609314 36.779713 3.6559463 79.67475 38.93383 77.4755 68.82745 55.217754 6.3486576 55.678387
91 12.585526 16.767841 66.95242 9.738034 19.07025 18.790955 56.318886 1.1447906 51.751972 40.15435 44.74283 10.035479 54.036297 31.879848 53.230106 2.1294713 52.295105 73.418846 44.295406
92 27.921604 6.060547 90.36867 61.369164 35.126514 35.7271 34.064865 36.71189 2.110356 7.100314 89.33944 54.882706 5.7239175 2.1064937 9.076834 44.761734 26.74216 70.096725 66.48309
93 14.700783 33.00635 50.162697 31.980103 43.451084 10.15861 24.016636 80.426994 84.0337 86.1663 95.121124 95.34993 32.679665 5.082697 63.29589 84.73634 3.4412146 91.91805 46.951645
94 52.73975 38.18991 41.15237 95.93994 73.67884 67.66476 91.172035 86.8609 99.64354 32.26638 83.431175 26.19788 56.799244 20.729452 73.915565 33.071465 74.376724 4.0224733 73.82038
95 87.51126 65.93226 33.26452 62.35913 18.278688 86.654625 50.615494 86.22275 49.349106 10.489416 86.55657 44.14567 10.6486025 64.16673 5.3598523 40.859043 57.57571 74.68742 21.542294
96 79.78375 97.81788 5.589962 66.462074 78.31406 32.15806 93.84279 97.76276 21.453459 19.07968 42.25335 40.980488 89.689575 38.30471 55.93923 47.243614 83.94764 74.78666 40.061253
97 72.615906 35.667824 67.53822 49.381668 1.3314664 2.7487874 63.97521 18.301624 79.06901 64.33942 13.738447 18.18241 14.708161 99.10568 1.3126194 22.610504 84.9536 55.325665 5.853921
98 91.78247 10.121351 47.461884 42.691467 65.63338 99.63422 76.02608 63.764072 28.29262 19.810802 6.701535 5.1432905 40.818573 55.86013 34.7474 76.684784 47.14616 5.1765323 33.416183
99 1.2161136 22.297352 94.69691 55.021465 64.54532 29.987085 94.926254 42.75968 20.55825 86.9501 55.010532 75.59497 71.92445 37.074722 93.755844 20.44648 82.173195 33.527214 1.6380131
100 1.3748586 61.41919 20.567596 78.55814 18.061787 49.65843 28.088015 5.382222 92.03903 18.729145 15.756554 17.22176 83.09061 48.713184 75.040726 70.09782 77.07267 55.275303 56.64913
101 16.272873 84.93567 51.29828 98.71053 87.38872 28.666378 95.83165 93.26408 27.929502 98.68275 94.05358 21.63301 87.816826 7.2130623 68.4335 84.577225 24.57915 99.48498 79.926285
102 42.66403 49.0253 18.066305 71.7365 3.2666266 79.25704 2.1763802 71.43591 50.51725 15.808857 82.77364 81.03539 16.237152 74.393654 53.08754 21.599697 56.48475 84.91725 33.174126
103 68.311806 98.3617 97.91662 44.02525 4.2644444 93.865654 8.257133 82.550224 53.965466 95.95807 75.733505 71.9908 99.43882 11.0224905 72.16136 14.449787 78.29348 81.22784 32.68833
104 12.450152 61.19253 80.00418 17.523771 56.84492 79.31731 29.215324 70.27618 8.832187 45.786697 53.319466 75.85118 76.969894 90.21744 4.802048 98.71652 6.419963 5.922061 27.713787
105 9.663534 40.481598 24.420666 68.833855 63.42748 74.91268 63.339764 15.697354 62.17681 27.511173 99.29537 99.68509 61.50947 70.67482 56.48164 83.091606 40.832294 87.72687 60.444904
106 79.396126 52.538174 87.05173 22.514994 84.0058 81.98976 46.703465 7.7498198 11.977667 29.783165 29.119705 13.749194 13.424998 69.98091 46.69467 91.59449 25.557297 32.909958 27.851486
107 67.31932 1.9853294 12.723499 16.330517 43.12399 59.75057 51.2896 77.91651 43.98456 97.5317 8.225166 15.812713 25.912178 54.971237 88.231346 43.198742 26.98682 13.698006 71.56038
108 96.85652 48.08217 41.35211 30.770391 24.602722 25.1377 77.019135 30.282276 49.92871 53.70545 71.53005 97.08408 25.832384 55.6494 70.978714 37.735493 85.256645 20.216137 53.755707
109 14.176214 84.56479 91.69823 57.916077 98.36476 8.63471 24.611902 19.620567 12.160814 58.804756 47.306496 57.860416 46.86811 8.229637 5.373412 4.1509748 8.29277 71.19441 37.85175
110 77.12971 73.92217 64.38752 39.319153 25.10078 93.83449 17.664873 98.35953 8.926368 45.211388 30.870634 73.02274 22.981298 29.913837 41.055817 63.70879 73.181305 17.621344 13.003408
111 96.95491 63.69935 4.720235 55.191742 14.976639 23.542458 16.710836 85.88229 27.172644 11.631071 3.702104 80.392105 74.37176 25.673502 2.9557884 54.105247 64.162865 52.541363 96.87027
112 17.505825 87.55339 2.922815 20.762312 53.402412 31.358551 82.96573 52.878334 44.29885 66.605774 52.942513 93.87492 34.100075 56.879955 85.503426 48.242493 65.38681 79.535034 61.98178
113 3.5600603 46.526073 51.21413 77.927704 51.879547 84.893074 62.87881 82.34818 61.82362 69.265396 50.830715 58.101208 30.083424 99.625786 2.8659701 92.925415 70.92551 82.600555 43.14252
114 66.391335 35.126823 29.805696 77.53689 32.655144 42.58281 91.5222 61.754246 52.61262 11.866015 14.240008 77.33207 82.53555 35.50732 45.371014 42.603004 65.48008 81.04333 97.325584
115 24.879854 72.95817 58.30179 84.47289 61.37951 79.13969 35.423058 26.378292 96.06134 10.099727 76.243546 68.05515 30.528784 33.548862 15.463233 59.523373 3.9034784 47.604805 55.112694
116 2.2822022 20.164549 93.31226 14.9167595 56.745235 44.44884 77.93985 72.97621 92.42499 81.39154 23.034895 3.5721183 89.6831 19.473398 81.56851 31.718004 88.97931 92.81519 36.33673
117 44.28512 59.372364 44.771065 51.492985 4.10921 83.973785 21.428257 0.38006902 24.519491 55.369873 24.696571 5.7252765 59.34144 40.75916 87.59901 68.0928 18.805767 24.564308 23.755873
118 10.897189 20.200045 8.246315 50.546104 66.22793 47.84404 43.46161 94.2559 66.487 18.433117 78.86121 85.46994 88.98151 2.4178088 3.8481474 25.373196 41.035652 31.375938 98.41065
119 6.4208627 34.09847 55.852306 28.47305 63.473557 9.244621 2.5194228 25.60373 0.019478798 71.22757 97.4424 30.7541 16.11244 11.992168 71.46515 69.14942 74.30465 50.743874 81.09126
120 20.500093 92.86877 50.07428 64.58831 1.1516392 94.2698 45.339237 98.3426 36.2556 55.011986 26.871151 26.733923 56.94886 71.0584 66.38819 53.055603 54.112648 42.97551 75.15943
121 6.400585 83.596214 95.32458 12.428683 36.16315 82.696884 25.706572 38.935238 42.11979 91.863655 56.92494 88.05426 73.270226 4.5240936 69.18596 32.382233 36.117916 99.924675 72.89309
122 78.09617 45.29087 65.03638 52.758114 65.013695 42.851852 30.83576 53.558033 74.180916 62.88858 42.365444 71.38511 4.537195 44.638027 40.45769 72.703285 28.58103 9.176129 53.23372
123 49.535583 47.134632 34.34866 7.645255 71.823296 53.733498 51.947548 63.392418 58.14229 78.62033 76.02787 14.333189 20.8193 94.88262 66.656204 74.60883 69.90961 39.334267 68.28425
124 79.571465 77.88637 78.01103 4.4193864 54.45348 10.225219 50.6468 92.445274 88.61428 39.87924 75.55441 85.521095 60.001 61.027348 21.59633 87.71309 75.84237 51.10406 38.352985
125 98.20148 82.046974 53.202206 30.450272 58.939766 78.59967 43.26868 13.874208 34.962265 2.5560975 39.433384 67.87467 89.14443 77.95048 12.2342 7.948816 4.184407 14.795506 73.898056
126 35.917126 98.523155 81.91457 98.24561 50.09381 13.545227 2.970159 37.802113 20.152277 64.4568 86.913284 25.479586 90.95346 33.539032 16.16571 40.469383 91.10858 92.90055 73.96021
127 74.03245 94.47111 14.346302 0.017338991 94.547386 45.48978 10.543144 57.55642 2.8818846 87.11182 47.363205 68.76146 10.864991 67.72383 29.252333 7.3001804 15.890628 91.78776 33.89441
128 10.190439 83.57495 78.01661 19.577349 4.89769 64.580956 5.0954103 47.82871 16.518719 39.436783 34.357464 18.457848 82.561584 11.193609 73.05558 56.558323 25.282103 6.4433517 72.817856
129 87.79274 12.709951 33.4553 82.754326 94.96908 36.130123 16.467016 3.0041516 35.151367 83.429344 38.513683 15.114843 71.02021 41.73482 94.19889 23.670065 5.6631327 99.34119 67.65925
130 97.48757 18.248886 74.02742 0.3774166 87.26374 55.000896 93.31147 15.738403 53.827477 0.47585964 20.58782 91.15026 21.579002 17.377085 20.869715 59.572456 74.93496 17.055208 10.249889
131 27.385784 11.699974 89.60055 36.253757 88.232124 21.568377 53.20246 1.8490732 17.848587 56.072533 62.496056 16.67278 54.677467 29.193634 69.25178 35.526894 8.37574 36.80587 44.367104
132 9.681786 23.058378 4.71797 25.13435 22.120392 35.538303 86.20178 37.686954 27.48652 68.88075 92.76241 91.93651 52.902645 47.74527 89.0289 49.83124 1.5484631 0.2786398 41.8591
133 11.087465 9.303922 59.344704 33.203655 41.419827 41.03561 7.793087 19.417011 23.54306 40.231342 43.999607 10.309154 41.714275 9.465199 17.34311 8.381378 6.2731624 53.217953 92.46359
134 71.777885 89.52121 45.310547 16.48476 68.21931 21.426987 34.870792 56.85413 66.58351 90.18087 4.394877 47.58925 58.19612 4.7418356 75.95036 78.61885 21.931654 14.473873 94.57077
135 13.231212 1.8637717 94.077126 26.902653 50.612926 79.709045 3.65839 6.4846754 18.863493 18.265074 26.397259 50.7777 95.05339 68.345024 86.35348 18.151749 85.76482 57.564163 12.092876
136 72.20739 48.588593 72.25873 57.613575 65.61695 3.2819748 56.64588 29.22194 43.478058 33.31918 59.210194 18.292856 27.15419 53.548378 73.683655 67.06794 61.722122 58.328907 39.642567
137 23.677069 64.25622 34.145725 69.75761 88.35444 74.865906 40.132034 61.497818 44.364494 99.09335 24.586016 80.31149 72.52124 8.209431 52.41605 89.00731 99.50648 85.17044 91.02608
138 59.569313 48.65899 28.376919 15.556616 74.60341 82.77185 45.586777 0.28696656 86.98926 26.015503 36.86528 14.603912 9.367853 64.778625 11.604709 19.035858 96.414856 82.42827 51.53102
139 90.78749 29.32697 22.240114 93.15846 6.89804 25.790035 76.6043 91.094215 86.05921 62.423454 13.701523 52.485363 73.301956 88.13708 8.859759 25.101734 32.79168 24.139076 94.497116
140 32.237553 57.02026 32.953323 66.74801 89.77984 71.47196 8.511877 39.436783 10.232889 4.6550093 1.2643874 56.946545 98.81989 48.07846 75.68639 20.734877 14.4298315 69.72543 77.27912
141 42.839397 97.37888 89.80096 7.154584 70.82302 33.761467 27.551657 4.922998 78.4229 17.440002 82.86195 85.48986 44.942535 3.1399727 2.7880907 68.48412 53.47954 93.16676 79.41987
142 56.6462 86.79096 24.243444 36.245186 33.187866 42.40552 85.99716 41.882187 49.788612 92.00124 7.6227484 75.54864 3.7231445 79.64448 50.963028 92.429695 62.141163 58.860756 86.2169
143 60.22001 86.57549 68.37091 48.08285 73.1502 64.48276 13.431615 55.541374 85.92315 35.47905 65.88348 65.6645 37.90297 46.69095 97.11224 41.614223 74.90574 18.381655 79.1096
144 75.96769 90.88286 2.1281958 8.684433 84.111 50.075577 69.024155 46.689327 87.914505 58.825535 44.684727 0.0187397 49.290043 8.686394 76.567276 80.29772 96.39908 33.893032 62.936546
145 34.865166 54.905544 18.267906 22.656256 87.18145 53.23626 52.5015 42.14684 33.53493 97.626564 12.220425 96.89549 98.32677 0.90222955 81.70062 26.733334 42.782932 22.406029 45.403908
146 8.912569 82.24234 16.95831 69.18686 53.343975 89.829605 62.794365 81.08713 68.02307 33.03189 14.412319 75.63029 57.827515 2.2145987 11.368406 19.78215 19.964426 83.247986 31.260544
147 48.7176 48.155373 1.0537386 50.24683 47.775112 14.249319 6.9596233 21.066147 17.161257 39.745575 4.274547 83.08918 78.57384 25.396091 46.53295 25.668549 79.897705 69.659035 8.534611
148 62.02645 84.028465 66.625534 17.815453 70.98134 40.795006 41.783184 53.78081 95.64681 63.54115 15.570718 22.730696 77.32466 92.412926 6.3871565 12.786609 57.46091 79.566124 18.12824
149 25.731998 16.851234 83.70642 44.327652 89.50815 88.19707 95.51164 48.786606 31.129711 82.36366 16.035675 8.703834 54.729248 99.82722 88.19028 83.59923 31.99836 54.183502 99.44397
150 74.904236 95.21874 44.4005 71.12446 85.4268 88.18622 64.72145 66.88692 63.758286 3.5031557 6.5620184 57.299168 10.155577 30.89125 64.010765 87.94459 31.89944 89.36104 15.06008
151 10.363764 17.305332 84.33392 83.704605 45.520485 68.46655 51.274525 45.59613 81.820244 8.772773 41.248585 81.90124 39.128952 97.91451 6.327522 5.0471725 8.395327 25.413006 28.231615
152 26.64913 56.59562 64.974945 40.41875 45.391495 48.578907 2.7440548 49.426125 42.097546 12.342572 69.70206 7.1618795 54.594006 70.221535 24.266052 2.5889874 97.99633 84.90317 28.05829
153 73.47383 11.258638 62.118816 13.7191 20.277803 70.6118 98.908585 56.639183 82.60628 70.030655 31.670755 76.06063 0.71157813 41.114212 87.51125 18.906086 81.25418 65.53278 67.989174
154 31.02516 57.800327 26.105196 40.05766 24.690044 36.379337 84.044785 95.23652 82.83642 37.90528 54.192207 86.79588 44.74978 49.515446 54.186718 14.514673 34.973835 22.082752 12.380016
155 97.50076 87.81103 61.575497 50.542213 34.282154 89.85233 56.881096 86.53762 74.12228 88.784195 29.560984 87.45856 19.063782 69.85655 34.20161 11.312467 98.91039 73.75174 48.07628
156 4.186392 44.126545 58.3775 71.30075 26.601744 58.94234 99.83628 83.18065 7.0725145 29.83089 87.331825 25.702179 10.054195 5.575788 16.204811 83.86414 39.69502 43.52664 91.10071
157 16.603851 18.063873 23.074156 56.234276 37.312405 97.63087 99.14802 5.9076366 14.306599 21.330769 74.497986 50.257736 38.129627 90.97182 55.072266 18.361319 2.257079 65.30131 64.92886
158 43.33052 48.817528 84.75512 9.341693 57.22174 12.4894085 20.665222 12.190056 13.099819 39.062237 15.15168 18.008959 78.40491 84.56621 14.57342 43.45075 9.130859 4.7599316 87.55459
159 17.150646 14.823305 0.56114197 49.35475 42.44836 76.93742 84.21584 11.637217 12.004387 49.866615 4.1914644 22.24803 56.536068 87.483894 8.580292 18.000502 7.719845 26.158857 20.900583
160 57.02871 35.36039 66.07052 46.339184 31.20495 95.374016 19.685476 57.50684 46.398087 13.696265 3.2832146 27.55552 44.783775 74.18667 93.465706 74.976364 82.61605 69.814766 35.083763
161 62.56202 55.25915 86.28157 94.65271 95.944084 23.096836 87.731186 99.13563 1.9343197 64.234505 63.874657 74.27593 29.79846 97.550285 26.779049 10.105294 19.827688 50.311535 40.43007
162 89.797226 72.461914 13.739657 55.17794 47.948635 41.13938 45.881355 57.110615 97.23419 65.440285 60.040146 35.61108 20.086092 74.462585 27.764946 3.7588656 51.81142 79.28111 34.720566
163 60.301 40.890194 57.426792 45.22903 69.68062 13.93221 20.271904 54.23402 20.669281 70.05341 68.77326 64.07903 43.662495 0.72030425 46.02603 5.7915983 62.38923 65.1739 12.393451
164 1.3317883 94.94053 32.463425 15.545118 13.106346 20.487726 33.291077 32.561695 61.396236 87.24683 97.99725 92.4134 78.43324 51.12537 11.122781 76.72291 61.74132 26.596695 3.4005702
165 65.97094 48.893993 76.78153 64.39998 82.449425 53.706 20.13824 74.329346 54.628666 30.563862 39.793716 72.964775 28.560436 2.4069428 28.172487 53.899567 7.9301357 39.910908 15.54817
166 60.191814 56.901157 88.62554 24.361301 75.23556 29.530828 38.91648 71.09148 32.812943 40.907806 35.10636 40.176167 90.63275 1.9574702 47.568947 67.530334 20.369148 49.83844 39.87512
167 58.800823 7.7407656 5.8262706 65.41084 95.3096 42.28375 33.428528 19.985044 40.985863 17.254566 91.14022 62.43325 0.30608773 84.94505 30.734068 30.52606 10.763669 96.30891 76.35216
168 18.848997 5.6485596 41.2063 89.05405 25.782389 2.4671793 37.102802 22.071636 3.140068 59.271717 50.35533 64.07778 72.099556 72.15605 81.238174 50.610077 78.262474 40.434807 77.87582
169 60.78169 5.322772 6.3391027 36.838646 59.999985 17.005337 39.783142 91.21651 66.10401 49.594505 18.791945 17.72158 11.690622 89.239235 87.003426 20.304436 19.054752 78.8496 12.303853
170 71.7285 54.813725 56.15197 37.72133 39.682663 61.672123 7.5223446 96.34826 58.775913 86.729385 69.55842 47.012753 72.9224 15.115631 42.780514 93.95621 98.270836 39.50355 27.98416
171 50.747414 99.354324 29.189926 17.027145 41.48232 30.242168 25.035112 85.46114 47.956448 38.182884 60.72235 46.461876 83.488075 24.871069 67.74179 43.836666 27.513153 95.69247 46.471024
172 29.169004 91.6273 31.060726 3.0306041 84.88539 10.638708 87.52342 49.619354 4.5006456 91.20379 76.267715 22.219955 14.627325 87.09236 89.89071 75.41657 44.448906 61.98139 17.024267
173 0.14696121 98.99309 7.37828 31.137245 71.15297 37.25174 90.86186 92.41288 50.38486 67.340805 55.898834 8.158958 48.41221 53.653175 93.20602 51.21156 14.811855 48.31763 70.706795
174 1.0074735 91.42235 57.03907 86.85877 7.5101852 9.214157 81.17183 94.35655 63.371555 44.33062 30.095613 98.34905 29.305368 14.672375 14.859831 37.32717 86.65743 2.356416 42.688347
175 4.2703924 79.91335 25.671732 67.15593 10.587656 71.03298 67.03049 78.33548 62.508446 12.997442 40.193188 66.46048 37.09761 88.07012 64.10743 69.94976 67.76673 68.588455 4.483688
176 40.115868 83.383896 86.51437 64.242386 69.449394 73.75195 29.683828 5.7704806 44.77769 61.806877 75.23003 91.151855 90.38868 60.41562 76.843 39.87549 56.7519 41.727127 15.513915
177 49.732273 17.935413 88.808624 21.653574 67.50247 53.197063 73.50646 68.74034 57.489143 76.32252 78.39084 9.025079 12.910927 18.703884 73.12454 74.69419 16.633183 80.32718 62.047607
178 52.97396 51.757008 6.0028195 37.165237 80.96879 21.329016 74.381805 22.600555 10.895496 81.073524 64.41349 58.024197 4.449713 54.835766 80.59647 91.25997 7.275444 63.676888 25.138134
179 87.41226 82.17509 94.657875 35.27376 93.25142 89.37619 91.73097 98.61461 52.576458 60.75766 10.328281 92.42228 58.759117 34.639275 19.763601 95.88258 64.133354 81.07328 8.075076
180 12.326277 78.36416 32.377987 76.12329 33.27999 67.007095 38.06504 49.3767 33.404278 71.31538 30.791151 73.680016 17.775042 76.68701 34.281944 46.289505 46.39058 52.256172 74.4108
181 5.515212 38.852356 11.867512 0.16527772 15.435511 51.299202 27.440548 56.80381 29.412716 12.110061 81.50541 24.115562 54.66721 79.680695 25.00683 78.67945 16.153616 29.588049 9.427804
182 21.01754 91.679825 7.357913 65.53782 32.511814 60.934578 72.335785 82.84593 69.16996 42.22074 66.127754 8.921003 31.36822 34.670418 31.84135 92.4783 62.461697 7.049501 86.84149
183 71.43289 61.84163 82.50821 68.68172 91.45908 57.155132 31.430668 70.82734 93.00658 68.81721 60.57168 9.117592 37.805145 40.782253 48.69585 91.79438 48.801716 73.2601 38.770847
184 43.344234 0.93818307 14.428544 30.29008 76.158005 41.481445 83.293686 87.45354 42.72322 6.6055655 59.07422 68.72151 96.15273 81.0107 83.544426 8.74148 57.558167 66.516624 51.68187
185 26.962555 37.14897 57.325733 78.06156 69.58555 91.84086 89.10849 7.3641357 98.104195 68.26613 37.88479 18.07689 42.89058 76.88245 96.07827 50.234562 32.444336 53.675343 76.89475
186 67.45202 65.50209 81.85761 75.666145 57.439358 5.694902 90.91068 5.91926 45.867245 77.4133 6.0280266 88.14655 78.38715 21.621216 52.058716 86.6084 42.638565 15.242445 94.77458
187 1.5821159 4.3386936 65.181206 33.871788 45.450638 12.5061035 94.84666 9.556127 76.61802 52.287506 48.110874 93.65153 77.732605 48.819466 32.8802 60.525913 37.94172 31.457561 17.906254
188 59.17452 3.3025324 79.25232 25.171232 79.77499 67.005905 80.76314 33.28121 52.983105 80.26842 44.51087 20.982546 73.03528 25.710142 1.2207747 44.434113 64.039925 34.42192 1.4575541
189 6.5383077 38.16322 73.95923 58.57276 54.835384 33.045666 41.964424 38.653606 38.6402 79.83814 75.36403 98.27606 82.75207 91.64522 11.021566 4.5310793 49.762665 81.64791 94.823265
190 97.53009 85.354004 10.298258 43.46802 26.236797 79.70844 19.097692 79.32216 77.16147 56.00053 64.76605 22.74412 40.648037 75.722015 10.065592 79.00686 9.953099 56.185364 26.966936
191 65.63132 68.14149 42.89996 2.8428793 9.440804 91.399796 97.62113 22.37904 96.363625 34.404217 19.803507 96.13414 77.92223 83.89189 47.074135 73.219124 49.987103 85.907394 0.37021637
192 70.25631 96.839424 5.9731126 86.81367 64.302605 88.539955 50.62048 22.537952 84.26387 85.26297 14.588189 26.919174 26.790428 18.410677 67.12577 96.43573 59.840454 16.322279 20.130545
193 32.192493 33.954197 30.14192 42.499958 50.562485 29.535818 2.3856819 81.61967 96.05118 42.641914 42.983086 2.1617472 33.066177 74.29007 22.66168 52.482456 66.53305 94.302216 25.654484
194 63.341225 17.052132 13.175392 88.56118 86.18228 5.420703 10.226101 82.07135 97.90906 23.790699 36.899097 11.008352 65.33411 40.49903 77.09055 36.18598 50.010384 95.76107 95.8495
195 80.860504 87.963524 53.087204 20.93963 23.641455 39.280365 22.659176 63.33011 98.69468 30.211937 28.240973 10.413986 99.5907 11.375445 47.814117 95.11531 93.44178 6.060028 83.39973
196 13.340914 1.8194973 94.13636 59.899105 97.57437 50.696373 61.535645 82.75672 54.722534 66.22261 79.9059 5.3890467 98.34872 31.003105 73.39239 39.25991 88.710724 77.716896 82.35665
197 40.908558 85.930756 96.01823 70.389084 3.9045513 2.332908 53.835857 9.640712 81.430435 47.480743 76.16753 59.07042 42.857826 14.533997 0.53500533 54.755653 90.22605 87.831604 7.2695312
198 15.343171 6.9594564 20.525116 50.147514 28.72787 99.535645 56.869793 35.565407 98.162056 5.271393 58.480858 89.96503 52.546566 47.117752 47.34353 40.694885 52.283997 4.6033325 43.30246
199 16.578411 79.7386 63.1535 50.638157 54.379963 93.318825 90.31995 20.46504 5.898589 43.056576 44.422848 74.17153 58.92588 10.199088 40.239532 41.89294 71.687515 5.959338 8.236379
200 30.800688 34.121574 77.711266 83.06252 55.35785 96.46483 52.396393 27.297474 7.994306 83.719376 44.87508 35.52261 29.070282 57.815533 66.86457 8.486271 12.513804 13.396442 53.72717
201 38.331627 3.9357364 40.40948 40.787262 93.49808 64.95902 50.948013 47.45994 39.99372 77.372604 19.453419 90.97384 27.33547 87.77306 96.43531 46.885967 9.692944 74.63967 24.831629
202 91.24859 61.844574 90.16365 65.10848 9.842741 95.71235 56.296993 46.851284 99.29577 35.802494 3.8872778 39.147747 39.42225 84.22177 43.72438 24.293768 7.3492646 0.50421953 64.95495
203 75.61332 73.804245 54.775047 18.547976 63.38349 57.56244 40.36389 68.057396 27.467781 72.99166 73.486694 66.37563 72.320755 40.725826 71.73649 42.870228 22.131687 15.891319 12.611699
204 90.41812 60.18541 40.457172 89.98254 14.388246 7.7563343 34.95217 36.13113 16.373604 41.303318 94.07064 74.73992 13.051134 21.244913 44.968422 44.950073 46.37876 6.577569 16.0388
205 56.433044 94.661255 54.026203 67.67394 32.443474 96.88063 71.82177 70.29311 93.241295 14.957333 91.68235 14.399117 61.339153 72.959175 89.79277 83.56568 7.0649147 79.19627 81.755196
206 65.33088 36.30634 89.9312 17.405392 63.557156 79.4679 53.20851 40.40313 75.810936 13.121933 51.99208 62.52179 22.922403 14.144063 79.13068 43.052994 47.627037 54.915554 37.2026
207 95.74339 12.898027 31.14348 86.382576 56.78957 26.396544 18.748356 18.303835 1.7933667 38.85246 69.91336 26.443768 62.94739 24.910873 31.659626 69.6441 62.362797 64.12159 43.148468
208 88.598335 87.2177 26.704454 94.31888 71.927246 7.7039537 8.199924 1.512742 73.05471 1.5556037 94.130646 32.550198 28.54299 47.78902 10.689169 40.485203 7.7106895 87.27065 90.87237
209 2.2494853 49.915253 95.51303 63.363308 4.899603 95.32206 51.906128 30.083984 41.59413 45.60546 24.204754 9.291183 24.18865 68.94654 73.86051 76.25622 55.948544 87.83361 59.61948
210 70.16469 41.910076 15.273035 8.176941 61.414738 15.497893 74.63049 92.622795 90.81259 86.82331 97.80945 24.524195 24.408155 43.39633 26.010513 12.934696 83.337234 69.60172 74.890625
211 64.115524 45.81031 73.09484 92.35493 6.588334 12.393236 79.206985 61.081238 96.15905 30.356485 57.517754 40.6216 30.16805 87.8343 96.018456 24.786728 26.406431 83.852554 19.886023
212 11.047763 73.42646 21.28647 35.001892 49.748688 60.463802 42.14077 46.238907 4.688162 48.54034 59.163113 81.51812 13.589376 52.751987 35.975296 33.085144 70.4319 99.05051 26.218765
213 84.81391 52.68331 78.35038 17.555141 20.118052 9.066838 4.44082 0.946331 29.803467 89.37218 49.431717 31.98176 57.558292 1.5113413 67.34668 96.95387 16.440481 94.90253 60.59242
214 90.053024 80.44177 98.50893 9.543503 42.91445 37.797146 49.45416 88.10621 87.57487 88.049065 79.88208 70.15088 37.764347 62.90779 39.24017 86.97584 20.76637 55.676746 2.867365
215 94.89826 7.532227 98.5013 99.89807 26.630943 67.35365 38.07973 11.104715 28.83308 5.513644 24.937916 75.25462 81.21732 38.592464 59.167927 68.529526 76.512474 78.46234 75.98235
216 11.035305 43.645782 58.7288 20.919037 15.717018 73.50502 68.052055 59.486538 44.20259 63.91626 95.301544 5.973649 20.154041 20.938688 29.069233 96.6218 80.34556 21.705706 46.210564
217 93.00729 6.4644394 70.86687 23.629362 90.991776 73.90663 30.805677 87.618256 51.72835 7.7895937 14.38409 94.16647 25.77334 39.01935 38.71845 0.52208304 35.229366 75.32684 16.708368
218 27.027548 26.97491 22.344707 28.567951 23.230135 41.42345 19.454039 63.857304 93.210526 23.967207 63.531513 52.45462 21.991306 72.426155 32.919437 34.080143 93.11654 84.63346 53.7897
219 25.480783 32.676212 80.99716 64.25175 83.86814 38.144302 1.8022418 78.55384 87.89598 2.674526 56.535286 67.84612 43.15085 73.53625 60.06739 96.32714 99.159164 54.068844 69.623665
220 56.10748 47.195984 84.093414 17.66634 62.534904 62.187473 96.66483 63.75154 18.583399 93.76571 27.207851 96.77893 54.57921 88.65889 42.601955 55.59243 53.194786 3.2424033 6.1183634
221 87.42584 92.27531 6.9586573 13.038415 81.09767 75.472824 76.72206 30.377663 35.086727 76.4632 83.20727 81.798775 3.6682308 33.137154 92.483604 10.225743 0.22463202 87.826355 72.78008
222 70.89197 82.79629 55.400337 54.777653 96.896515 49.094982 97.812515 44.82668 98.45217 86.822525 9.059978 10.538351 11.841655 59.533356 44.04036 25.520414 80.92432 21.833342 16.740395
223 79.407104 4.437852 2.8580487 13.688296 87.11654 8.210796 40.226738 16.57145 0.36703348 39.950317 93.58964 60.100735 69.36968 43.015266 87.10394 7.1431994 84.32244 47.35779 82.38127
224 50.209904 57.459362 43.76403 40.398216 26.750553 76.11741 50.101192 4.369712 3.3598483 56.294567 74.25502 1.530999 61.742996 71.77302 61.89997 85.09865 35.73234 94.916534 42.579002
225 97.3893 65.22029 7.132733 54.487526 49.232204 68.812965 66.69102 6.877017 61.547493 94.3657 32.640713 94.44867 73.46786 95.19862 61.079365 96.142685 72.91032 42.384193 15.637875
226 2.2996664 74.37462 20.536226 71.00019 20.547586 43.332798 49.313854 66.34586 8.5329895 24.323404 16.49545 66.14114 87.662285 62.276985 24.904316 66.618996 68.55607 44.24327 26.416897
227 7.0529995 98.46535 26.19382 6.3071847 91.57964 51.285545 30.628412 62.640064 37.455715 70.176956 3.0729353 3.4987867 53.4125 34.615265 36.037136 22.50399 32.909126 21.723545 8.48155
228 56.15671 63.87844 25.058496 37.265747 28.626627 2.8482556 62.03407 98.41794 37.137104 7.518798 68.57182 93.446335 68.30733 39.95603 41.38849 16.43362 89.750694 41.055965 34.900196
229 17.509062 66.760056 85.94395 61.683075 67.732445 78.7112 86.1566 38.739532 58.765923 79.37327 36.03359 92.74716 31.333525 67.93044 62.508583 7.5956464 21.814363 29.305632 35.779987
230 8.740128 62.88912 12.260544 16.073269 18.424791 27.525455 48.465134 33.349968 41.17713 85.3771 64.83412 33.409615 2.9736936 55.57285 2.2822857 37.96676 43.27659 12.641954 56.82923
231 97.126915 65.19347 94.775116 91.676506 0.9544313 74.09191 1.6369045 2.28675 29.808128 63.184254 67.46543 29.22796 79.66364 40.28454 83.22361 17.033356 94.15583 82.83423 87.16895
232 80.80554 66.532616 78.4149 78.515175 17.814445 65.64797 70.64861 55.059807 48.764854 65.63518 21.272396 68.00154 85.41667 70.650955 99.22163 99.98581 48.318325 77.289986 68.035
233 44.07584 33.861034 87.72249 10.385966 19.290512 94.79298 7.6531887 69.94381 44.08364 26.672714 42.746895 18.281847 83.2287 76.229546 54.68898 50.69703 30.646402 20.785213 89.58078
234 57.419266 24.46267 33.13993 34.51043 3.912896 58.76397 98.81151 57.047134 29.264473 45.943146 5.228448 2.8055966 48.78009 45.080162 71.21634 60.40086 34.96359 45.420086 33.49514
235 94.91147 79.40904 33.69915 91.34898 20.799232 81.5232 72.89508 25.37837 55.071014 13.417024 35.069466 28.34701 9.845633 14.100069 8.518213 0.45658946 50.506382 30.924248 99.70615
236 85.597206 37.935345 58.008778 72.7491 34.717785 69.16373 96.40803 76.900665 35.74048 34.917027 50.638546 58.04271 12.518334 81.332924 72.7563 0.07200837 67.13359 29.493963 5.677146
237 1.8874884 77.09118 4.8181114 69.38159 35.041283 1.2311518 19.824123 79.87208 4.714197 42.826683 50.93267 14.40078 25.26614 45.527164 41.938313 6.0161114 33.010803 95.53767 44.314705
238 4.655862 68.950096 92.4962 84.88081 14.926422 37.919754 60.533398 3.4070253 66.74507 66.945885 61.400055 71.887146 93.89342 62.660545 62.56577 40.41813 57.253616 87.50079 6.8764505
239 25.448597 19.4076 8.311951 36.573917 89.67837 41.017525 4.1458426 85.9023 60.7735 57.92958 76.80457 73.64212 1.5280843 12.523853 76.40968 83.02461 6.940192 50.050694 12.415827
240 2.6987195 45.2223 67.44484 59.541725 42.6781 37.94703 80.59842 18.625896 15.222531 48.809086 88.82328 49.05831 46.959126 6.8995595 90.072975 35.884613 37.58604 66.53636 85.57084
241 88.67926 7.4016867 15.735632 1.25857 27.655476 43.653362 5.06466 9.710651 96.10134 10.101568 20.173948 18.93453 37.04476 78.86396 58.61099 83.18979 90.05883 64.96088 64.98188
242 10.319 44.38962 36.271416 0.121468306 85.10728 34.250557 61.875843 68.19366 89.20944 77.3709 84.870094 50.6683 85.84722 48.96642 29.366434 24.569916 7.741666 99.53262 1.0303855
243 2.489102 65.87662 79.62548 24.447315 78.375015 6.2707367 30.531322 94.97691 2.4343073 23.861677 52.941578 56.4654 23.458504 84.084496 32.00529 55.9821 12.061155 61.276245 96.061264
244 62.17987 24.662352 31.492144 26.644659 62.310886 48.210205 28.82017 41.772907 4.5365515 18.735773 7.287711 4.8599777 14.940619 73.62315 33.735245 93.76448 63.389206 45.22444 54.669838
245 13.388401 57.693523 51.00836 36.50076 79.911804 22.84599 78.21131 23.406792 13.242668 40.657253 95.933 10.410184 78.70746 36.970337 78.32116 6.367284 40.59983 68.6325 64.01865
246 98.17522 64.19503 73.24108 61.06128 4.494959 3.5428941 51.834793 86.13956 75.97273 78.151726 91.477516 82.35593 5.8862743 0.009965897 42.190945 21.67067 27.244902 4.7667384 14.860916
247 75.042076 1.8385828 47.871964 95.30891 34.30499 36.082138 92.6913 89.23468 31.12954 65.56736 76.75127 45.563 7.5576305 33.1631 42.090595 7.0412397 13.788253 87.74837 43.010204
248 19.724894 7.796514 65.99563 50.2063 93.05447 0.31106472 97.1227 94.279564 43.183834 71.487335 19.596773 87.94262 10.492182 2.7102828 94.10969 27.963812 12.0379925 40.313084 83.76988
249 62.117622 48.144142 86.14141 90.70456 59.351 14.202195 92.92604 48.781013 3.2753408 91.82675 7.007843 80.895004 39.27196 83.16522 25.312828 12.506676 7.3333025 66.77626 22.385157
