250
19
0 90.429375 90.48267 21.808798 96.5345 64.82798 59.920166 86.19356 55.762367 23.942465 26.04857 25.031096 12.263716 93.830086 86.666336 20.659876 76.19599 11.484707 59.64948 95.2939
1 23.745287 53.748695 0.9168148 40.760826 39.103966 36.026073 62.897594 90.33145 79.76879 81.32695 61.531956 95.54724 16.125494 56.174706 25.94149 13.758665 71.30434 47.53022 29.72151
2 78.36079 17.198885 74.778206 6.5819445 31.130236 43.996895 98.93435 35.11685 20.117687 91.800606 83.83982 1.1919498 65.53215 18.698996 52.792377 64.24703 36.082657 36.344463 60.716248
3 32.21928 58.24321 4.590857 3.803122 94.37089 57.61792 75.541725 23.082685 41.67901 44.55517 75.47197 28.436357 79.308945 52.755684 23.120773 98.29592 77.7972 0.01565218 93.96841
4 66.12703 30.735117 2.4305582 43.02752 26.555283 62.845974 58.158993 10.685372 15.732491 28.329784 52.821774 26.075436 96.656075 34.213947 87.215866 35.74436 10.354072 35.262077 8.49331
5 68.98672 8.149666 57.885094 40.34322 78.67995 23.95609 91.66068 65.88328 92.86378 64.36862 23.75288 61.59204 79.33079 19.172657 8.048916 12.182331 66.35297 27.045376 45.57545
6 38.13109 7.1451006 67.274536 83.16109 30.75391 5.1099005 5.1467123 4.881525 38.17053 89.23076 58.47538 26.12381 60.987747 3.648603 8.066666 97.7657 63.580315 38.51529 73.58868
7 71.67706 57.840942 18.254358 66.46429 66.26559 76.37374 92.541374 6.503826 38.92641 84.30959 60.362595 12.802678 21.892172 29.027552 40.7085 11.031729 99.05905 48.686893 78.65401
8 18.040144 97.888794 40.035706 13.181573 95.37736 85.522934 67.70221 5.088675 0.9436548 98.92294 8.144611 28.222424 2.828765 1.3593972 96.49868 15.199661 62.13963 52.168953 51.393528
9 46.360493 98.20907 52.696396 16.895258 6.189042 46.28636 2.118677 90.3846 59.603817 26.219923 64.85055 16.49251 27.717281 2.6470542 32.961094 69.13269 51.80188 20.01204 18.052881
10 22.919481 9.749275 96.861855 47.00064 21.396048 2.3068905 16.150438 73.50441 79.88255 19.418102 24.862026 75.33811 45.564564 69.24026 75.598946 47.284134 64.66529 44.590233 93.63862
11 47.916676 46.98322 80.95618 19.430696 29.573452 50.34151 45.66358 62.972767 4.0396748 43.014027 84.70444 62.678284 39.72738 10.20239 39.102375 87.254295 81.59565 3.1906366 50.029583
12 70.06933 53.91435 46.76126 76.310585 57.15954 83.47993 14.495457 1.1039913 63.350178 41.362858 3.188485 59.668243 17.229187 83.081116 20.09005 56.9772 81.48255 97.69455 81.141685
13 93.90258 27.281343 97.20468 78.75517 91.63438 32.205 69.38972 45.695217 5.438745 43.1144 24.434692 31.847876 86.79161 76.282875 22.122675 45.43577 74.97234 15.099025 19.688719
14 44.758457 39.516235 54.227932 17.520899 13.779479 19.228762 42.02809 51.599884 10.651332 4.0451407 99.350235 27.843063 46.179127 26.721931 71.98779 68.36375 65.69925 92.58459 80.712494
15 36.137684 67.12821 99.2978 12.032711 79.81689 67.07128 33.40985 84.88873 40.635403 10.7321205 76.345406 94.09245 48.767723 27.610748 86.24347 76.38628 6.4444065 39.1048 21.781254
16 45.806416 72.9791 84.44002 44.675762 73.17215 85.05978 13.9625845 35.260063 31.878382 30.706184 2.6548803 13.301695 35.95195 52.764122 18.525225 8.537978 64.06181 57.32187 79.82204
17 33.283054 97.68124 2.6880443 99.19738 85.51169 26.031298 18.31609 22.168917 44.205357 53.24667 62.11571 59.492065 0.1796782 23.165209 44.834114 9.155977 12.383759 88.33599 96.561844
18 92.27093 60.619556 46.659153 1.9229054 49.54724 26.182657 51.223038 5.2131176 80.61449 19.047863 36.409283 66.78355 59.145782 57.44864 61.526077 8.518213 32.498665 18.126701 37.749046
19 4.5815587 58.036495 14.816713 5.9546766 78.027336 39.94233 31.903887 73.39259 42.74599 93.47934 69.434845 92.64239 61.02314 69.4038 26.121193 93.832466 61.191822 43.522144 16.562002
20 22.86964 8.051771 96.94248 47.097813 26.958805 35.529476 45.95253 47.530037 91.81305 20.153826 99.02529 10.99391 20.81185 93.078766 27.384651 45.719997 48.414707 94.41159 97.84553
21 5.981594 62.14891 67.38377 78.076996 87.48846 28.546757 61.370308 38.635307 38.6986 57.90172 65.928986 29.503323 24.38969 25.353695 75.957664 45.690983 53.33231 86.61945 97.88588
22 43.74966 46.574753 75.9869 44.716923 63.694138 26.779682 62.637318 43.973114 16.486008 78.90853 24.90297 46.485817 41.399055 96.551025 6.980026 88.89227 28.562134 41.131054 70.47922
23 31.094408 55.870914 9.4335375 85.90418 78.305305 55.20277 11.299574 13.907183 61.221867 7.1971893 88.40288 60.503014 6.9482746 56.32813 67.78297 7.156414 96.24313 35.958004 2.8688788
24 88.9414 92.23033 26.701582 49.24025 40.25849 3.7132502 28.729475 93.064125 36.658787 38.5455 80.40702 64.30011 17.242706 24.078178 80.507416 43.23178 79.271996 51.528885 80.58429
25 3.0685425 44.76223 7.267654 77.176994 20.241625 27.929508 18.617702 2.4017155 51.126816 97.78146 86.01678 46.017193 94.36108 67.513405 32.531654 34.92084 83.34215 32.6523 50.079517
26 97.71735 37.130486 74.354546 97.66577 85.80882 19.598639 89.48911 37.93891 49.496044 47.639675 72.021194 25.893003 51.780064 57.46621 62.959324 68.184784 75.65135 92.97547 91.260796
27 97.90263 57.199436 57.860268 23.438316 91.421524 79.23418 61.20743 23.319172 38.954575 43.454903 48.905308 38.934696 55.384743 16.525167 16.001797 94.63087 33.808357 12.508535 30.500448
28 82.273674 40.887024 34.608692 10.801268 45.268982 84.58973 89.460464 7.495296 7.733679 44.279427 1.5758336 67.48092 63.562347 97.48647 71.01109 52.919643 46.66301 53.30678 18.751389
29 49.488087 14.932335 69.41926 69.382835 4.370594 2.5606692 87.551285 4.8284826 62.696983 4.2713046 34.211815 44.563164 26.445919 22.687363 52.10015 32.907326 98.5561 28.079016 19.2891
30 41.656876 30.022621 85.47971 83.639725 83.17325 93.5795 5.09305 58.560688 14.685911 25.214767 70.87285 51.869637 46.312153 16.830313 22.29371 4.9006042 23.351097 99.00492 74.09346
31 15.947115 75.75005 12.767946 96.933365 86.51394 35.070854 50.828487 82.56748 25.612944 40.41639 20.677608 34.6349 55.48403 51.037727 89.800674 60.29364 99.716965 73.96939 63.873844
32 58.623272 83.92354 2.0843208 95.81069 74.366066 11.052406 51.284725 51.96722 95.798836 73.40589 27.826118 73.368164 54.2862 55.724792 48.497208 67.70597 31.630533 56.733315 60.849304
33 81.87168 96.286354 87.72247 58.998497 16.252136 87.74177 87.600746 86.63761 8.87987 12.094206 54.922382 44.53199 99.22436 33.580936 33.34449 39.48288 64.00013 74.399536 81.455894
34 97.88948 38.43707 16.713608 8.718061 24.799967 10.170746 29.741705 3.1760752 81.702286 14.988661 85.04249 14.516544 29.067194 16.396887 33.618164 77.90921 86.4331 8.198619 78.65599
35 73.87487 90.03953 11.41141 12.321538 60.239594 19.912655 15.866524 89.02577 91.19421 51.932293 41.26643 71.34471 51.768185 0.62918067 12.423265 18.91808 93.904625 22.949177 85.52177
36 51.150406 12.102186 77.46624 54.76761 27.653366 55.65101 85.8288 66.4816 77.68386 43.273735 39.698387 76.92883 13.243019 40.993183 86.01027 93.84075 67.214134 40.85262 12.792074
37 24.16885 65.45169 56.340176 36.56859 23.137236 22.921593 38.70913 57.92244 64.73494 21.978336 39.592224 34.24667 70.5678 4.1063786 61.199642 6.1052856 83.196625 73.71822 71.84336
38 76.71169 19.00841 57.974285 36.488926 61.45628 3.1482995 94.46332 48.50098 7.588929 70.49171 78.663925 17.789597 2.3282409 9.031427 15.41729 4.307967 92.877365 48.92875 98.51088
39 5.4903984 93.94025 36.928165 25.546515 47.006763 50.02685 33.522354 22.50151 62.461758 1.600802 82.40063 55.05758 17.763561 9.257621 8.104599 88.45132 67.267944 59.740494 29.797852
40 91.1865 62.974976 85.6285 44.5412 72.64957 55.582058 8.707875 41.925095 83.00443 71.708115 79.91123 99.3806 63.544228 58.791233 58.645622 61.56779 15.088993 5.7792006 6.503761
41 92.08585 94.49778 60.59578 77.752235 67.0851 68.6801 25.354588 67.416435 50.472294 60.727207 57.34767 30.847818 93.13574 43.333508 91.96198 52.790653 54.384594 45.247738 25.939888
42 13.400925 74.57128 82.10503 12.928611 50.46033 82.18139 43.97262 74.24974 36.03646 96.62991 28.942608 76.51698 89.74241 66.25635 11.077696 73.4556 15.033186 37.78625 48.233383
43 15.407747 27.943224 93.60933 42.322075 48.987926 15.432465 72.960434 53.34694 27.683084 11.9935875 45.3917 76.22265 37.441826 75.1182 64.26242 23.535872 79.09306 12.175983 55.384785
44 20.812893 0.4698515 10.5914 4.04498 36.699104 8.141065 30.083202 81.53079 7.172811 23.490107 68.150635 90.76175 9.282952 56.403606 28.7485 26.92067 29.999388 16.986174 37.80353
45 11.9740305 13.98955 50.503506 19.313066 17.053371 60.193615 81.24168 91.472176 80.823006 40.98168 69.2844 65.647484 38.716328 4.772365 91.54394 41.918915 22.38149 78.917625 39.98855
46 36.019516 72.496994 45.370396 10.207235 44.30724 34.5221 18.419224 20.618587 39.201565 5.7205143 8.179742 34.20797 78.42565 54.286255 22.470808 42.16808 31.336515 95.51872 5.3808155
47 42.79012 56.340824 45.21128 65.76617 4.0343227 69.432 62.770782 40.9516 18.090988 97.609474 83.670334 18.165392 38.68102 17.528397 36.8161 92.19825 73.6535 2.1668136 63.00262
48 36.19277 87.49713 82.38697 38.12496 62.43263 40.632957 29.622698 53.05915 30.901606 58.802338 66.970276 81.52299 49.929134 29.572117 62.934692 49.76157 0.45129657 71.07823 82.037636
49 6.1001897 93.62527 6.8104506 94.29082 24.369747 51.38644 19.758404 48.854332 89.595825 36.98757 98.90931 21.52291 35.376095 83.87755 44.289528 59.31412 84.83537 98.04642 65.91651
50 84.48466 97.292336 83.07712 13.67926 33.699997 23.706049 45.81012 64.85995 2.5669932 10.067165 41.26466 93.3759 30.859512 70.19246 61.101173 58.5517 96.88642 40.47096 33.59856
51 4.0785494 20.746243 68.15421 3.314054 11.599779 93.670494 12.506002 84.0624 33.955364 25.079977 21.812302 13.6763935 55.467003 8.97761 7.7488956 87.587746 19.751596 68.3041 67.321465
52 60.30212 97.48195 9.126913 98.503944 99.35497 69.39775 58.069153 42.340668 70.65741 94.8991 26.077007 36.744328 62.91829 58.98236 32.147495 37.174046 3.0170023 14.421243 82.4808
53 0.040382147 25.070566 0.332582 66.984924 15.840054 80.07098 50.03873 47.256844 52.02195 77.25821 41.949852 42.020477 28.33628 45.048492 77.606735 99.25598 9.394497 70.87567 35.676678
54 93.456795 96.402916 3.5575569 83.272736 23.965233 20.126236 76.91408 74.224594 71.339134 44.247925 82.796646 14.683353 6.1792793 48.146343 99.20738 80.57217 34.601738 62.981926 73.876045
55 68.8404 10.1830845 28.741772 4.9147487 9.2458725 80.16615 42.921303 22.693937 48.543175 58.227585 5.8129787 5.896693 1.6255796 4.226989 81.452896 0.14413595 90.54474 27.943493 87.246544
56 10.287565 22.670258 36.536175 75.81392 13.389558 92.866844 89.826675 57.885193 64.83608 94.838486 71.79763 39.926 16.51737 46.15929 97.04186 70.92357 25.480492 36.48211 46.210213
57 42.332165 41.09902 4.5559525 21.529621 98.03053 26.144302 6.620508 71.74722 48.320942 95.01006 15.171212 2.764821 56.096672 63.882973 55.75667 45.937027 63.48184 71.322174 62.196877
58 38.503223 44.228172 82.28171 83.2752 0.7095635 18.2216 68.16119 71.501015 0.46600103 18.455904 14.398885 5.966407 40.299805 3.1808734 45.132732 64.69671 2.1502614 3.6013305 41.569096
59 49.349403 45.249718 64.02589 32.24833 47.83988 80.81696 91.838326 35.02461 83.7211 87.22609 90.75019 63.242485 69.232025 81.19599 5.7128134 73.56322 40.236855 7.6724887 91.40638
60 26.752901 83.24493 44.561214 9.729713 72.38529 58.83252 62.239254 23.098057 16.043245 12.650871 13.566822 39.08929 15.742153 39.426468 22.486322 64.09738 10.779696 10.633236 60.59955
61 76.75283 59.182568 90.59406 56.529434 50.11371 42.829792 85.4689 35.389336 50.73998 55.953606 95.78608 81.100914 65.024 82.133896 65.815125 6.2348423 42.407948 66.50671 46.16621
62 88.9223 71.78583 28.406752 52.600044 38.43783 93.435356 30.079239 21.272182 7.336557 92.78893 9.758657 24.707401 13.404351 74.33111 12.966454 33.958237 36.823578 0.56150556 70.28268
63 39.96241 42.35846 30.511438 99.36825 94.45636 51.323414 59.532482 75.23649 0.3671229 69.72773 53.33588 57.589584 89.89695 16.217506 67.46127 74.65444 31.100113 92.99811 32.96544
64 96.89319 20.258926 94.36877 81.18155 44.05739 56.486588 48.198776 37.50423 28.447325 79.47297 65.79747 75.4659 64.38498 42.961563 23.166138 28.608149 57.58131 21.280533 82.370415
65 76.103134 12.357008 18.990093 64.349205 67.59198 63.955807 3.4552693 15.306729 28.690529 7.1776094 74.97488 37.15708 88.039 71.2744 61.122257 30.354399 13.177997 99.8279 92.37315
66 84.71235 11.014706 68.80766 20.16449 43.16755 90.86179 97.149994 50.561028 5.362529 57.20911 23.270332 25.08484 65.71501 75.310135 84.50697 12.424779 35.415165 66.679474 11.48678
67 22.195763 53.47676 51.61354 48.01087 95.22537 80.300156 71.3382 11.799455 8.637751 2.735424 29.38767 0.14230609 91.97337 84.72641 77.928246 15.319574 30.481636 27.445906 4.1167617
68 81.042755 20.368195 70.38815 9.950852 56.888874 89.04859 65.96692 18.710745 41.842426 41.297012 98.38935 25.858438 20.015621 93.585655 29.364073 62.559414 16.093552 6.954801 32.793213
69 77.797745 40.067844 80.56355 5.0448537 18.902134 50.71119 69.83866 91.566925 0.2862811 15.651041 5.1173267 72.161606 72.991684 98.78047 8.185941 71.679955 21.42759 39.367336 98.52951
70 68.5196 23.316109 73.17139 0.86686015 26.227676 70.61866 76.04753 77.159035 72.6527 96.05239 22.109116 15.309053 53.190296 16.175282 49.066883 82.84845 29.2804 48.961235 15.680134
71 55.72266 27.800386 3.89902 43.500328 32.595547 51.535152 65.092064 25.71103 55.710995 73.48051 83.33194 98.64191 56.15468 79.15047 78.95272 40.53938 89.29338 19.925732 2.2929728
72 41.8082 4.23671 58.225243 48.208447 80.90279 17.432934 41.14435 22.26249 10.364634 17.105692 35.231262 82.50989 73.504326 83.35373 1.1328816 57.279198 19.558489 53.624035 25.606018
73 67.70992 94.769684 19.24792 60.350323 67.23631 60.011597 94.177086 25.574238 78.514496 18.893211 29.415041 12.269383 42.81133 50.62047 47.411674 84.766975 55.52255 91.477295 70.44191
74 26.0211 3.7367463 30.131077 10.35232 46.758045 33.64544 2.9013515 57.723183 68.512245 94.716385 43.800037 54.21256 94.81335 48.056366 54.013844 89.43872 67.38336 4.0148854 70.32341
75 34.097828 10.949397 11.105484 90.82271 94.04573 54.788513 48.595417 38.608974 49.800194 67.823105 49.046494 34.5667 75.4096 1.2161016 66.65345 3.987354 17.014194 25.02575 10.955704
76 48.88204 50.88913 8.433372 33.491962 89.10172 43.55683 94.02977 13.884747 66.73597 52.008087 81.12556 69.90625 45.985687 43.553936 69.33779 68.073166 46.380722 84.786385 37.913887
77 43.59396 62.733036 64.05857 97.30917 33.957375 37.7884 27.370739 54.17486 73.57894 20.683092 43.196613 68.689995 98.74758 18.859499 76.29593 51.44663 35.23473 6.189412 66.688065
78 76.04833 24.504454 4.1546526 39.52428 61.19655 29.21664 94.809494 40.471798 73.11734 11.932432 37.98115 14.3523035 94.33712 21.458637 55.147575 51.165436 9.47451 44.516724 58.373188
79 81.33996 42.11609 83.36408 64.60195 43.220585 91.03624 26.166332 58.836258 91.60927 18.869417 61.417103 89.91311 1.8880725 34.522583 2.1853328 80.68373 24.175585 32.614487 83.66383
80 61.678226 94.48625 42.347908 58.180134 40.3752 42.41599 35.57381 66.86056 63.89224 88.96978 23.318905 24.420225 33.47354 84.34599 63.458134 22.558409 67.0952 38.4247 24.072224
81 74.20547 59.669495 80.066864 19.700844 72.99196 56.850136 92.87013 16.359728 93.952736 81.77962 1.5624464 98.82402 78.3616 48.045223 75.62527 6.0902476 20.000303 65.70563 14.965707
82 71.72975 45.947475 29.908585 40.504498 91.46233 82.538055 48.049915 23.481678 74.94846 38.464973 56.643494 8.232612 99.57349 70.60723 43.414433 60.344814 55.739487 24.17009 84.23639
83 65.72536 73.56697 33.77318 34.36671 15.505207 25.427353 14.444876 55.259644 0.26022196 65.6781 65.85997 83.639244 57.179623 64.47032 15.9415245 50.385433 32.06566 15.467823 74.045906
84 70.335266 39.969467 4.4963 83.83577 57.846695 3.4862041 57.08204 22.653807 79.745865 74.93954 84.904366 0.33832788 60.225723 80.63472 4.5509396 55.130642 69.840904 73.86748 44.618446
85 18.33546 1.720351 24.321932 9.943426 39.99561 96.57749 69.81557 63.19293 3.8776398 78.43232 91.05733 75.617485 56.94652 4.8776093 59.242607 9.708428 83.20778 89.24193 32.044323
86 28.858126 37.84899 82.45777 7.0653677 92.758965 50.118237 95.4775 68.34673 34.87025 3.9934993 29.651278 5.3951025 30.320353 17.648441 63.85797 33.782143 32.394745 95.79023 19.94508
87 79.11642 74.402664 4.482591 9.081101 93.602036 25.141626 73.982025 13.1607895 87.04195 32.128048 30.879658 9.949648 66.64717 51.78514 82.490654 36.04109 76.067764 22.238398 61.565445
88 46.072243 1.4207363 87.44119 2.172035 63.459908 7.570797 94.02568 73.73914 90.945114 82.40074 0.34858584 92.041046 17.556864 90.23116 14.291006 47.19462 1.6156316 71.916916 98.900986
89 9.93669 51.803314 21.528387 97.17681 70.52908 65.14791 25.0463 56.227665 28.133709 2.3395598 61.352127 11.579722 32.509624 97.75537 50.23581 92.19656 11.066657 69.87972 35.484375
90 51.34015 20.890785 43.734615 26.738602 26.01412 2.1178305 42.06277 94.151505 94.5177 82.32372 88.22963 31.455362 86.522125 74.33047 78.33533 31.41088 9.799952 6.4706087 80.37472
91 72.400246 81.84263 35.94377 57.283806 4.8282743 90.45537 85.03508 61.509132 73.76529 85.19758 45.806633 29.790604 81.71862 9.229332 62.1427 6.926024 8.435988 89.530846 86.01186
92 30.470871 78.16414 91.195724 36.352573 19.012648 27.814447 19.985931 59.50307 74.55371 50.090145 95.81456 96.55432 54.65854 95.93576 70.343575 28.941418 7.7034054 41.870518 84.309654
93 74.101974 30.452639 95.11696 47.198944 89.779564 82.233505 97.250786 23.968441 71.75924 25.46013 33.75665 63.959442 75.27549 4.748571 89.818665 47.079426 86.37803 93.26413 53.40785
94 25.669247 24.088734 37.455334 35.81798 38.960968 76.704956 2.4769068 1.8747628 85.21806 2.137065 38.21717 10.79337 76.89849 40.308144 48.069973 11.838788 31.667059 59.551384 92.882774
95 3.3696592 79.7953 54.339237 14.641643 0.39749146 92.22577 20.852316 27.501942 4.4110894 56.955727 3.6932707 27.135616 83.90447 90.83959 51.881535 87.748375 47.872143 63.657276 67.10172
96 94.54317 84.626755 8.398247 20.556486 38.20154 90.84288 81.03217 56.791584 37.76649 90.99041 32.251312 70.17706 65.09656 44.60837 38.266457 10.566139 94.09001 21.563917 66.017914
97 53.79808 62.733162 45.982994 86.23851 16.510635 7.601142 34.432655 94.60309 36.091393 45.94182 88.74695 13.456988 9.998762 47.421352 18.246996 63.884468 55.156963 58.837074 18.703587
98 67.521286 20.273542 43.753235 98.98011 39.708527 50.901897 43.545322 32.69271 8.316302 59.598778 95.518364 97.310745 56.636436 8.892041 91.67609 11.836279 72.7661 41.824955 82.75562
99 75.55004 53.305405 38.99069 26.013052 62.359417 75.20977 89.186165 11.969173 20.160276 18.322092 6.6340327 50.23311 33.521103 2.3257792 36.24222 33.259434 16.167486 38.28052 61.253387
100 60.418564 31.505138 87.01949 68.10271 94.3405 83.1488 47.797714 61.1391 33.70995 50.56357 61.801838 36.417633 38.441498 58.979034 30.385935 76.95146 96.653595 98.27109 98.925354
101 81.09171 10.609114 37.150238 8.53138 67.11887 28.63047 0.44033527 41.90711 48.277126 10.073137 86.231766 91.52482 57.523834 74.20955 33.064384 21.056355 35.92222 15.106177 5.9170904
102 20.39041 25.162476 22.351181 43.594246 24.237883 17.00127 11.203414 3.1078875 60.685 80.87331 60.09296 91.92545 63.34055 87.52312 73.42773 3.6144555 45.990543 69.76631 23.682426
103 62.659294 36.783566 61.51403 89.41004 50.305687 67.598404 59.64349 51.078247 74.5207 38.881474 88.39297 60.764313 76.92062 39.18506 67.487045 86.32335 40.256084 8.002013 99.50497
104 87.57106 88.25746 39.20428 82.00182 98.5006 10.900986 37.189396 0.051027536 23.102945 22.084993 48.271877 76.23351 55.81363 71.99857 93.28868 10.250563 84.110344 15.875053 53.99473
105 68.444336 38.792397 46.1667 3.595388 25.295204 15.754485 52.33385 91.49681 81.713264 85.705246 96.35251 72.66765 7.50019 39.67015 11.713547 24.320263 73.13773 37.966053 17.17984
106 86.1764 46.032516 58.659607 16.014708 47.43107 52.049152 93.65729 47.98642 43.532764 19.692432 52.163784 10.443884 11.733765 83.31452 83.24663 40.463905 36.519444 76.44766 72.92645
107 90.86975 27.801228 76.581795 53.157055 66.25552 57.266922 99.76734 47.161503 52.524845 5.450898 95.236626 80.05714 55.43214 75.65298 66.275345 88.05308 4.8291087 25.349594 79.87339
108 41.57042 15.459448 73.56762 11.84026 55.5628 69.96521 19.00512 70.2434 37.559795 92.08479 61.47372 13.9420395 34.287853 58.714497 54.303326 26.928652 90.22472 98.51418 31.306965
109 67.002884 55.508224 96.06656 85.17534 99.3993 50.956314 57.31592 18.9969 74.3427 59.58096 51.243877 26.030243 60.648327 7.2272243 70.67897 59.75427 5.5170536 80.48378 12.037468
110 54.26445 30.257195 13.750339 58.97056 19.758123 71.01814 35.579998 31.727797 27.459599 37.531067 68.72233 84.97879 78.989235 47.66712 20.571095 68.36963 25.80682 34.252716 18.175167
111 11.792648 21.695 47.49867 42.122997 30.847973 94.84579 52.639168 99.2906 25.962967 63.333977 60.536278 68.796486 43.86656 68.78283 18.24531 26.989883 94.40451 5.8366003 17.579597
112 44.681805 44.908817 0.45326948 69.84391 87.192764 13.440645 66.631996 12.97263 89.532 30.215572 10.418665 8.72168 24.84702 51.458443 71.128914 99.29429 4.2090597 73.952415 94.740746
113 98.36598 5.161792 82.83364 33.202183 16.010601 10.90157 54.993504 98.64936 62.177216 82.43487 60.10102 73.724434 42.350273 83.84186 39.12775 71.62265 81.626785 32.446297 73.787415
114 43.295956 71.013245 68.1455 80.99697 68.3234 80.190994 91.597626 4.8908353 22.06396 83.79423 41.915245 29.70463 49.38632 89.42608 98.80811 83.68066 66.88577 72.80121 49.89622
115 44.787704 66.226814 32.71003 54.63634 30.310148 64.07875 91.67124 25.738598 55.123035 84.84259 29.461723 96.177505 67.6742 24.612982 40.033756 24.318605 22.343552 15.005022 18.058365
116 35.99404 65.01123 27.84118 81.444115 5.588138 2.4685025 63.28839 19.207043 28.668869 91.93994 79.72332 70.10779 47.06793 34.70589 21.06049 13.186664 9.52788 36.937885 1.992029
117 14.938378 13.368595 24.76414 31.859058 84.16151 96.66018 71.71015 9.817964 40.84015 78.01854 31.513924 56.504353 92.677864 59.57163 23.462921 67.27246 16.578436 75.39718 10.469955
118 68.84873 73.49033 35.639328 50.788177 32.248516 6.1991096 58.716415 15.316629 70.24011 20.024616 18.991625 5.6820273 15.488881 66.68069 53.763016 9.580022 6.5768957 9.068614 55.520374
119 4.16075 81.983795 58.35052 27.508747 94.5529 8.257556 39.69403 52.439125 21.00482 17.238813 56.569122 35.715134 16.708237 50.379204 8.945602 51.132904 70.35287 65.77675 53.284245
120 74.30363 78.090515 48.214943 23.495419 18.002457 33.18364 24.725824 15.279084 35.532146 36.553192 61.300648 51.244812 79.58764 45.16568 41.4595 22.286623 61.91297 49.214535 78.38776
121 49.766624 65.46185 63.920696 20.991749 42.614735 98.32675 82.132805 95.06926 69.515526 25.22136 93.43805 96.19474 16.52441 65.931885 81.9559 76.06192 18.89463 54.35027 55.1942
122 51.89425 8.325964 20.23812 81.1794 14.928508 95.55134 97.82432 60.4724 22.51146 57.006 10.107451 87.65064 65.44979 33.685947 0.023144484 56.44415 2.1578312 2.1702647 24.465466
123 91.085785 20.906395 90.69136 34.853233 89.765594 15.95335 87.18542 99.1502 4.620397 60.206985 98.102554 80.94041 55.758316 1.8265188 44.625275 57.595665 47.792973 63.09947 31.619728
124 3.3330142 78.685234 43.16776 50.47477 75.94129 68.86506 20.628094 12.878871 65.36373 99.19914 74.44626 93.01756 95.6783 99.01018 31.549866 41.679035 22.150326 28.73224 54.263527
125 39.93079 55.088608 28.657812 80.599556 71.535515 40.672188 67.412094 63.305153 2.833289 74.501076 97.15773 40.293484 83.71328 50.442135 72.03018 38.265694 92.38103 9.784865 90.93352
126 24.387693 85.30539 53.499424 3.6561728 97.0597 28.976404 83.51884 52.423523 48.157425 55.455982 12.782335 80.68208 45.49531 24.255455 13.92076 12.360883 18.340057 90.48776 93.89555
127 12.397135 81.07516 76.73997 87.88926 71.32357 83.88484 53.47912 56.869614 90.63528 25.70237 31.388891 66.40648 72.98908 27.578312 16.745913 81.716774 72.6041 25.80812 37.2562
128 68.06835 31.157368 68.16526 96.718445 64.41964 96.69488 55.780052 0.060111284 49.654514 95.35952 72.7606 19.864046 38.445908 34.890152 48.559486 67.19097 91.41891 65.74866 50.14863
129 25.59089 60.96473 0.32664537 55.88844 1.533103 99.17702 96.97324 6.9916725 7.4790535 52.646988 96.63755 9.92586 97.44826 55.285027 62.862198 1.0210216 17.71956 95.26414 16.889769
130 17.81568 67.36616 86.250755 89.004745 17.958826 11.302746 72.25699 74.24819 71.27762 80.65025 65.9858 98.68723 32.22034 86.282104 84.02802 73.94013 94.40495 67.75438 40.60282
131 59.152687 85.37181 84.35017 81.91785 16.659958 84.59171 12.158739 43.181355 59.77813 30.869955 51.99794 42.658295 57.244854 23.875124 40.171318 65.07026 1.5182197 48.784817 26.689697
132 48.551907 29.269516 50.96727 84.403336 64.06426 27.843058 30.00856 4.7700644 47.709404 86.148575 87.86337 40.575253 19.186628 81.40158 65.87863 68.23043 43.383854 2.4022758 9.152251
133 59.28224 86.82961 27.771103 56.19422 95.99698 1.7722607 24.932188 27.01788 14.445841 73.64875 47.907394 66.28118 62.06261 73.61235 63.470085 40.409195 68.40116 17.876684 64.28851
134 22.060865 27.570456 96.48434 61.804676 62.968647 9.916645 62.61667 32.2496 31.004494 66.866585 81.93444 96.95725 1.0481775 75.91595 12.195492 97.63481 56.40527 28.574705 94.36913
135 12.168532 0.5046725 80.26933 85.80002 94.64631 52.576237 21.906078 97.12584 1.3756633 18.955172 63.744617 21.391232 33.64923 89.38273 35.70255 75.20814 27.799583 8.785475 48.054993
136 37.28388 7.695508 55.94399 43.12126 43.880318 77.32938 15.443861 23.914438 28.799826 28.658194 35.389393 18.40433 17.648338 18.58167 5.415249 28.108269 63.04723 89.121994 85.230316
137 93.83729 45.111156 65.82958 38.75907 67.80961 36.14763 34.554462 41.209656 14.785015 11.748468 18.436962 92.20764 31.720024 74.12723 21.786367 86.4168 8.604013 74.91797 81.00038
138 20.559967 87.08517 91.208466 34.45855 92.00638 69.26534 23.16714 52.09237 16.469324 99.23399 67.38228 23.84652 41.0352 73.68231 45.421867 6.316066 91.71106 26.012861 70.9111
139 44.353 92.732414 88.022385 54.69587 84.32282 56.630524 33.333187 30.807186 56.962414 30.943716 92.69289 35.672222 48.510506 18.70923 50.024467 59.35028 81.08029 67.541275 53.225327
140 75.84027 58.311962 56.050587 30.28155 35.353355 85.43464 39.266705 90.94298 95.82802 68.29928 47.0749 20.21826 85.154434 22.094757 44.775326 62.082092 16.152454 54.770885 53.82669
141 31.386662 40.207314 24.167496 17.57574 36.946667 84.81703 32.05521 63.03536 8.594263 7.663262 7.3593736 20.109337 81.71229 43.017708 28.455574 86.433914 41.94892 63.480576 38.347095
142 74.39035 84.654465 24.6759 53.577866 9.828484 13.7838545 66.36816 58.777927 15.42781 35.862236 69.598755 3.7236154 59.02465 89.963 95.263985 82.72521 65.07637 64.907715 79.77426
143 20.09766 19.95501 62.039387 33.068783 17.553217 76.01401 64.47771 63.64053 35.770912 10.215646 21.83705 54.999752 93.399506 88.220184 79.63347 94.12598 21.655256 49.707317 3.2494783
144 31.198805 24.861855 73.62891 22.14986 52.838676 69.18886 19.190681 57.395428 20.124186 69.98061 18.556923 77.29548 44.99071 27.996754 27.302992 36.745495 11.773944 96.23641 8.058113
145 6.450182 47.474945 50.482773 28.947025 51.430428 77.93431 11.036932 31.530703 13.11695 95.9689 82.12549 50.951283 26.665003 0.4154265 65.045425 24.705029 32.169903 26.022512 76.192116
146 84.513855 34.068752 77.631516 90.70754 99.5651 22.590572 57.793217 4.6508074 98.18048 91.637634 54.90209 95.46193 90.80814 92.479645 54.42441 83.253105 9.970713 27.218288 84.49529
147 89.37401 65.12195 61.79161 90.01973 28.074724 32.75445 78.559204 97.70408 90.311165 97.86083 73.02479 34.748196 13.244438 73.094124 59.36085 63.140263 16.281622 20.626575 93.00953
148 1.8218577 5.156845 20.506418 55.219437 12.951416 44.188023 82.81163 9.972316 3.9199233 7.156682 11.460506 25.956463 41.809536 87.00075 50.337654 19.21391 35.09017 60.498344 90.418045
149 81.54925 22.290516 17.23492 85.62313 8.024633 28.240616 12.325949 18.833553 67.72487 34.657608 43.618862 14.239735 95.87015 38.041306 79.48554 2.2720635 44.252903 79.08171 29.97071
150 85.76771 59.416153 64.38834 8.172512 15.664101 64.06985 23.975897 30.55395 79.03659 73.62072 62.538994 53.7337 7.2064996 64.59086 45.39103 4.5611916 85.238045 29.908043 82.609024
151 82.384995 52.530704 63.91198 29.313963 63.87986 26.323582 50.347466 43.33034 27.17176 12.498599 14.078874 41.22923 2.9219449 30.650764 2.7970195 72.79899 14.190727 20.349026 1.1954904
152 15.449703 57.054234 93.017006 36.13065 42.400597 11.908472 86.906685 97.868996 80.49134 37.04405 92.021164 96.953575 79.18264 46.352905 66.1781 67.33478 16.161448 90.93967 24.11874
153 59.620373 66.6494 68.02074 67.89791 90.57805 33.049686 51.93332 40.78722 99.90546 34.288162 52.535194 38.451694 37.866295 75.755264 41.008694 42.894154 69.335945 92.09168 66.40465
154 57.090218 34.329285 77.453674 6.5537095 94.660965 81.98185 87.92437 31.674385 10.462832 75.57132 35.300457 99.62325 68.54154 8.408862 52.78636 78.82989 15.236462 33.77272 33.689354
155 3.1654775 21.885426 82.53406 51.862015 86.00172 55.929577 57.335377 15.526491 56.279205 36.43102 66.285034 77.69599 64.338165 93.07894 7.8499737 90.451935 40.44875 22.47519 84.24818
156 5.922544 64.353546 75.470314 97.00978 73.33438 23.70661 0.9913087 35.90185 83.68034 46.12622 59.40236 83.06902 66.384346 90.803116 29.018711 16.565472 36.17737 77.41189 97.81648
157 61.541046 33.87571 22.716309 26.322126 29.855711 57.82727 98.05413 12.613476 38.054596 69.735016 27.213896 94.62054 54.225964 0.960958 16.515564 4.5911193 2.6337266 25.152445 63.683475
158 94.61073 34.075684 87.32372 84.9194 87.17542 34.13991 45.887947 50.075615 60.56154 1.9510567 45.400726 32.68252 52.481018 51.212353 67.09054 87.55876 87.43044 2.5188982 20.070297
159 25.63768 91.22494 91.76519 27.21823 89.36347 21.255302 81.280594 10.166889 57.483917 91.631004 46.948017 92.040665 54.29767 19.999367 21.40324 64.24222 73.47043 36.700523 97.44873
160 24.726128 82.543274 29.078775 60.58014 5.1454363 72.410736 4.0880976 0.11533499 98.65893 91.59872 33.477497 96.4931 60.00004 32.44048 48.309772 51.096153 25.902855 53.610497 6.655282
161 94.23405 43.73731 58.373302 11.123973 8.045328 66.12094 41.841095 75.38023 41.95366 81.553116 54.0759 62.663918 88.41334 88.28115 43.649208 59.168114 62.039906 58.486927 81.97467
162 23.263628 73.43986 80.62227 70.11246 23.186516 74.28944 52.778946 83.62283 53.907703 38.18879 43.123825 68.30132 4.282695 24.820078 43.7432 0.19815564 31.848537 96.81332 51.11827
163 21.217304 31.219614 39.88269 84.60163 49.86801 47.1728 99.21099 48.703323 2.536869 62.255592 37.265884 96.0561 90.14986 65.96231 40.327065 16.256731 38.556854 5.8787823 29.647291
164 67.33237 17.711449 6.1827955 46.5864 57.625534 18.115992 73.80831 84.03006 48.012 35.496788 63.54708 85.282394 69.456085 82.77075 39.29988 59.31369 76.17538 47.630054 6.337929
165 2.2237182 87.650856 24.133133 38.344254 30.083143 16.210825 26.2411 30.53859 30.537487 54.08262 13.031411 56.52303 18.860632 73.10209 31.172735 29.607689 29.25002 10.465771 86.03418
166 90.086655 1.3494134 9.088182 53.471165 86.84833 4.114133 5.679679 18.881613 56.245537 19.609213 13.29698 96.62759 42.5594 35.124416 97.85788 23.497093 54.715942 36.637985 65.2856
167 5.7301044 23.020632 85.25974 43.201904 15.505868 50.238056 92.49492 89.378 4.0018616 43.85091 93.21482 89.747765 12.566739 54.084362 76.88469 18.271954 98.64231 16.392971 59.230293
168 36.20786 40.32629 31.502325 16.033257 71.594795 73.45528 92.51553 17.603516 73.530525 42.434425 51.586193 82.72039 7.9192877 94.438705 80.58756 52.059883 99.96388 13.813538 26.24836
169 77.494644 27.207888 16.327345 53.36733 50.887077 89.18037 2.2529066 55.761616 96.38129 84.73605 93.021286 47.162384 17.582464 95.412605 52.403484 9.769469 95.804115 27.25178 62.899296
170 20.854885 49.73631 99.57119 98.37738 24.712276 88.97699 77.461 1.2076378 3.2497466 73.971375 35.958946 46.4102 91.29299 59.68151 73.885345 6.0312805 7.691729 77.98182 90.46637
171 27.423132 38.906807 59.13176 19.720728 11.795902 34.010525 12.062359 28.02694 40.825928 97.88506 59.53784 6.5324125 4.8153877 9.591413 41.990864 89.630905 55.530453 34.954338 74.01474
172 56.45413 49.091064 43.7322 22.725647 97.34046 81.898636 12.487465 16.643227 70.01581 17.38522 82.43553 28.101051 19.518925 79.227486 17.924177 68.77475 75.80678 62.532925 54.398853
173 15.5527115 77.88086 17.377747 46.16459 38.082386 52.887882 57.02253 93.2027 26.876593 22.989828 68.28158 94.78971 45.39515 37.19845 75.066605 5.561143 26.12337 65.47482 63.31879
174 49.638863 51.01291 29.160744 90.70165 30.986612 53.95264 26.50609 15.92977 96.57473 36.9846 91.266785 17.89602 4.3345156 34.118813 62.965435 75.33742 94.1925 94.7423 61.639244
175 24.212254 89.4314 2.2334397 30.265862 46.87907 81.78028 28.519176 12.390399 8.26109 99.353676 39.546238 68.91961 87.20357 77.013954 74.13914 50.059902 43.00112 56.912262 85.20981
176 39.72354 58.467167 38.670147 50.05154 89.49439 51.87924 77.51153 69.340645 86.82505 4.6663523 31.066996 2.8941214 32.23881 2.8735518 75.789696 56.16169 77.95139 95.37409 28.99307
177 83.40276 45.84146 76.69183 7.310581 11.60947 56.729816 67.40023 44.5606 90.14662 71.43176 89.69497 57.065235 13.011265 43.29535 83.27559 40.71992 48.352497 83.51178 29.55618
178 77.65515 99.785675 36.277683 16.963165 20.097906 48.992317 88.109604 92.233444 61.766994 23.5924 1.7781556 71.82877 42.373848 59.342964 73.27466 92.52367 5.9122267 93.95489 83.09229
179 33.657433 28.582108 30.38752 19.35206 57.283688 85.39302 31.10193 28.70292 62.38062 56.53156 68.71257 35.555237 0.34475923 14.069385 31.622255 15.463418 30.183495 37.95768 10.965925
180 14.063001 21.213156 6.7406597 24.498463 38.91024 20.790028 95.07393 37.474674 83.19922 65.84144 96.81764 45.184624 53.28825 14.977896 21.864838 88.2833 97.210464 37.070923 87.45008
181 83.61433 70.14205 0.75404644 23.763926 99.65708 21.738846 44.78761 30.387575 68.37365 66.22101 63.125465 78.285515 62.00577 61.294395 41.39991 33.589924 33.746273 8.9652 28.028852
182 48.730106 11.218065 27.863276 96.93829 95.96667 78.935486 80.98391 57.736694 13.258886 4.5573416 68.24533 29.893082 55.613403 69.49057 73.70811 20.936108 42.43372 99.5543 51.796307
183 24.84808 16.526133 49.81269 24.792599 89.6808 69.74461 49.74231 69.95711 36.03434 88.01287 32.588078 93.8633 47.54539 51.697628 54.616577 14.284813 97.119484 30.885262 6.0939074
184 6.849289 28.565144 6.711894 52.858078 80.656685 31.86457 55.000996 53.545 50.40933 44.923256 55.375065 27.648735 93.90087 87.72192 53.841423 9.997058 64.85655 2.8515637 58.532536
185 0.8141458 59.31434 95.013596 93.54664 91.79487 66.50487 50.839542 64.23642 28.56555 25.360657 88.0218 96.193924 21.151531 28.505087 52.000362 29.755991 75.77279 85.29719 11.138654
186 70.09364 34.167408 63.008286 23.32164 80.65222 37.985123 54.563446 73.16449 43.48973 4.4451656 76.88841 38.532467 5.3447366 0.82709193 35.469276 5.9099493 52.290607 36.42996 18.275822
187 48.447216 60.650314 74.931496 21.053583 29.448677 17.319256 82.70145 91.79773 32.90042 81.44786 21.232016 95.94134 25.683964 22.059715 17.666935 96.69139 61.766148 45.92546 86.222984
188 63.60876 74.33375 67.990364 56.45272 33.850002 9.058881 46.791164 99.70396 66.67332 11.005152 41.33286 42.26317 35.381245 33.742207 58.379482 48.56199 69.6576 25.720919 72.40861
189 38.074993 93.40248 13.625139 69.76189 29.304642 42.13279 32.07659 6.783116 49.25654 3.566587 94.60512 74.770004 99.34181 14.229709 2.148658 35.991913 72.54985 93.20663 96.52041
190 71.26603 92.424835 76.21243 80.340324 54.879665 13.825649 74.00718 99.00371 24.045967 37.186165 59.14133 60.542995 22.447872 42.119278 44.75476 15.982467 88.43657 19.383503 64.60968
191 35.307842 3.5943866 50.67814 70.98921 55.850636 74.948105 58.236927 8.119762 3.163427 60.241592 77.098885 85.27241 55.84014 59.270657 25.158136 2.8716207 50.781544 42.08812 94.10527
192 84.31044 73.74945 6.452334 19.205873 38.569523 10.385018 99.58245 20.115227 47.309525 17.940557 83.273834 27.76174 3.3082843 29.607588 4.7048807 14.46836 63.71583 97.3945 78.63433
193 43.2059 55.68359 80.95724 18.75773 16.03278 37.88375 77.61945 38.189507 76.7822 78.97755 81.100975 90.60194 55.882748 33.23666 35.334427 46.53344 9.377432 39.60267 86.380325
194 3.6412776 24.836313 29.128778 15.105414 57.8917 45.599663 27.944582 80.283264 15.344113 4.8648953 89.88639 4.4897614 84.59384 92.32563 81.32571 71.03964 49.205387 79.73412 87.40094
195 60.748528 1.5193045 65.79747 76.019226 73.07373 5.790287 24.708254 76.16635 41.815315 14.261377 42.384018 28.074764 54.738705 56.863964 37.747902 92.79724 16.964167 68.9299 7.2823467
196 61.174107 96.574486 74.600204 15.353507 40.834324 58.497955 52.3139 22.720087 83.81733 19.271587 26.475079 95.05478 26.037825 44.78244 42.551273 32.629414 67.846924 8.590233 35.68988
197 83.5188 27.38921 37.080437 22.503471 44.29867 35.649227 85.67518 66.83114 64.3472 24.666119 27.894003 60.708748 79.167755 44.329823 45.52327 46.96348 32.85565 54.724903 96.90186
198 98.08843 64.71855 1.741302 13.802063 73.46465 36.47622 35.519688 52.08286 52.50652 47.321964 61.449093 52.784325 91.65007 8.896107 79.40644 78.24542 67.83345 41.937954 21.552866
199 80.854515 47.59785 73.64388 15.425003 62.93668 89.34102 98.725555 95.738205 56.85993 34.57313 58.556736 54.021645 20.584011 43.05579 58.904655 34.015186 20.520378 55.064236 6.4103484
200 57.069183 89.725426 33.124535 92.621635 45.307495 73.1769 14.681119 88.96521 21.061266 35.31444 48.295742 60.10619 14.388019 29.351282 49.03012 31.781256 42.001884 48.33871 86.29708
201 14.066565 11.613375 68.90453 60.16709 35.37497 6.7808747 98.370705 63.18956 66.05589 65.492424 72.02403 5.344403 34.641106 47.720432 61.17271 73.70483 72.45226 5.3304377 24.835236
202 37.505604 72.93363 4.497534 13.107109 8.122837 56.730354 84.022835 42.125557 44.344616 79.79816 60.791325 56.85712 11.423016 73.86273 59.529392 65.48405 70.734955 32.070858 61.774414
203 18.841738 91.24255 39.973873 47.64171 60.102264 37.947376 46.906567 72.96125 37.71282 42.60165 95.780365 58.364094 51.5479 92.31291 2.2711635 10.946483 45.450974 59.40588 45.885616
204 93.559654 15.014273 25.851435 5.5313587 62.2107 27.830893 45.411976 17.657852 14.470678 53.865044 11.87408 33.997368 7.4403706 39.405678 20.64389 13.205088 84.30439 81.73519 89.681366
205 52.621758 85.70343 39.66361 43.171913 85.871086 53.282017 53.015335 14.216924 73.53034 65.34158 11.639631 30.718279 58.711433 81.38147 70.23815 58.90005 59.65871 36.584644 22.017973
206 71.72861 16.568857 87.460556 33.70208 22.84878 90.490616 4.6620903 82.64086 61.349224 45.6524 72.530045 88.60857 47.31811 1.7420232 41.5813 77.34254 84.176155 64.93486 89.65272
207 68.05597 90.41673 82.80749 49.76156 25.15652 92.69252 92.218346 23.276638 26.424335 44.02836 65.88284 1.3575137 61.197968 97.98663 14.377726 96.76792 7.00171 2.352661 68.90128
208 43.375187 29.901909 97.64408 86.077126 48.49022 90.14417 7.5934467 60.767097 0.5782008 1.8021524 14.632672 64.1646 3.985405 23.828094 5.060548 1.8443823 65.70147 44.66427 10.55004
209 95.985344 24.641579 47.144527 37.314816 75.255486 39.63409 2.5403738 66.7795 19.014008 31.691998 79.10205 94.97407 65.266594 73.00275 62.191956 97.90035 96.49169 88.4702 60.045868
210 20.411045 57.885708 64.98128 15.331167 73.12478 9.163552 73.55383 1.067251 29.81274 35.7706 95.17198 57.25971 73.5843 46.7479 92.76169 17.968882 78.93378 14.642447 0.048339367
211 97.738556 5.964226 94.42805 58.92532 0.6680608 48.364662 21.622955 56.718613 98.30045 26.285828 89.443016 14.938974 96.36121 65.24929 47.26089 3.664279 91.7212 1.5611887 30.763817
212 87.798294 65.33928 10.123962 12.486422 10.626745 83.99451 51.596905 60.876595 39.170326 2.035427 79.913895 79.32922 7.96029 86.909225 68.39834 2.8547049 21.494686 0.702405 91.111145
213 99.95916 99.53883 80.2066 6.4270077 28.186417 57.69732 85.05874 10.771251 42.455894 12.698544 56.29912 73.3895 51.23542 37.305664 14.309019 97.20439 53.686405 83.71785 57.661427
214 28.286922 94.746376 62.08596 24.135178 17.099697 19.767178 37.981087 77.25764 11.129915 47.46785 80.2804 60.571907 81.31004 62.810318 0.24122 55.74842 87.02488 39.750187 20.103973
215 17.120844 7.637805 69.00068 62.292046 75.72501 86.26283 95.88605 70.36772 91.024574 75.70018 77.523575 42.87948 22.846199 61.593254 82.99645 58.92745 33.31281 86.31621 72.46042
216 97.826126 56.508373 64.040794 65.42535 48.113537 79.0497 75.84573 10.492319 77.113 8.557487 59.42389 90.89083 0.37997365 9.152335 64.52386 86.0991 80.05666 7.555789 69.15957
217 80.05142 67.11743 13.217277 37.072914 82.9142 29.739624 8.245028 20.990181 64.68082 18.907373 93.983025 63.73681 84.99323 73.496315 91.10172 37.942894 21.304756 66.45132 78.37295
218 70.37144 24.976944 17.526644 85.25917 77.13407 76.93886 17.991108 77.50454 57.337715 27.476662 20.60346 59.5744 53.95624 21.476263 81.24343 68.61723 48.682285 65.48328 4.3599725
219 21.24771 51.73604 47.30935 45.70359 55.562485 25.454098 85.198204 85.78751 59.15577 22.127605 50.92961 74.6307 1.3162255 59.9935 70.40765 1.3438106 69.938644 27.306253 73.535225
220 95.10845 15.915102 21.643555 11.368948 71.466194 8.884698 61.45352 28.085905 99.28266 26.284468 68.571846 15.150553 49.303894 14.786423 16.07498 58.77964 60.20886 50.6174 75.25399
221 44.46491 8.128012 68.19399 21.368408 5.586356 21.700043 49.280483 70.65867 0.25590658 48.147373 55.872417 4.160386 1.2584686 43.147118 26.663363 78.287056 69.65061 45.352875 30.771893
222 51.855362 11.148524 67.49108 13.955766 55.957912 45.357235 22.53257 76.45007 61.391872 37.199295 33.358574 71.526764 30.59286 85.18926 95.74421 7.6386156 82.37654 46.63186 70.82886
223 11.397684 11.244572 21.118217 38.301613 64.52554 34.36703 53.142323 4.3830156 55.241394 42.224113 46.10508 8.725482 87.32867 89.70123 73.827995 36.292503 11.407078 27.421576 3.9332688
224 9.129209 89.86431 65.320366 8.599031 99.03667 75.66113 16.777843 82.3635 76.15439 86.06946 59.709793 40.491623 46.29575 34.651035 96.3533 63.153725 57.840527 61.814434 4.3819427
225 35.084106 98.647865 78.54063 64.55273 13.834786 96.7078 25.846886 73.2515 25.127375 72.30559 9.831577 8.803833 15.605307 21.851444 18.337149 7.8040123 2.536261 97.05964 69.077126
226 19.350279 9.306741 50.99059 3.2485187 71.1345 4.048538 73.05447 85.01084 89.80809 7.1624637 17.184246 21.635288 39.733803 69.14364 25.102217 96.554146 57.747944 61.81209 64.321396
227 36.974968 78.32594 69.22301 87.94894 87.23334 32.803875 6.145239 0.51181316 60.770256 20.11057 55.589367 96.23864 18.727516 44.672234 77.53622 59.14865 6.9101152 92.44051 50.422333
228 58.87803 49.586002 18.853157 18.304235 93.68361 86.65818 86.26505 9.732861 69.08665 77.59456 54.100018 0.57082176 24.049694 22.640812 66.595345 20.189262 38.62434 49.836617 32.280457
229 58.1594 60.18638 29.83579 60.799408 52.742607 47.519787 43.186886 38.71618 20.779133 51.266384 84.31666 41.709507 85.139595 69.08107 29.791153 9.056687 36.45811 47.992844 76.386734
230 43.32586 22.695965 64.051125 7.0275364 47.35561 37.0384 19.73017 23.740465 8.326281 92.11386 37.4781 89.510826 79.25643 48.518364 38.25146 2.4189234 68.64203 56.661606 17.20249
231 31.89302 14.057809 73.12509 25.529797 38.5801 3.0361772 2.6944637 43.8202 75.52936 89.91686 73.22253 64.27035 92.48347 98.92124 77.28028 58.562424 89.52094 67.56216 68.508644
232 86.77473 57.592278 69.57897 14.603919 37.740536 7.2110534 19.626373 17.427397 90.24853 92.32598 42.495747 74.8595 50.236015 42.903816 35.071938 91.319214 74.807526 99.74893 39.702766
233 33.499886 7.97258 10.390491 21.171099 65.556076 64.207634 71.360695 16.811228 0.99770427 38.389683 54.80963 39.115364 45.75516 48.718124 15.156805 13.8583 23.682482 32.643562 52.43421
234 53.567368 19.137484 84.57716 95.25817 98.13043 14.753694 13.594073 29.169905 11.331558 71.195854 95.11336 20.660872 46.806572 91.22959 23.592573 97.86524 89.80836 36.05884 44.886406
235 34.03712 25.564283 47.37676 53.66814 16.97579 72.0098 55.28538 0.09459257 68.02223 68.21792 78.075806 22.916443 28.690905 11.652881 4.297054 46.016216 56.051003 52.00847 76.61327
236 69.727615 43.32283 49.21001 8.252918 5.3968725 7.561117 93.34067 70.55057 34.946537 98.574715 27.784616 9.894395 90.46371 83.26003 59.5637 26.60532 1.1409163 37.245033 36.29267
237 70.73521 25.642502 35.15553 3.8175166 50.89119 1.8596053 14.992804 76.669785 83.94425 98.073006 8.179241 82.01773 34.39698 30.095684 70.978905 11.686301 52.36687 28.662228 35.48631
238 3.7277043 45.246304 56.125748 68.51567 0.44143796 38.352455 7.685232 97.89312 1.9672453 49.063927 11.478996 40.297993 69.72062 23.40427 5.8372555 59.419125 80.93318 46.685474 7.9966726
239 53.355724 1.1385024 25.139904 54.16072 35.52759 15.157795 54.481888 38.774456 42.558647 36.35348 6.648284 84.41504 98.414024 28.80684 16.730516 51.23741 48.321396 15.627676 79.052086
240 35.226776 74.569885 79.61986 31.749731 91.67926 34.097584 68.61977 41.931892 58.752205 43.853275 8.420926 93.92414 95.304504 52.318295 70.53628 28.241056 7.603902 6.4269123 92.17918
241 2.2826314 36.144333 73.62187 61.63025 20.438063 42.437428 44.177948 56.27383 62.95162 57.173878 93.53818 3.5242975 82.785614 76.86378 66.61277 59.919495 17.591078 72.54072 83.23195
242 11.948776 11.113554 68.24776 97.724045 67.63328 62.831028 71.02148 56.476242 62.22356 35.815174 70.472046 29.956102 59.175777 86.7613 52.655254 83.7184 11.175579 26.44431 87.89115
243 44.14866 10.574168 37.68773 98.95988 95.917435 17.172354 37.003094 8.469004 70.21777 99.636116 57.652706 11.218816 85.77294 68.56514 99.85807 48.488598 42.336887 50.78905 58.628708
244 51.033806 32.03236 50.073505 23.194933 11.241383 84.50963 36.130375 92.827995 82.67004 43.754417 86.50653 72.01977 47.74887 47.680058 92.249466 70.23237 47.67797 45.72345 3.7040412
245 15.937435 8.838338 7.904845 95.68375 6.2315702 98.857864 3.6502838 37.69449 8.285385 94.788994 26.6159 63.796234 40.16946 82.84003 18.36201 4.804647 20.673674 41.284706 68.63064
246 12.413311 51.631893 88.38589 1.8743634 17.819202 94.57991 28.553598 71.321365 6.7368326 15.470725 70.97208 85.05673 96.276924 87.37017 64.34474 59.233772 87.84573 78.84329 23.30165
247 96.54132 72.60312 83.96494 70.78629 2.4486184 43.52796 13.956886 86.09361 95.594345 40.01666 17.341454 0.1893878 24.109703 19.23427 98.743065 83.83406 37.8586 23.012728 91.161674
248 15.506161 72.794846 32.62146 4.346615 26.12915 2.1930158 76.711235 26.0378 97.42027 88.78577 63.45308 23.099237 36.88208 9.2764435 37.473564 57.29475 81.94249 9.79656 39.55166
249 53.558125 60.723675 18.209082 53.929214 96.56172 89.903496 81.34923 29.047173 70.224846 48.957623 96.036545 24.916489 32.122784 82.88088 59.739006 79.34232 44.719975 45.73894 16.93785
