100
8
0 48.035645 39.026527 8.205933 58.258484 22.750986 62.335457 28.038174 45.688374
1 98.20781 52.33295 66.23264 84.60121 66.94809 1.4192402 82.04697 26.88443
2 40.4523 98.18603 62.75531 10.39328 89.824936 25.753563 89.43643 63.78963
3 51.940147 92.115135 25.817162 45.47066 25.277954 19.44152 54.464634 95.2042
4 46.977848 55.953026 29.04374 62.781174 30.715101 47.786087 41.06418 6.5665903
5 16.073418 49.831528 96.27171 85.75127 66.664764 58.431053 24.142218 89.41232
6 84.16556 98.77959 76.17791 90.77888 26.842028 93.64638 10.058135 0.5307913
7 27.48453 14.414954 70.151306 34.254913 60.728752 71.329285 6.25031 48.630787
8 72.59501 27.162153 75.264015 32.363487 35.1182 21.296423 31.40902 31.735355
9 50.87838 12.496084 73.435776 18.88358 1.0945499 95.571365 9.643298 72.06223
10 97.04408 15.901619 57.749413 81.3127 68.562195 6.6255035 84.7655 46.805805
11 61.21628 55.556225 37.36329 28.855537 41.70916 85.909424 24.117989 93.0219
12 50.724674 9.184027 3.579992 77.1684 35.683662 96.51575 55.292046 72.72701
13 29.934729 72.09598 71.36858 44.22284 77.28218 78.44312 93.64025 20.358402
14 84.285225 7.1223974 33.001373 39.24942 90.5921 52.685345 73.658844 58.90186
15 98.15751 93.96043 73.4541 92.44562 82.30144 61.24809 93.11782 63.27917
16 5.2832603 25.400389 0.83196163 16.978848 70.78268 74.1999 15.24201 69.997215
17 45.10442 90.96144 39.32206 16.788982 48.07729 51.992905 51.297325 80.595985
18 98.831 34.65836 17.036104 53.79183 24.55219 11.542648 63.612026 83.09297
19 84.89959 72.93765 56.595688 66.308 82.26852 7.93525 87.36374 20.406311
20 65.117226 11.26253 42.425407 86.889175 54.998253 10.134202 68.388695 67.64961
21 49.9826 3.392917 95.45768 42.1864 60.343067 18.68779 53.820366 41.226048
22 94.50839 56.097775 33.31632 30.102652 32.55488 46.192253 52.540665 51.81003
23 44.325512 93.853676 32.033966 60.19479 43.42674 57.144474 3.2274008 30.589336
24 25.932371 63.024784 33.97221 12.137371 53.01751 42.822117 49.207645 3.5512388
25 74.65894 73.08598 65.851036 14.0337105 1.9929409 88.957886 21.377361 62.131012
26 59.24766 43.64209 40.657925 67.45706 43.010784 79.22852 73.123474 80.20147
27 92.910255 50.312744 17.694849 49.327488 9.84661 65.95818 94.4853 57.16736
28 17.301346 39.9937 86.135056 2.077788 39.851933 30.93943 56.718086 24.83849
29 8.057106 16.57188 19.19945 83.034225 97.85548 53.904415 2.9721081 41.790802
30 78.37894 81.862885 18.425983 81.53571 97.76315 3.9323747 5.976659 13.084543
31 50.59933 53.355915 30.493492 28.037727 81.88176 69.95862 59.418957 15.494072
32 24.749147 70.292786 72.67488 13.29459 97.38591 50.554096 56.133865 78.81372
33 97.85239 42.673725 47.23273 7.6869726 4.3673935 30.273533 33.270966 72.33963
34 78.00678 93.97445 59.933723 20.85852 60.550396 80.12394 32.281513 72.28726
35 93.265465 97.67503 83.346596 70.04863 54.02599 33.084415 29.86831 40.689804
36 16.916859 10.142917 21.701496 31.855743 97.253265 2.1117568 44.96763 29.232485
37 17.967384 57.97828 40.827072 36.638428 53.094612 27.695656 16.382795 32.513367
38 98.46302 46.62201 24.044716 27.35893 36.796696 64.78086 75.8651 54.380928
39 97.74338 18.8424 2.887863 45.396828 26.598454 44.752777 12.238145 18.284214
40 27.803486 6.6583753 90.12733 24.707699 20.04199 77.18677 33.588047 47.981377
41 53.64591 88.32339 11.822092 72.67479 93.0816 88.190475 86.59197 68.48757
42 47.83755 83.18554 94.978195 91.09895 54.73081 27.422184 84.73403 28.803312
43 29.442692 91.55592 17.886591 43.995075 41.256966 14.247311 30.45771 27.749645
44 44.085842 14.158445 71.32425 10.210651 60.827095 34.999 90.230194 32.14653
45 54.104923 66.301025 10.540944 68.35492 82.02862 47.93762 96.04454 12.606091
46 85.587395 35.59923 0.3174603 49.1247 57.832962 0.25790334 2.0614743 86.372444
47 22.53899 18.900066 68.36937 55.8355 90.339424 12.371445 20.89343 48.925053
48 47.516697 13.994747 85.98364 97.81445 71.03153 38.69613 0.45906305 96.472725
49 2.764666 34.776 89.01361 3.2839298 76.29734 71.31287 79.387505 90.00037
50 86.22383 64.686584 37.22143 78.46263 58.60989 13.104129 76.62715 88.19101
51 2.74297 62.622295 85.44491 57.833458 50.03338 10.367537 29.214746 81.330574
52 62.4009 87.89408 6.1793804 46.87513 86.61533 1.401639 91.08617 91.2131
53 55.05685 16.420227 59.903263 93.02731 69.74437 7.190037 45.361244 63.099297
54 33.077656 79.011086 56.839325 33.2564 3.6979496 63.063873 62.71056 64.941444
55 2.6477277 64.42519 91.831985 57.312046 87.373695 66.101524 59.213097 26.372736
56 58.14976 94.81697 62.6342 94.61205 92.59277 92.02841 68.539314 95.369514
57 93.81107 99.26265 1.1358023 79.6658 31.383043 17.508524 45.34504 64.02976
58 92.14253 82.242584 56.928436 76.04429 0.29444098 68.97344 59.437283 16.571558
59 19.654179 8.274227 73.09053 42.127247 91.06838 7.5132666 23.574001 82.44031
60 56.913452 1.3318002 85.18897 3.2057106 73.87774 50.85795 21.685463 35.323555
61 52.21921 88.254814 56.2325 53.99078 91.87326 28.106386 68.8557 64.90774
62 15.99654 99.0392 32.675095 53.177322 53.916954 60.6145 39.578407 62.370842
63 66.47461 73.72106 69.55584 87.43362 76.152504 63.33247 46.60229 2.8906882
64 96.29162 15.504599 26.475208 76.036095 2.4571955 64.88523 39.106743 78.858116
65 54.378105 72.852036 80.34575 59.34036 28.83951 51.819126 15.999401 36.0201
66 27.801794 29.444963 35.718662 64.377975 67.49094 52.691696 17.80312 91.4374
67 64.21432 30.242617 38.975887 69.09072 12.470234 91.06027 68.900444 66.92705
68 97.12203 74.30443 18.790699 93.06175 10.892731 52.929176 90.82956 54.569633
69 23.410225 60.610218 81.99798 27.076023 1.0169625 33.844078 96.87654 41.896976
70 35.382195 81.80297 91.37876 76.43954 51.765327 53.576004 8.384382 63.53547
71 28.031433 22.595602 39.851795 33.710068 26.985056 52.216434 4.000056 13.365984
72 86.34745 34.52439 14.178205 15.339428 2.150309 10.508746 24.506866 46.670948
73 7.162571 26.798225 10.523635 93.69999 81.22574 69.37036 7.9398274 25.27477
74 25.379335 34.184246 24.085527 31.066025 97.05632 58.813572 22.357727 10.343617
75 95.3748 97.18684 85.48139 75.3428 29.918056 84.852135 96.946434 87.295876
76 24.960535 17.218298 57.707344 8.684338 45.7581 64.48468 26.05353 15.18479
77 71.48362 30.026001 39.21437 49.613117 38.17323 43.47459 35.30536 28.949816
78 87.48648 74.3322 41.01307 96.85283 56.319298 79.40029 54.133224 87.093506
79 46.80005 19.459051 18.705952 68.807884 14.714348 23.328447 34.836334 49.6258
80 91.02695 55.652916 43.959595 36.471092 10.292423 87.46683 94.73483 91.52787
81 11.078417 43.888206 94.16727 69.51347 17.084671 43.282063 35.01698 5.522597
82 18.760717 68.12269 23.915976 15.407902 89.548805 54.821957 7.5605154 24.59933
83 69.36372 32.292408 57.359974 9.661013 81.83764 15.360379 59.30878 99.525154
84 67.78652 96.775894 6.7163467 71.575195 82.19186 21.98711 82.708084 99.48563
85 27.941847 54.62354 78.83626 74.435486 69.16167 92.393654 40.263645 65.032684
86 58.013226 6.539756 79.16903 91.6136 19.506723 0.86004734 11.447042 31.67786
87 12.595617 5.4216146 60.4242 10.804099 36.392902 86.32657 30.989044 59.75379
88 86.8326 6.1992407 91.8502 77.455215 20.899422 64.43817 49.017406 51.577568
89 27.369953 74.789635 44.28662 75.42981 79.86901 57.57836 45.549976 10.484224
90 0.2776265 81.16695 96.00998 78.02916 48.77858 42.16315 74.52931 97.959114
91 87.04915 25.868649 64.88161 5.735379 9.577203 0.84462166 95.88576 74.88293
92 76.36949 26.698517 63.419296 8.375579 0.33296347 58.777542 78.04158 70.813286
93 81.54942 22.953665 55.15264 48.88373 46.04952 77.73137 17.819893 11.262059
94 41.35652 38.194263 62.985466 3.43377 88.15788 79.58397 29.897373 47.087624
95 55.429924 79.39113 43.276714 8.440185 53.958595 71.61202 3.7410796 72.4065
96 64.548004 40.22757 92.96479 78.769936 86.68357 49.997513 12.39506 87.83901
97 10.725201 19.39845 1.298362 93.482216 51.866997 65.09788 84.53343 64.43854
98 2.446133 60.94075 92.60008 95.51031 46.3587 42.282 18.872368 90.31439
99 66.3024 72.94631 31.977833 79.9223 62.583202 65.51275 28.334124 36.743332
