250
8
0 39.926823 39.552013 11.892968 9.637749 44.81318 24.834013 74.85398 4.823142
1 20.371193 35.49416 90.623764 71.02291 68.28245 74.50001 95.26456 72.320885
2 96.34744 72.77933 25.623953 26.469124 6.8288984 17.623497 22.024643 87.14334
3 81.054504 30.397284 96.738205 74.756714 87.444534 74.25326 14.131564 66.355286
4 56.94843 86.05175 49.99433 40.303635 84.59945 46.37322 39.980698 33.980785
5 80.96959 93.49157 46.680347 4.437065 79.23184 50.381012 4.4778643 20.12096
6 7.8797283 24.992788 75.54257 63.889397 35.54436 2.7133763 30.045908 96.39798
7 41.47783 23.464893 61.62849 37.774193 35.893017 4.507673 54.394627 42.66256
8 60.279594 71.64289 21.02046 8.067131 14.933926 16.989607 50.208557 98.98408
9 54.187286 39.43987 4.554224 58.011383 38.196774 5.702943 42.317135 81.64944
10 51.742584 14.773255 45.58875 67.886696 77.38315 58.74793 96.44701 32.229034
11 13.746988 58.041183 76.991486 38.225662 44.941544 51.870716 80.316345 24.725002
12 18.350279 45.913593 10.726034 36.830296 63.84979 41.54709 52.616196 77.39897
13 65.14928 86.21601 79.77656 7.836783 65.039665 16.129387 18.334108 3.0838668
14 81.405396 92.422295 26.616276 38.595413 24.527258 24.676401 99.9104 84.61584
15 22.180843 3.6358 85.02463 53.277554 75.06658 33.261776 12.877512 80.479904
16 18.009907 23.926825 42.780804 90.89086 53.02285 29.357248 1.9181609 49.844635
17 38.663017 33.507393 91.60856 29.778666 70.16578 6.3127575 88.68816 35.86831
18 9.627712 93.462685 67.72025 40.698708 32.212036 12.006367 6.284791 61.49113
19 39.12208 25.621826 61.405457 86.22119 61.20009 38.412655 46.901928 72.88483
20 87.772644 99.638954 27.332205 35.455532 17.159384 62.138958 28.998232 12.31339
21 40.530037 0.46867132 58.576733 30.009752 56.039898 19.904703 98.21476 14.365303
22 20.962269 81.158554 96.87002 19.605911 5.496788 17.489899 12.313766 97.35008
23 21.75666 28.244257 39.147186 83.91967 87.87902 25.85447 24.570251 65.108574
24 12.078226 80.02144 66.2086 70.98141 70.64956 13.931047 72.33335 43.56879
25 22.373247 41.581787 63.14882 11.871034 78.468704 4.0195823 97.88456 51.085957
26 0.27366877 34.738678 23.182673 16.45804 58.30106 12.762833 77.255035 41.937424
27 77.44891 5.831504 26.594955 15.582913 49.160522 58.357727 9.324336 68.30036
28 86.56847 89.88571 64.76316 91.34555 71.48651 72.95821 22.308224 77.621826
29 19.979816 95.719055 35.550297 29.060877 17.648733 58.151108 87.65317 99.49819
30 27.272718 33.32283 70.83733 31.961376 94.70651 60.93719 92.39034 79.01272
31 7.5922194 52.210087 69.56262 62.87079 43.302685 27.825523 10.162348 81.93715
32 64.379364 97.41103 0.35835505 15.842658 32.45104 15.449929 28.42052 31.285208
33 55.159695 18.40939 6.7215443 75.152214 8.979994 97.54209 34.70145 34.413086
34 87.06631 85.55133 94.62985 89.04923 62.524406 10.146689 38.425976 25.193733
35 79.97539 78.322426 7.6102614 71.32438 52.21098 19.639843 6.3243923 76.749016
36 43.44885 10.375685 97.49108 45.01087 29.561918 81.41259 19.37667 36.805874
37 91.11976 47.3077 80.4156 59.43791 83.64517 81.00729 17.06658 99.94937
38 46.722977 54.917683 27.168352 44.371815 29.12876 14.045441 80.78388 58.877926
39 79.664566 88.047775 74.462265 13.125425 55.650284 66.46101 22.36883 70.222725
40 44.840134 93.09108 59.5584 90.28571 57.79184 2.3546934 86.07835 29.575497
41 91.35359 50.867344 74.43663 19.104183 68.95449 53.209488 42.663586 75.07599
42 47.85412 30.804317 7.7091875 98.614204 29.555094 29.259676 52.783478 29.242134
43 88.40085 62.226254 92.56602 11.183798 30.222523 41.480247 3.6391795 44.683353
44 32.080723 54.039146 7.263911 27.482117 84.04899 30.965197 77.49951 40.91924
45 32.04685 10.215748 81.01884 17.732233 98.45618 51.388508 93.69762 6.732881
46 65.21075 95.221504 42.633705 55.6425 36.86479 39.792698 76.713974 95.32028
47 42.51349 0.88602304 11.791277 74.553185 83.11 41.125343 42.121666 57.954132
48 21.517008 54.21276 73.66477 24.104643 47.42423 22.745007 59.454166 45.962513
49 17.998331 84.233154 96.346245 80.12793 81.81258 26.54357 46.466763 60.52978
50 81.295944 35.24939 47.565514 80.47806 4.7751484 58.382904 72.79743 45.15928
51 19.348728 73.67361 42.27011 95.17485 70.584274 7.2194996 2.6933968 96.59433
52 33.68451 86.15934 5.8592854 90.48576 56.703903 19.591545 86.2546 16.575993
53 52.056576 7.8344464 69.21289 13.4796505 84.44185 29.068596 16.555595 39.023228
54 26.992893 51.183075 21.128428 6.09982 32.554943 54.81493 6.042397 45.053047
55 2.2142231 28.487284 31.377506 55.949528 51.28071 38.59325 99.761154 21.715282
56 35.693752 73.727516 23.315166 4.752302 35.148315 85.33648 35.26041 29.398632
57 8.072162 73.454185 18.823755 64.84425 66.92534 8.840746 79.419205 17.571676
58 38.208572 10.380947 0.34503937 39.074863 2.185744 61.183937 20.988155 68.854645
59 73.83919 8.313644 34.852577 0.13746023 24.238617 42.149536 74.2908 57.374596
60 24.63175 42.517017 82.83842 61.619972 62.535774 43.236576 54.318027 78.93888
61 57.36559 45.734673 71.7363 64.96115 34.180546 79.76203 16.358006 47.76869
62 78.533066 96.81603 47.675873 14.01698 37.788773 4.1130304 14.3396015 57.3665
63 88.350044 26.267273 32.06041 12.086553 1.707083 73.38188 21.227343 71.54839
64 1.9791186 11.031562 0.18280745 95.01608 64.472275 65.41766 72.09097 45.754017
65 98.71081 59.417225 67.9426 8.394533 44.399708 98.75407 35.88301 78.454315
66 77.914444 6.3305435 19.699223 46.87344 37.317383 13.923788 95.49279 57.80884
67 71.761795 48.833538 35.394524 59.288605 66.71632 16.345709 17.305588 99.68176
68 89.04281 52.534992 78.30001 24.530333 98.96683 64.27172 21.280611 69.70758
69 41.834347 50.43649 86.09214 20.003695 27.754063 9.205943 20.471882 44.30457
70 37.34938 37.59347 67.43159 37.039833 26.51524 60.759895 84.95106 93.36616
71 0.9849787 37.314518 43.819977 45.76377 65.41477 53.082783 99.25144 60.81729
72 33.404465 77.61042 92.23035 75.693726 90.272415 35.8071 24.737656 78.30493
73 94.43012 70.21798 37.855213 57.741512 64.86364 98.87525 48.715504 71.99901
74 49.58927 28.761423 18.288708 68.303116 85.14002 67.66396 0.6317556 12.81187
75 11.3482 97.47804 90.557045 26.773048 84.17171 72.49878 42.373825 16.301704
76 56.384457 87.42263 80.63416 24.085653 59.992535 4.9518766 94.46423 20.106983
77 2.6897788 33.17865 81.42695 1.7810047 75.03279 22.242159 42.85521 53.96649
78 85.86207 89.84244 89.68726 58.61265 95.45285 50.607407 82.06368 70.211075
79 82.63641 87.40988 34.905605 34.858917 61.445553 68.69396 89.54721 21.070694
80 91.52144 47.683464 93.96381 13.269054 5.453408 22.810328 93.50656 53.221996
81 95.34877 47.430653 4.1719556 79.970085 64.25124 37.316727 91.71068 39.709015
82 98.60971 80.76306 84.28719 8.679539 62.973255 35.473488 2.475077 84.70143
83 53.64472 33.56902 48.210083 67.21415 84.41779 78.746994 80.584816 17.511808
84 64.06762 33.320435 49.276287 96.55374 75.34179 65.872505 10.738301 38.875507
85 81.24795 78.68816 24.40961 79.61435 82.96085 6.8992257 98.99835 94.70369
86 90.24114 85.13846 16.874622 99.4039 59.499813 1.9934893 18.772251 30.352152
87 15.247804 5.0460997 43.965042 84.37868 20.39249 9.951889 32.002377 21.905506
88 61.49962 93.84842 41.68647 52.587814 92.60841 87.17696 98.534485 90.058464
89 50.410873 97.37741 62.339954 95.58807 43.58796 14.293671 7.0406017 76.88286
90 97.901024 29.745686 22.8854 88.13045 38.39643 4.635954 9.408861 6.1011734
91 31.985062 96.02496 2.0613909 70.26465 32.96147 6.508076 17.172564 53.4443
92 45.04496 89.4445 62.460995 24.777205 74.637054 69.426605 23.336107 25.253344
93 28.636694 58.94978 30.110252 64.773285 47.841305 43.47444 45.86543 80.69229
94 44.254025 99.70008 98.56931 53.732025 72.14419 20.449144 50.145794 35.770382
95 42.161285 66.4473 37.173252 3.5095334 32.93509 5.6635675 96.87003 55.830067
96 52.22418 47.725933 73.75275 34.533394 0.6792307 30.057663 79.10533 77.23853
97 35.60866 67.398 91.02209 36.827 73.77571 73.70602 57.69681 98.72757
98 4.2847276 99.3348 22.794891 40.52143 62.158863 73.85653 77.70167 48.159004
99 86.462975 90.880516 61.2854 90.15743 14.038647 33.31129 50.20712 61.449467
100 40.408558 91.231155 89.976006 18.349188 76.55451 28.261774 13.671279 6.970745
101 96.51829 71.97556 37.879192 31.276506 72.62122 38.615887 46.83573 50.948555
102 38.113224 8.783424 10.494828 50.99123 70.87406 88.405464 91.29401 87.21513
103 15.090346 65.588554 90.36136 7.668477 23.374445 89.03853 55.96007 48.12747
104 21.393526 85.60408 15.822161 38.702667 46.61647 23.961222 17.966526 72.5456
105 57.205124 47.119186 40.475826 30.942886 25.378048 99.720505 4.9317303 31.471992
106 39.826244 86.26574 47.752052 37.381763 26.089949 15.46899 42.07094 2.2853434
107 23.404867 23.806042 45.152126 10.256338 16.649414 70.629456 74.28603 38.459003
108 36.987583 58.481373 90.916084 18.789213 2.9842317 38.73725 28.15414 3.2363176
109 52.81212 5.5744114 12.225813 61.692566 9.176928 84.404465 61.64516 22.94222
110 52.323997 66.07667 58.52641 42.077263 47.587673 89.90069 60.43365 68.44247
111 66.09249 9.2153845 96.14552 45.553864 48.16842 88.02087 78.83054 91.718796
112 25.616991 39.0829 91.113174 51.08173 42.0397 68.71156 90.645424 28.610546
113 79.95668 94.72436 45.932186 8.517027 23.405325 38.352703 10.700059 28.480047
114 98.18257 2.2781968 53.02197 36.83011 46.00933 62.642773 71.24937 86.89144
115 99.84248 57.627117 2.656114 32.6069 45.593178 16.710972 89.22573 38.34924
116 29.945934 68.50536 36.43691 29.718906 18.19033 99.3809 40.008163 12.725294
117 22.417301 26.121569 68.69748 17.940676 25.599092 42.435913 61.327583 71.209724
118 76.532 8.094608 7.6949596 10.813189 44.003616 60.2872 46.95498 15.453375
119 4.541886 36.863297 96.05586 51.196133 19.466782 40.621315 53.979103 7.026452
120 95.51246 30.71894 55.657154 56.721687 44.89761 72.40477 39.765686 43.400024
121 80.33583 88.223015 65.9746 36.756767 27.099842 44.049038 65.10018 11.364037
122 75.94993 41.010708 26.90233 57.50038 69.63707 21.589989 48.55134 79.127625
123 32.98558 94.84408 57.145298 92.48716 57.50385 34.411873 33.75295 94.30445
124 10.379892 54.26714 57.508995 72.0378 92.9711 54.3463 36.086338 26.567823
125 52.93538 92.328186 24.758417 37.09151 98.47792 52.902866 68.156265 30.967533
126 53.37093 83.573204 36.19094 10.375184 72.07095 60.93859 4.4881105 10.73209
127 39.102016 65.87735 37.665375 21.00861 53.64635 35.24921 35.0344 26.837408
128 35.804016 34.66976 58.552254 57.41446 36.12815 57.366158 74.36375 35.704742
129 24.753815 1.7203271 45.91785 77.79628 34.720993 51.26883 38.8156 36.097897
130 29.01141 69.89525 57.227345 77.46746 9.503764 8.772457 77.43932 71.62158
131 34.694546 85.15156 75.94993 97.95844 21.884966 54.027824 44.1961 66.180115
132 77.91578 27.528965 17.671597 64.099144 93.8192 61.869724 28.687595 66.33724
133 5.3929386 94.01082 75.668686 52.167953 30.188297 68.67685 20.585274 26.725393
134 47.310192 7.8640757 14.368266 24.718296 59.379375 78.95667 68.96947 2.4843514
135 24.698359 61.43163 56.718803 15.838313 44.846176 76.04456 11.947483 6.166494
136 50.419647 62.33849 27.217304 14.368546 21.318727 91.10725 94.20513 45.627743
137 72.78325 6.68664 6.186962 71.99736 13.330454 71.06633 60.55631 84.13049
138 53.884663 47.05174 22.871632 58.17302 0.8607626 13.108736 12.09029 54.216682
139 70.95308 57.958008 65.0115 94.41613 7.144886 1.126194 38.176716 12.866247
140 78.30763 26.995956 10.786617 26.885628 97.081795 87.72721 92.37321 47.038357
141 69.96431 15.860992 95.36301 37.945896 91.17496 14.390331 63.190887 25.899618
142 38.502567 42.329056 8.748251 55.00226 19.569403 51.878506 1.7081618 48.875694
143 34.491 31.548828 84.26157 88.016685 63.502712 73.2101 7.183218 57.119686
144 92.588844 73.01834 77.64575 15.884799 57.366295 42.282825 39.100967 60.072674
145 5.3808155 98.22702 55.6961 46.2502 53.577293 12.672758 19.500214 78.49893
146 94.069496 63.182564 10.254145 93.35127 84.59027 83.181175 12.962103 20.7102
147 46.340866 79.90523 88.51159 54.14044 91.631905 49.37806 23.300844 89.650604
148 66.03482 91.46057 83.79251 14.185214 28.120708 23.691582 25.7832 65.095726
149 6.6941857 26.214712 62.329727 81.75503 87.237625 70.51877 61.613 17.426384
150 41.63186 98.73471 11.023468 31.017244 47.742474 17.383457 57.45241 87.26972
151 56.84735 47.119747 78.76869 33.41042 79.884895 58.34325 96.91168 8.757377
152 39.940304 9.537167 49.659546 70.03221 4.137582 61.648 63.224293 63.232075
153 78.10989 46.350815 30.227507 47.274166 49.48318 30.078285 92.73455 24.941767
154 71.39561 8.467108 54.84207 82.9548 15.115511 39.44289 27.35992 0.5916357
155 13.506168 37.3879 13.500845 90.84722 99.66944 98.390236 30.850447 70.58204
156 91.899765 57.947147 84.4582 67.766884 25.472588 30.989456 38.452763 11.341965
157 11.220294 90.822 10.4896965 79.27959 51.816177 82.4626 42.49652 15.374983
158 49.760525 68.646904 92.06168 47.609646 40.871155 88.000206 77.455925 28.46641
159 17.314737 86.92284 83.27366 68.47221 12.629408 24.76822 57.199562 91.95766
160 94.59954 58.901947 67.16305 22.32371 1.1291981 88.01517 34.426517 12.075681
161 99.36321 72.2411 55.810368 99.91858 3.2274842 93.614136 97.69725 78.01236
162 42.37017 64.45631 7.6547384 32.080276 93.31093 11.424875 95.00263 15.780997
163 7.63855 44.073135 79.52784 99.23874 62.59119 76.537315 74.47481 95.83372
164 15.6255245 84.85648 34.13697 97.55643 30.009048 8.758301 62.62864 9.005976
165 5.496049 11.616426 5.0751743 55.359173 63.275795 94.62932 58.43278 87.56114
166 3.1773865 77.82526 80.90977 26.107866 43.20928 50.813778 7.5443563 75.940346
167 25.593102 7.6437354 7.4973464 32.29157 2.275747 92.86801 35.2016 49.27963
168 8.286583 37.94337 23.396933 98.39192 69.127815 79.21113 58.553833 36.838657
169 33.58555 49.5243 37.099754 90.46352 54.93249 86.53457 69.61841 32.192104
170 79.52553 20.967144 26.767504 74.89427 24.412287 99.94296 78.58923 62.367046
171 5.9415045 73.41998 93.26802 19.554413 4.7762513 68.79372 33.88194 44.06645
172 43.453495 0.11026859 25.52036 86.81227 99.09685 87.503456 90.08553 76.70126
173 53.513218 90.484634 43.508755 9.789526 87.19213 9.515458 77.900955 9.160269
174 83.24524 65.61775 68.79756 0.7481158 16.702085 92.172585 41.181652 70.079056
175 47.507656 38.89479 34.976967 13.645554 9.801412 0.41643977 45.35194 69.82663
176 32.41361 3.9603174 91.19211 71.66496 36.870308 68.034035 28.763586 66.50992
177 29.496325 30.539692 70.75551 74.92056 37.44852 26.598925 63.961624 38.003754
178 77.76685 17.977226 93.815704 23.559063 0.92684627 64.30489 19.365246 17.34562
179 12.105102 16.198957 48.15253 27.12165 54.68433 69.56566 63.530003 29.791945
180 90.74106 74.29572 45.39211 22.301167 45.758026 47.55518 33.94256 16.414244
181 2.0245612 18.0359 81.282265 88.12328 43.63645 71.78867 0.20945668 41.320755
182 31.248516 89.35524 38.14183 30.100166 36.396408 47.395443 87.536514 57.42125
183 1.9815028 3.2345831 55.19489 3.0496001 40.15708 17.910183 90.555595 49.109547
184 93.18261 90.36445 58.22361 56.042206 92.70392 43.210476 99.84071 79.32042
185 73.3123 97.6089 83.821144 12.333608 56.139065 12.653661 83.86546 43.124653
186 85.71978 12.51927 55.498505 42.15837 10.543537 34.51733 17.689116 70.35789
187 65.77867 63.011612 68.99723 46.9066 80.89085 60.52327 26.318693 25.73611
188 69.55921 18.810059 22.382038 49.47406 2.8300762 62.525646 15.47957 26.492447
189 46.266502 87.37161 82.83565 77.47079 99.46081 77.369736 95.43733 34.77724
190 92.240974 53.74596 16.550154 33.493137 10.850805 75.47862 64.54875 84.89514
191 83.00834 61.18749 20.707624 69.80828 90.80173 88.900795 8.379811 73.91012
192 91.683044 67.32467 87.26451 23.570084 61.24643 55.352497 87.51412 78.23139
193 66.97022 39.305477 97.102776 23.079634 93.66601 96.21438 32.584824 58.500065
194 62.07807 70.57566 90.08286 45.623173 69.0431 48.492897 38.59864 80.42866
195 77.04344 11.8099985 81.63151 93.06496 53.12213 13.432569 52.280663 10.202307
196 1.2902856 9.005028 99.71996 52.641815 12.126088 67.76602 75.953636 39.632874
197 20.68178 32.854843 97.43589 27.30084 85.58316 7.514578 69.375694 58.46392
198 83.8933 65.270065 55.82482 52.44129 27.545732 58.80287 16.995716 19.056671
199 6.625086 81.26317 29.274702 64.06608 25.237816 95.32676 42.245483 32.144173
200 28.989483 27.411716 1.4398396 47.11787 5.046278 47.91462 92.773125 91.42264
201 31.349485 51.724415 13.548022 72.16947 39.774727 78.047844 90.932365 49.456425
202 56.95129 83.97298 98.90739 23.657454 78.20823 14.257216 42.377342 57.704617
203 85.88517 0.4162848 7.527232 33.492706 28.290564 17.98749 22.272915 39.434654
204 54.22553 32.331474 32.989567 60.151028 38.594902 53.82344 13.415408 85.87024
205 14.642096 93.879875 60.055954 95.24151 39.272606 87.89632 53.469097 53.12779
206 90.34084 11.574191 35.966747 37.069817 23.293686 27.840435 59.558723 90.32786
207 82.88453 34.97613 30.987566 43.85819 71.54643 47.845493 37.618576 47.724926
208 56.25928 96.24265 94.48045 68.05342 51.242744 13.150877 51.183826 97.78087
209 34.494774 64.75166 31.624872 77.548615 46.079273 29.754036 19.719904 51.81463
210 18.212425 12.276518 22.886265 89.66403 8.7337675 97.15593 40.120907 70.19264
211 46.666855 64.04221 83.42766 79.37692 61.52972 34.641953 76.66821 44.981308
212 6.1628046 61.483826 12.882376 74.5598 9.481281 84.8981 44.52555 80.56528
213 13.170785 3.6417365 17.253632 17.88091 71.43445 72.6873 19.756979 9.941965
214 81.03117 65.86594 94.17938 57.540577 79.64936 10.862106 44.889427 62.235027
215 12.828034 16.865248 60.39849 27.161276 45.922447 1.1654079 63.20151 40.42629
216 49.830235 68.125435 65.97698 88.91901 43.226116 73.07185 7.205534 77.38788
217 44.838734 93.333664 83.70065 43.39798 5.8475075 40.348183 87.19983 13.003313
218 22.845577 49.684845 84.013176 54.67028 8.136815 32.061726 74.303566 75.498085
219 37.601357 17.808664 5.9763193 99.74658 42.22955 72.44186 49.046494 56.05772
220 32.004253 52.544666 12.951601 27.813507 78.48605 42.300236 91.37112 37.392967
221 62.66547 2.9056847 78.050476 6.5679493 58.895405 53.641136 20.815027 74.11893
222 54.571808 16.30845 78.87259 40.477924 43.319817 8.644241 56.676247 25.64711
223 10.45813 89.513306 93.64949 68.94429 1.2096643 94.377914 57.124584 10.746098
224 11.318231 66.70339 81.63371 91.10707 17.29781 85.40171 13.50717 87.00896
225 9.424609 13.746935 99.42089 18.434692 58.78629 87.842766 21.506506 58.17215
226 33.293606 16.924297 51.865185 26.253975 33.66692 60.581387 24.344528 77.563034
227 95.22406 64.26518 1.3459325 61.023277 55.071514 91.85715 24.886269 46.909958
228 16.35393 68.12924 62.366074 61.42059 14.926285 92.90719 93.28198 6.330901
229 61.620693 78.77682 89.810715 68.21316 61.688744 94.17469 54.696613 73.52385
230 7.577854 20.414907 28.666609 30.394476 71.57463 94.1758 27.71076 18.013924
231 49.711197 53.56649 30.601227 63.219208 0.4359901 16.289478 98.137375 49.769444
232 92.7149 30.599815 58.52249 77.535995 4.3305516 74.53523 55.283665 60.581047
233 57.12893 64.8675 94.08822 79.21286 20.826609 35.829563 88.09767 81.30509
234 78.80576 78.14354 35.106647 32.46902 10.216225 93.26281 37.174343 8.404613
235 73.865524 25.90953 19.867325 91.57207 66.06376 32.6138 25.256025 9.177953
236 91.11545 25.530005 43.664158 31.62834 17.895401 82.620415 43.647247 36.6475
237 76.35062 28.469532 39.120144 51.089436 65.33946 88.450165 54.8742 72.28782
238 28.519653 84.44308 76.395905 76.11689 2.6560605 37.365364 82.95412 67.60446
239 36.430157 42.753983 1.9619048 70.09183 15.348596 95.753624 1.8001437 74.03192
240 46.485268 24.062449 75.33666 40.325928 56.428535 87.49481 99.57238 34.70109
241 26.884138 74.44053 82.04133 38.424377 38.908737 55.0617 92.19583 61.33371
242 61.785393 82.80807 97.993126 70.77126 13.229627 96.80204 82.80135 34.85325
243 30.124165 2.7071595 55.65831 71.25221 33.576256 66.5259 15.505642 49.25878
244 98.08967 69.86113 15.507632 39.598675 55.423386 54.82254 51.73164 64.890305
245 81.71163 48.0771 77.66504 15.632856 48.149418 45.457108 5.1807346 49.42116
246 16.570442 67.78984 78.113106 42.211636 51.18916 54.748196 7.6034427 62.745167
247 5.3370657 43.907444 1.4161825 67.81258 49.949043 17.002981 41.67523 85.382935
248 0.6654382 72.60803 7.6449394 53.474503 98.58756 74.887535 69.569496 99.11432
249 20.901257 10.34978 15.033817 78.199684 70.76741 70.035645 6.2297287 3.2504082
