100
14
0 8.594763 6.37868 4.132456 30.028606 96.29571 83.19315 31.718433 37.78769 77.24226 80.036835 2.2328436 8.249998 12.144399 4.8951206
1 99.44645 82.42438 20.779526 7.6872945 29.930967 48.901123 86.042 54.079098 60.98658 57.2215 50.295578 62.95734 30.194414 87.57473
2 51.269836 28.263783 73.97613 84.702194 21.539413 75.251236 88.85821 24.068588 5.3098917 79.64498 49.20957 67.329025 85.934715 82.71686
3 7.583511 22.213655 13.495529 50.77238 98.54654 9.810096 34.147614 71.68741 30.676859 65.806885 51.078583 29.399437 62.487595 37.837315
4 54.232033 7.9601583 21.158808 60.21493 94.848724 16.003115 94.49598 81.97331 17.881018 89.199974 39.380856 31.421692 6.007308 79.20851
5 38.616287 27.922995 2.9414952 12.305993 63.524765 2.1247625 29.68948 46.71651 74.53862 82.57012 58.103615 54.755928 5.47865 17.94309
6 73.34449 42.32113 19.979399 68.92909 16.55488 14.742899 17.86908 55.87983 16.125853 33.216328 74.09776 42.556335 69.39314 41.345734
7 58.438873 71.89167 44.50906 96.03043 57.639027 16.985481 16.721434 13.024319 76.49536 34.747875 5.546415 44.889492 55.594425 96.394936
8 24.601496 90.40741 12.813872 49.31926 18.48439 90.29933 96.38896 39.98595 29.42179 77.64109 59.16659 94.01942 87.9109 13.7492
9 7.9568567 24.443918 47.739708 75.49194 6.556964 84.32749 17.165756 49.678238 75.53678 28.375113 69.286575 98.949455 22.274965 27.15388
10 29.439497 63.80933 88.61664 35.75555 33.57791 62.24845 35.048836 49.267242 65.80167 4.8431396 5.180377 44.19831 16.450447 5.0326943
11 74.85383 67.08318 44.341476 85.118286 80.25698 68.24012 81.85109 44.80685 9.348869 14.822138 32.66989 15.08224 2.7444065 47.867477
12 86.332184 92.874565 42.447193 63.375877 7.2237196 76.28036 59.57885 8.147282 58.96113 63.636524 92.18685 43.17916 47.128685 68.05912
13 99.542496 67.09627 17.731375 40.422638 44.852673 30.965073 37.819817 4.292774 0.3505051 55.818222 25.065834 34.95887 90.21089 72.48962
14 40.183918 68.180725 52.13057 97.45749 29.632414 92.11955 78.75321 91.143166 14.680356 55.526608 58.00616 89.66163 89.44556 46.791912
15 6.006974 75.82343 76.71267 49.898083 18.217176 49.015945 22.106384 35.48057 21.253407 50.526554 99.46502 76.67948 8.059317 5.306709
16 82.03801 1.7051518 78.40595 2.8200567 73.48394 77.26819 81.89628 78.48989 21.701496 11.295277 95.33603 88.69341 78.47706 29.528439
17 35.5964 31.886322 54.03192 11.362749 64.59345 37.23895 22.11715 16.10483 37.96815 71.39411 96.71263 25.031715 63.25425 50.197792
18 53.080948 8.310932 98.11639 52.403343 45.410175 72.93314 42.538387 28.612923 61.11896 90.04676 70.1141 63.617878 92.72069 52.021038
19 38.875378 61.662907 35.643547 93.56214 8.981955 80.13345 82.33302 82.443245 37.255756 81.20735 66.13912 56.87119 82.69052 16.890823
20 63.792316 54.00081 34.99157 19.657017 32.63976 41.23664 13.747889 68.017365 92.25199 65.15537 99.41923 8.488399 52.585888 66.38072
21 70.90796 87.58984 99.73072 49.59506 86.61323 20.05489 21.562958 30.942757 56.632244 52.995758 49.64518 28.04497 89.839264 86.30346
22 9.741754 86.192024 39.160873 53.340252 74.768005 6.309223 16.260708 24.587917 53.281063 22.11743 59.396004 62.23986 90.26444 64.457306
23 48.32226 62.976826 10.520005 6.754094 2.2735596 86.86421 68.08996 46.618153 32.269913 85.28615 36.478783 91.970024 59.896805 33.231026
24 56.785236 66.02129 50.42653 9.523797 66.00278 61.924488 29.428053 91.52961 31.583553 85.72518 76.12744 72.51524 85.826645 54.022938
25 82.58232 24.642204 63.749653 21.898396 80.63056 18.18632 18.901217 26.431477 15.539461 38.052483 5.1981506 43.570526 59.850903 77.31158
26 40.51747 81.077385 38.18901 19.974613 94.69325 10.444986 75.429245 82.49327 95.07844 76.55033 89.8445 66.80618 5.3106966 98.667076
27 59.430035 83.71849 84.81092 81.43222 74.91183 50.90263 69.34643 13.366121 14.873773 17.048527 57.27579 25.321888 96.46875 45.19031
28 36.485817 76.341644 55.344193 31.826979 27.226645 2.1842003 28.310417 92.280075 43.800777 7.4388623 66.07072 0.24995804 30.183155 68.64137
29 6.738287 94.51257 2.0212293 88.95997 36.171947 17.223745 20.026897 58.437508 42.217617 5.7609854 31.531275 13.883328 7.155955 48.142433
30 90.993835 3.5458088 48.00136 25.836765 13.669234 70.713326 6.3083053 97.54994 25.6289 12.251007 57.915718 33.98799 58.164726 10.459602
31 85.2591 52.608 44.58473 5.0280213 58.725685 49.249916 25.92482 74.54518 63.80519 1.8735826 61.587883 50.15102 93.846146 72.30153
32 87.885185 36.36854 86.974045 42.09636 27.462322 72.705315 4.636997 46.0017 45.271076 23.795807 39.350945 63.578827 80.79128 33.03798
33 63.118332 69.92281 84.36698 45.034714 24.85118 48.09869 9.615219 83.671074 15.664476 17.969387 89.77247 36.143005 12.404233 22.475195
34 68.5047 17.314995 1.0831296 37.563908 94.12595 84.84951 68.427 85.568085 88.413765 12.857342 28.458714 53.901245 99.40668 62.417133
35 45.498245 66.829926 62.910378 71.066444 0.23664832 63.417892 65.179504 12.952584 73.30673 80.48958 93.697426 7.236475 44.247784 76.89172
36 22.52556 7.8685403 2.73059 11.026537 30.778622 34.114777 74.720055 64.482254 38.90616 72.12978 86.81549 2.8030276 48.190533 25.190073
37 36.797077 62.541397 28.835905 28.465479 43.454666 29.55271 54.91302 95.78358 1.6808331 25.168682 77.99515 85.90565 33.733665 87.88181
38 52.387016 77.373276 70.23856 42.254894 24.290562 19.800694 7.188034 93.02069 15.009862 89.19506 11.7613735 0.15237331 18.376768 51.90854
39 10.632258 54.770653 88.04477 30.40247 11.534977 31.12982 68.28065 41.184734 30.753494 76.92322 68.57259 25.930172 25.980299 83.41395
40 58.024044 38.586735 42.323597 54.385525 59.430252 59.694736 47.34475 44.88994 18.519337 42.504234 63.66841 38.828266 63.521736 19.879257
41 61.272263 70.42711 20.516354 15.353364 78.94316 5.878907 16.453945 62.7869 40.05309 95.31565 54.007977 86.42313 72.798004 84.715546
42 39.14104 74.11162 51.951824 65.445206 56.25566 71.23848 37.1782 4.3733835 28.837353 69.46254 82.735016 78.624886 51.475082 83.50505
43 52.2881 70.15802 97.000435 29.591953 59.367023 10.839772 69.225945 2.1263301 14.158672 8.26683 5.452037 10.014915 37.81589 96.25755
44 15.678877 82.83502 79.79319 7.0515156 48.496403 99.57188 67.00825 40.444225 82.18646 71.655914 27.526115 39.312237 77.9715 27.974075
45 69.19509 72.51678 88.96393 85.71847 85.01509 71.59553 70.65041 38.484554 83.3381 83.85577 78.18949 75.86309 60.196217 53.6753
46 92.976326 48.626125 2.598399 58.519787 90.46265 75.03583 21.568186 34.2284 26.806046 19.170708 99.60779 73.648705 81.31316 66.64213
47 13.330496 67.17295 81.65342 39.65293 73.92481 36.911892 60.332085 77.830734 58.186634 57.21999 33.865402 17.263996 74.92576 32.452267
48 64.499985 14.105118 96.03295 42.895878 1.2298167 25.22024 50.353413 66.796455 9.416872 3.7100315 30.289246 30.624844 82.70549 26.563953
49 45.84407 41.846024 97.39171 12.917089 5.287141 74.41827 67.281685 39.84247 33.975727 33.33404 99.72868 26.633614 17.91765 42.299206
50 43.415092 54.22462 82.72835 20.026075 72.05116 62.685127 74.64931 22.797764 21.059317 33.352192 82.71951 91.46392 6.1330853 2.6723444
51 41.06341 2.6848137 11.992889 69.58695 40.176647 60.195137 69.461716 77.47959 95.21334 90.568886 0.968498 63.302505 8.32932 18.200975
52 34.63422 41.31208 88.39963 70.062645 80.14735 5.4831505 73.7532 6.6295805 54.694855 4.565507 37.36303 40.93293 12.349081 36.130398
53 36.16959 12.961226 97.648026 72.88199 20.432758 46.9798 34.839066 35.841076 20.302265 70.376625 13.636721 57.42231 26.827276 95.347595
54 14.691239 83.40917 36.61591 10.368967 71.654625 79.6852 13.090193 43.552612 19.206142 78.4168 64.10817 11.534828 69.16399 93.13002
55 53.55397 67.71934 70.43013 84.51817 62.800014 94.99878 87.620476 83.41011 32.759274 28.349035 11.513257 96.48346 36.166687 40.07083
56 39.659924 89.200005 16.91804 18.401617 24.459553 72.057846 54.47415 32.505478 29.580927 6.4001026 58.793335 12.553602 3.7650585 98.30453
57 18.833792 12.125754 27.761126 99.92849 35.779404 36.20227 8.505183 81.33824 92.76049 56.595062 41.773808 49.360306 94.5004 38.117878
58 86.62445 58.2197 53.117146 23.764116 52.22559 97.350815 76.90635 81.60295 89.49811 30.269236 15.551138 76.28996 69.71462 53.07902
59 32.63022 65.59973 72.27646 8.171362 70.876045 29.118526 60.81276 26.874722 80.280045 49.393856 6.0891924 40.98036 28.324444 92.9415
60 85.6041 36.742294 66.375145 82.39434 11.878311 73.4999 99.19546 34.883286 87.066124 32.67069 84.79579 33.926952 62.444942 39.498585
61 70.14315 41.442825 73.45857 30.41957 61.90064 77.0603 89.236244 51.83593 9.199751 48.109966 38.88911 32.89748 82.8766 5.190623
62 73.46552 94.81208 19.600105 95.09545 74.3539 44.298668 33.420856 50.443703 97.3498 58.9176 6.5717278 79.25811 31.804705 49.840992
63 57.514782 28.909021 80.56546 83.64801 50.47705 98.58243 17.173576 42.24807 86.83508 59.303516 29.464203 90.161026 86.042625 27.454185
64 4.7896266 25.044626 80.25707 88.86925 82.15777 92.292694 71.88221 18.501347 85.25157 12.284827 22.9406 13.141287 41.271347 71.81204
65 97.11869 99.91195 81.573555 74.50915 73.64909 94.67934 47.982044 91.78196 12.632251 25.910313 94.30059 51.52601 16.237473 69.93829
66 65.90013 0.5073786 93.30992 42.467274 65.29406 64.04036 66.65456 83.1604 11.417174 47.79018 34.644264 50.33992 82.01636 8.20201
67 10.341186 1.5033364 88.336716 95.0734 62.12667 83.18058 79.397896 9.822475 96.565025 46.575813 58.919304 51.54575 85.10335 69.72449
68 34.74853 48.309654 96.01842 24.134201 10.915375 9.390497 58.109688 15.960121 92.67922 34.295593 35.915737 45.90075 60.72567 83.101395
69 22.171515 25.705564 1.6289413 39.48343 62.861805 15.296019 66.52045 80.15127 86.159195 76.15903 91.34545 32.415123 47.923183 92.33512
70 11.96493 43.287323 74.00339 78.76087 71.54768 69.66275 40.619232 62.01954 61.140175 8.340651 7.428712 85.09941 86.0013 28.371483
71 98.96001 5.2630305 78.314575 15.675324 15.834498 42.61185 13.367766 43.133575 71.193275 11.722559 52.412926 98.26613 65.04917 65.47662
72 66.44163 27.848125 81.58293 79.86187 65.346176 44.882046 74.90769 62.36283 4.7688484 21.522379 77.32647 21.157534 95.80652 2.9659986
73 51.949005 54.5967 42.143833 95.896 26.629198 22.564274 55.69888 42.53946 98.003235 25.825108 0.1108706 2.3206234 18.987947 24.188519
74 15.071142 49.824097 68.03577 67.40019 31.350267 15.502607 7.897389 37.575882 83.22199 57.26068 41.33841 22.478867 12.707949 52.517933
75 53.47715 64.100655 78.60668 45.218803 39.005 86.22559 86.631355 6.9337425 67.927925 72.6522 38.22717 69.92933 67.60201 89.526215
76 11.903405 39.92196 40.26021 61.14515 88.38494 82.03469 94.04186 79.26525 69.820114 12.926084 18.399174 57.3376 22.990776 0.64044595
77 59.88959 9.488434 60.336388 29.743195 56.554573 11.023074 13.067377 98.86481 24.681276 74.66714 14.208561 79.80875 93.65458 91.86963
78 1.6472042 38.62115 87.30485 48.800446 41.790783 39.022808 14.67762 35.01093 21.959066 64.73175 72.0921 42.23546 36.89679 89.6319
79 60.876595 69.95165 13.613665 31.459225 81.99298 51.85585 55.017014 66.481575 97.17476 27.431225 1.4394879 88.15571 15.05102 59.683247
80 89.18518 23.38056 15.422916 43.59715 44.687057 94.96758 12.371534 29.955435 73.9174 40.36809 50.74269 71.171165 60.51069 74.397484
81 55.8717 65.39013 57.900505 60.351795 14.840674 63.248516 74.95362 30.012917 62.324352 9.612381 99.48563 51.88443 4.963529 16.952503
82 57.103527 79.70476 26.555014 24.618298 55.546463 43.7733 30.07431 51.373802 47.651947 57.6366 51.12433 29.667336 53.891026 66.76724
83 6.865251 47.055794 1.7826259 36.389645 62.42569 61.13988 62.16931 67.7416 17.38261 92.74427 28.129982 8.79587 53.850513 1.666379
84 92.09823 32.602566 87.324234 69.20208 20.490587 47.565563 15.521299 31.22884 6.8292437 65.55795 39.480602 49.595963 47.036655 30.053556
85 7.065254 72.95506 31.412846 24.452322 0.32545924 11.2952175 82.97218 75.37184 4.9989405 41.97042 1.5680373 4.54005 89.42199 34.878548
86 46.888725 91.54444 9.516943 56.941635 24.343824 96.37081 1.0960162 12.727857 28.519053 71.51384 26.825464 40.841442 65.76372 17.387724
87 95.73758 1.7942965 76.15356 8.546281 52.63405 19.982618 25.173038 31.389118 54.127472 32.954353 45.675617 23.946941 70.01672 28.514402
88 3.7627995 25.180698 12.345571 32.830578 99.98833 12.983757 40.576023 39.34377 25.622833 7.5457335 87.10284 23.033546 87.54681 18.532473
89 11.691528 71.83864 23.680729 32.086544 21.749073 36.488853 21.776354 36.19338 84.60672 71.689644 60.012043 22.541433 31.74367 30.844748
90 29.348194 39.493633 88.20595 18.951517 10.261178 96.857 5.036706 84.91332 34.601234 89.27749 81.55592 96.55482 5.291194 44.596504
91 17.59299 35.679848 99.839195 57.49963 64.63351 43.47303 89.68479 11.190712 57.201714 50.622334 46.799297 52.375572 11.134702 24.249977
92 26.347464 82.08854 9.749567 32.91484 43.279934 79.20609 49.857002 69.73659 49.21801 40.040527 51.295376 25.545776 50.731026 9.180832
93 11.87008 82.65588 41.970055 89.54885 6.569326 14.463782 93.55247 57.07994 29.53751 56.009483 99.59266 3.9436042 79.93025 30.571402
94 28.91218 88.030304 20.42473 22.358454 11.866564 52.595657 38.349323 15.718341 67.08689 83.33676 14.226192 37.65586 93.00679 8.452219
95 27.648872 48.803402 16.645092 95.89658 84.06734 4.577976 70.121056 19.382154 33.01009 24.67612 6.2330065 16.81891 24.88457 57.19549
96 34.637566 50.74361 52.673576 40.73619 65.29086 56.60928 81.0592 61.345734 55.48437 71.13763 39.79186 73.960754 29.718178 16.642332
97 63.078857 33.211414 50.556694 58.486874 81.55307 24.54666 75.323044 89.63434 8.722687 42.380924 13.887321 49.37967 26.980341 61.437
98 71.83202 81.44039 38.114017 45.059597 99.93907 41.045074 45.22131 29.707897 93.30345 90.73931 23.95727 88.1213 73.56746 82.37571
99 94.67766 70.12398 16.97849 18.032705 48.373085 35.33368 44.455276 58.090687 9.984386 57.127644 91.920685 0.8728206 45.968636 93.360405
