500
5
0 13.031083 38.767975 66.65466 65.66013 71.28967
1 77.53131 36.224026 32.652355 91.11564 15.255052
2 28.69293 18.884003 14.090258 41.4415 94.914474
3 5.536145 98.47114 48.109055 39.78296 75.783134
4 60.04161 28.038818 99.69064 53.597866 50.3259
5 0.8563459 71.75253 57.400547 43.718147 6.1965046
6 20.243185 14.760887 91.1683 63.92696 28.98925
7 22.645706 93.2267 21.953566 66.57801 97.76858
8 24.178743 85.56576 78.41149 65.419655 46.720684
9 5.730695 92.910645 31.26608 33.46993 43.403114
10 13.416708 69.11481 18.212002 83.03665 80.22316
11 15.180075 42.11927 40.379417 4.19029 64.219986
12 14.502705 60.689796 52.84572 19.785488 45.559727
13 86.159355 77.8718 16.109026 21.952766 52.083122
14 8.350218 35.75793 22.101896 55.738182 53.813572
15 29.563696 14.319981 99.65015 4.594821 64.54611
16 50.192677 0.6337404 31.529808 94.17968 81.05242
17 50.44293 52.933407 52.55843 55.472435 24.874222
18 91.92299 10.526669 39.183556 41.612404 12.405205
19 14.943147 69.775 27.933199 25.987112 30.781555
20 71.374535 56.58502 66.145256 65.15174 8.921659
21 59.82984 49.426113 19.526201 27.66769 19.858753
22 88.30758 65.01018 66.4922 29.803593 96.48872
23 90.49898 39.159973 8.5953 77.46813 36.68298
24 76.713615 59.28899 11.809474 3.3118844 18.074406
25 72.56426 40.776104 32.70011 21.188318 72.35784
26 75.158844 10.492849 60.60222 70.499054 62.047203
27 43.12693 41.391636 72.36212 0.7437408 29.685188
28 26.407951 50.553017 76.54389 29.992527 71.69953
29 62.20271 50.062805 78.434235 41.834156 25.298452
30 5.363017 18.251968 26.165283 27.465094 85.309395
31 49.713444 62.612133 17.589682 73.15216 39.843105
32 56.34524 16.604954 68.92835 25.19018 36.279305
33 82.6158 44.301796 22.808844 47.181355 20.432669
34 84.17077 20.2039 24.52374 43.59704 64.811165
35 40.9907 33.279755 74.337326 11.354584 29.527288
36 81.320656 13.83307 89.701485 91.45997 98.88203
37 81.00723 45.02678 96.203285 33.99516 16.190207
38 9.150982 46.63766 71.40766 78.8452 78.33647
39 57.098835 81.24037 52.61843 60.451866 35.964745
40 30.653244 61.84346 12.66635 28.288769 4.639268
41 20.918142 27.44038 48.019184 33.56607 90.374344
42 72.93321 80.98086 88.38322 23.730362 84.22664
43 8.136702 97.96661 19.169348 21.956718 24.415707
44 55.64983 65.60303 35.851765 78.87705 97.67684
45 8.700496 70.90854 56.023006 59.49709 87.98998
46 44.925808 51.087917 96.21772 79.24449 77.09273
47 61.08796 11.150408 49.16816 10.350418 41.85368
48 86.57189 13.101398 5.171007 44.279736 89.203674
49 16.312212 81.90632 92.27645 10.464168 9.756052
50 3.4352243 53.616287 49.524986 0.34505725 52.786148
51 62.821865 2.1946788 51.211876 12.842506 13.787347
52 47.55227 30.686384 71.079216 56.87239 39.266407
53 40.29306 83.26667 20.230549 92.18339 36.650276
54 50.76542 64.165985 84.88113 33.40258 18.783087
55 57.952698 73.610115 74.99697 42.95131 4.958105
56 75.83443 1.039803 11.7921715 99.81131 46.214657
57 19.022644 48.882168 73.030235 43.422935 14.323062
58 54.40015 7.8190746 2.042091 3.575009 17.689632
59 21.078331 54.683525 73.82871 34.713936 8.006364
60 40.381485 2.511549 73.88534 5.5495143 26.61655
61 68.24977 35.570232 34.474884 24.633152 0.37086606
62 62.28664 9.655809 97.00219 74.69361 53.707375
63 41.497974 18.908846 8.406848 81.36137 93.07863
64 32.000774 89.87959 48.501457 63.870792 13.706434
65 66.638954 99.90443 74.787964 12.935323 12.063766
66 11.126929 65.18636 82.51991 68.20105 16.509611
67 41.43541 72.48631 77.20959 17.364758 51.31095
68 59.390305 40.025043 26.476007 87.9403 43.985825
69 89.739426 90.26978 42.055058 91.17247 14.774418
70 6.5890017 39.173325 46.580242 78.14356 52.522087
71 87.88388 97.687355 32.946823 14.641786 72.05222
72 53.737724 48.789513 92.525505 90.483765 67.94881
73 21.1936 27.613909 55.899326 82.90858 7.4659824
74 3.179592 36.098755 31.298548 3.1582236 10.099375
75 55.570774 0.10396838 67.51208 77.739845 78.774345
76 68.552414 12.5143585 12.877405 96.65246 54.740055
77 65.82406 63.294018 16.992527 70.15564 94.38827
78 50.444855 74.92798 47.302013 63.59802 79.1208
79 91.655655 5.864352 0.97916126 95.880066 3.358841
80 85.21428 17.358429 4.560417 95.97372 43.614937
81 9.944982 61.583633 28.977472 0.760293 67.63895
82 29.014927 28.5326 44.012707 20.000088 5.242425
83 19.378763 88.97734 7.623172 35.309242 39.668358
84 61.265564 7.1750345 11.788982 13.905883 73.15874
85 62.119526 56.882294 18.245375 1.4080048 57.31783
86 54.179127 58.1614 20.928001 28.435772 9.141005
87 41.033768 24.305397 25.669682 28.486431 92.13482
88 14.806432 5.035174 45.7979 60.1042 27.197855
89 12.727297 92.11305 42.022854 27.777636 61.29762
90 32.12664 35.005753 14.437694 87.10772 7.8420877
91 73.72885 66.559616 82.27554 58.807938 25.965399
92 40.593903 30.760496 11.007446 2.063042 23.12699
93 56.02569 42.40161 51.944942 12.2416315 29.625977
94 72.233086 13.825262 18.483007 57.91453 71.46885
95 83.11436 47.524227 83.71736 23.99413 55.23721
96 31.76294 26.236046 60.981987 81.14773 21.969854
97 64.608086 55.678177 54.601173 82.45772 16.547472
98 71.897415 22.720915 74.06431 5.4350495 58.876045
99 99.59757 73.8783 68.31976 37.630535 41.687607
100 4.726124 68.782005 22.306692 65.293625 11.938805
101 16.815918 14.659905 3.6330223 81.09965 1.1864305
102 34.082176 93.720726 84.917915 35.551895 40.60103
103 82.85245 46.976227 49.517082 47.943962 58.788246
104 27.065628 0.26097298 39.828533 46.274017 49.673252
105 84.09831 9.6529665 11.336523 91.75403 23.974174
106 64.08879 61.443295 16.345293 46.211155 19.891273
107 88.2922 28.328074 24.64546 93.533195 36.409386
108 51.47105 13.480103 30.834389 87.173935 90.894196
109 51.691944 52.215736 68.20042 81.65456 55.658394
110 34.9786 52.606922 6.9918513 15.88583 11.336756
111 23.54849 43.898296 35.45349 6.858814 95.03963
112 99.42473 38.226074 63.377907 0.62215924 99.15078
113 94.288475 0.96809864 63.516403 85.485916 57.734245
114 50.761913 23.74695 54.200302 51.273758 92.49072
115 24.144804 74.39287 15.560442 23.783678 4.442233
116 91.88147 35.1677 71.3866 53.806503 45.955235
117 63.351547 84.29782 61.57527 42.080353 63.733368
118 64.91544 44.69596 21.33087 27.52552 44.010838
119 31.03109 74.168846 82.65273 68.865135 29.431068
120 30.181854 97.91172 89.21454 11.019337 55.268143
121 77.03848 13.549095 78.76521 37.624973 99.15888
122 97.41048 82.98699 98.13598 72.58752 77.06377
123 94.34034 19.077623 46.378498 95.51353 20.078485
124 17.491728 50.548996 85.347694 17.455727 61.43253
125 82.683044 84.186035 45.1824 24.237888 10.934049
126 6.2596083 1.4873743 24.951475 45.594658 78.34217
127 28.826618 13.306207 31.772661 53.19376 50.378017
128 21.850294 11.741411 29.975437 23.531324 42.751034
129 88.72764 62.67642 8.52806 54.75455 24.824738
130 6.200618 15.702158 59.232193 19.004107 99.93834
131 98.452614 11.037123 20.532888 92.764595 38.7432
132 98.17408 36.247192 76.63369 41.730362 27.50622
133 23.891747 81.26894 31.792332 75.65723 28.999138
134 35.676758 66.054756 23.994106 9.485817 76.96028
135 47.329037 93.49323 4.2912903 69.59354 96.60842
136 54.104107 83.04844 33.18279 7.8774986 98.95326
137 70.075134 90.83609 53.516815 36.70529 64.11182
138 78.45057 87.12532 76.26516 85.450516 65.183304
139 28.797144 12.721324 23.723883 52.585648 44.00109
140 98.26334 46.02806 52.65252 96.00395 18.34215
141 58.680214 9.480989 69.6014 33.470684 13.266808
142 74.27222 13.682831 77.99393 64.28591 75.78585
143 16.330845 86.41056 41.256798 37.616764 19.778698
144 98.23489 1.3535976 77.17439 66.21594 47.092335
145 2.1704257 9.180069 78.30565 87.201836 39.960003
146 56.846436 61.076862 39.38253 62.485306 17.465586
147 31.870096 33.31371 2.4252713 14.522833 61.088066
148 87.36895 16.085016 7.0961294 34.049374 51.64625
149 21.045326 88.43598 20.232231 63.844307 37.473392
150 41.297585 84.16301 46.723167 72.29905 87.67942
151 67.2488 45.680313 78.59164 67.78637 63.634098
152 46.426765 48.568558 57.76861 58.90178 77.13313
153 96.10657 21.391428 77.9232 33.312786 80.85216
154 28.378428 28.738552 34.015144 62.542175 35.667156
155 40.927624 36.82121 31.515985 48.961113 88.98456
156 89.1879 84.25568 75.30454 99.77383 52.70698
157 34.82179 65.31161 55.816017 2.9754043 22.012884
158 81.32353 87.090996 24.471437 74.784676 28.135597
159 58.975708 0.86657405 85.79701 41.830463 5.139005
160 55.657448 54.856014 53.289 65.54443 55.270123
161 54.488598 62.55015 91.57396 21.578133 31.993246
162 72.59546 94.653404 58.104725 53.183334 13.392973
163 90.17001 14.381194 58.86954 24.012285 25.020557
164 56.651848 6.1683536 69.99314 51.47584 86.307816
165 2.2928476 30.403065 0.41632652 26.368158 71.95664
166 52.45511 18.169796 52.587246 83.34512 7.288754
167 19.512123 71.24885 58.282875 87.4708 7.7875557
168 77.61505 15.319085 21.68715 56.03748 74.85298
169 9.593147 84.521194 91.531395 95.89521 99.22109
170 96.51414 92.76936 73.2462 57.314743 22.051495
171 82.03038 12.683135 73.42533 18.008064 68.59987
172 84.88598 24.0712 85.31002 85.20588 88.348816
173 4.0056944 57.25233 31.776243 11.86884 77.0117
174 83.966644 41.80699 35.18628 45.33828 61.109013
175 64.37966 21.978676 32.55272 4.6772957 82.715515
176 45.727562 96.758896 2.7401805 93.207016 31.61983
177 25.083881 21.437145 48.780567 27.576488 30.376125
178 7.3813972 30.442518 35.988 65.56876 94.86545
179 80.72763 41.35955 67.582214 85.14544 93.85368
180 74.72675 32.475384 40.49117 67.59746 25.598162
181 37.370205 9.372431 40.71868 78.83678 57.099884
182 35.659027 53.205 45.138706 58.25726 76.406
183 12.290108 17.749607 88.10105 64.85159 39.269073
184 18.233675 47.43057 70.663055 26.322407 54.24721
185 45.941914 74.02367 91.1482 61.449432 75.67352
186 37.478577 74.03824 19.3031 6.9388986 15.971094
187 47.528656 41.28292 54.69624 35.444405 74.881454
188 38.940388 88.747696 20.806862 58.945614 36.70189
189 64.68618 99.824974 17.502213 80.84665 44.36889
190 18.293112 31.678486 97.780075 4.210615 99.12082
191 68.64221 39.754963 10.135567 72.07861 33.346832
192 32.18097 72.0444 7.9639254 62.935894 47.495087
193 94.64867 59.816734 24.44325 63.45061 71.06285
194 51.267654 96.116005 76.13819 40.25504 47.690117
195 16.074848 82.912155 58.030827 96.9168 31.709463
196 0.8032441 36.416904 63.04368 18.345081 60.41172
197 49.93566 87.27192 97.03242 2.4623811 15.200418
198 64.62858 36.092854 88.247284 37.4529 3.375274
199 88.14073 20.47757 13.114845 46.38549 89.11598
200 7.3192716 49.20026 49.983913 25.365002 9.619904
201 40.662926 87.74628 82.541214 4.8735023 56.626587
202 34.418934 1.1567593 16.967838 61.21667 81.10903
203 29.66324 79.16444 8.6990595 87.70793 40.195198
204 70.349915 44.212 25.442076 34.360195 37.94831
205 37.993195 42.611183 48.05144 61.892147 24.159353
206 73.89849 73.1034 34.923096 85.35673 39.8603
207 59.17998 17.749882 66.596344 62.87337 77.61413
208 51.06411 49.0098 81.30133 7.6046286 68.24824
209 14.862585 30.111874 8.380514 96.26115 75.76023
210 86.62266 34.3889 71.42503 67.45539 50.27678
211 26.532627 40.74508 76.9541 38.9612 14.828491
212 97.36438 14.729428 77.810326 16.984213 85.49883
213 69.848495 23.918842 35.276127 50.728893 45.831783
214 88.9755 89.284424 46.17974 16.284079 76.384224
215 74.606674 94.54283 22.01829 57.638157 84.28327
216 56.03727 54.85237 50.043266 48.553158 39.548016
217 0.8755088 82.65165 44.49957 89.8922 0.19327998
218 15.575224 56.491905 80.34909 87.47688 8.631939
219 63.990284 73.450226 13.625347 75.269135 29.727728
220 92.08398 83.13033 46.461533 19.55548 70.055244
221 33.002274 54.159035 17.927683 49.50002 0.12871623
222 5.0365744 99.27302 30.4443 86.505875 90.76445
223 66.07467 94.0859 11.793071 91.57214 86.64255
224 50.148426 5.0269246 4.135978 28.15966 54.303898
225 11.102915 24.206638 29.02822 3.8906515 90.85176
226 58.14407 35.80422 18.986433 58.336468 27.696848
227 17.62498 16.664207 96.56405 78.81245 90.10233
228 74.605736 8.397728 50.67106 32.833282 87.13141
229 17.387283 5.9857965 73.193535 43.39453 21.886152
230 51.208538 63.71228 0.565356 2.6352108 76.73464
231 82.42671 1.1907101 80.46863 46.43919 93.09162
232 55.763817 47.503727 44.63877 74.44688 11.397934
233 46.74242 11.408245 50.95732 83.19668 35.1291
234 36.453575 69.13453 84.599075 31.53143 42.62652
235 77.887184 50.105305 60.65389 35.652203 4.0502667
236 62.128716 57.43739 72.527435 7.596338 32.354225
237 83.98331 60.949562 48.884655 26.305515 36.471115
238 32.478077 73.06391 82.542625 25.981182 77.15257
239 86.38611 60.044777 11.7181835 14.04202 64.24663
240 39.215076 44.04598 35.544224 41.337364 14.2161255
241 48.24706 70.86763 17.045588 2.9680848 97.32401
242 91.49748 92.373436 92.38059 96.84679 36.876328
243 92.97752 51.830883 39.258026 88.128136 32.782
244 29.436184 95.68514 10.350901 16.911858 80.50615
245 55.73603 26.534182 55.899437 23.220259 19.607126
246 68.07506 76.27034 25.888199 0.7965505 65.532364
247 28.313738 76.26178 34.54752 28.850794 49.245922
248 84.73332 68.66284 6.791049 79.80788 18.645985
249 65.41015 81.52135 21.882778 38.438858 80.82006
250 24.871784 82.82507 12.348432 39.770542 29.052872
251 74.26964 74.59474 59.915863 95.92995 16.209995
252 82.415146 26.887285 77.27916 64.633545 35.30335
253 8.456093 63.688637 8.07755 81.00984 51.761566
254 14.589161 16.781563 28.220219 9.5839205 56.787785
255 30.883581 66.61901 27.363194 87.13806 21.122784
256 7.8505397 19.671928 37.72406 78.119545 72.599915
257 14.645189 73.0884 92.4136 71.84326 28.02322
258 20.335245 86.525764 46.776314 89.598206 98.938446
259 88.40383 19.856596 17.668974 40.146072 80.31554
260 66.93112 69.34959 21.170866 82.7219 91.02586
261 73.066284 99.880936 4.625207 75.81474 25.191189
262 17.255508 2.6221454 30.14652 45.441456 41.06189
263 84.2526 33.682423 89.42357 91.46591 87.6276
264 32.392414 4.590541 11.848974 90.71934 56.393486
265 45.033455 3.0198753 98.63678 81.72115 77.140015
266 11.142838 25.78975 92.74975 72.474976 66.73032
267 8.723015 29.075695 95.58716 89.45823 32.802166
268 96.02001 16.204292 59.653236 36.64023 53.073025
269 59.880936 78.189926 28.515684 61.492252 25.121016
270 91.14565 41.958992 8.078241 43.870712 0.631243
271 7.6483965 34.41411 15.698778 58.2969 86.79214
272 92.39391 62.641438 90.4682 9.880638 40.82752
273 4.341215 13.872635 83.22894 62.75202 53.570377
274 6.4610777 54.819412 57.572365 56.37851 19.711554
275 87.8826 80.377495 13.881904 85.63805 44.26792
276 17.128635 3.1235635 44.94075 75.36524 98.59972
277 80.543236 21.564096 3.1167567 37.9863 85.53583
278 95.42626 21.040571 92.32003 34.53543 89.11154
279 80.27078 81.876495 93.29452 28.551214 50.06363
280 85.60066 60.850327 62.646896 59.24878 65.46707
281 81.462234 15.71486 64.50311 55.222275 98.00552
282 90.66196 34.44017 96.02033 63.42343 63.87131
283 43.251152 75.26449 66.43604 96.61543 93.47603
284 58.030045 98.411545 96.97788 20.46104 20.595736
285 73.81239 73.11457 8.7691965 50.999588 14.69211
286 28.398424 87.41343 65.61578 57.15158 24.554562
287 82.001 67.29234 35.348457 26.108116 29.996603
288 98.67643 36.52863 91.946915 4.1796265 3.3803523
289 2.620083 83.971664 9.396696 22.312706 23.262918
290 62.906002 90.86796 17.836374 28.873163 64.41792
291 17.128838 24.749184 46.644737 29.626572 27.276337
292 85.059364 37.536156 70.50942 87.20033 89.10278
293 37.584133 8.172989 11.13832 44.99263 95.712585
294 38.70645 27.982212 53.285713 35.005318 73.51461
295 12.635136 15.988797 81.687 17.550766 44.27554
296 45.819016 61.37653 96.47957 80.10735 20.494759
297 75.16887 12.044907 56.09419 0.5994797 47.45635
298 91.16287 7.889682 71.37493 5.873269 28.679062
299 84.8457 97.11934 73.154274 94.312836 48.32774
300 80.46006 46.91587 51.857876 69.87733 81.72061
301 31.344296 1.8331349 93.883095 80.3038 93.50399
302 18.905663 98.76413 0.17266273 14.537138 81.77614
303 77.205635 95.14859 24.534018 37.879032 83.25155
304 12.193799 70.50769 68.06637 37.149918 57.746975
305 4.9597025 10.092002 89.424736 64.49455 72.29105
306 14.681339 76.93489 44.953953 50.174488 77.55912
307 35.46219 70.50255 0.40171146 56.130104 96.993965
308 96.90063 40.155186 14.488149 3.2414079 82.135704
309 40.696896 76.808395 19.535023 92.07883 40.743023
310 21.504557 71.09947 41.82266 59.99649 39.172195
311 34.427814 73.81091 62.192123 61.46587 64.21148
312 71.42629 33.388424 58.66025 86.758545 62.348557
313 60.994232 96.524605 36.335045 88.808235 62.0897
314 41.908897 95.23943 41.2389 69.99263 47.524506
315 42.079193 42.47939 38.799732 24.041206 37.633358
316 76.6157 23.926872 98.86535 32.391136 20.113295
317 88.67408 50.675552 64.45168 13.718128 32.804005
318 14.647568 7.614523 17.65654 38.362972 50.78694
319 5.405724 96.20883 43.87081 15.208542 92.258026
320 52.35207 43.00053 37.667976 14.440203 70.757904
321 24.465508 87.08838 53.523167 65.19861 31.596958
322 56.974243 58.64953 71.87861 92.65625 64.01352
323 71.67546 86.20118 14.97736 73.202576 93.97546
324 30.145437 20.3277 21.662718 84.50326 29.224998
325 37.22727 48.938595 86.307434 10.694361 34.255825
326 74.78016 70.39355 42.34674 41.54638 24.823439
327 30.454372 68.30007 44.714993 51.626766 4.964435
328 64.304504 64.478424 52.42777 91.42951 0.34410954
329 38.2903 47.811234 24.728893 27.97963 68.67638
330 67.084435 42.58741 89.632545 81.82207 29.218256
331 57.924843 7.8006983 73.67886 13.219518 3.3750534
332 55.291428 97.78831 62.052036 37.43143 29.541904
333 46.61471 50.834568 85.80648 71.86257 87.934715
334 96.93918 93.601814 48.195213 70.31929 78.53151
335 43.2431 74.242004 1.5909851 23.585606 35.87778
336 52.42761 15.037525 5.83449 77.659515 39.24775
337 67.86579 42.658054 71.211716 72.591835 1.7049253
338 95.55161 2.2973537 23.373205 36.791916 72.361565
339 74.60656 53.34103 59.73931 75.5326 75.45715
340 40.677006 3.4968615 18.609858 22.494661 1.604706
341 50.342506 88.4167 18.151157 84.77965 21.603125
342 89.73672 23.211395 36.015564 47.502388 7.8285694
343 3.43737 34.58167 47.316242 29.37181 30.479753
344 44.83364 43.20243 99.96798 58.47806 34.588028
345 94.03776 74.405556 5.607229 5.9963107 70.78693
346 50.652588 51.713394 7.617259 18.843906 18.893152
347 2.006352 35.129757 20.996826 9.611201 47.013622
348 40.194225 6.7999897 79.2988 81.68555 5.189472
349 58.882202 26.188421 94.27084 79.06918 66.83408
350 11.656928 37.517113 24.85447 36.61408 63.60957
351 91.61417 91.07585 3.7728488 27.027983 87.37411
352 71.881775 37.15955 82.56836 98.27947 67.93545
353 85.145966 88.05204 26.638395 52.335064 76.8505
354 79.13778 99.13799 2.633351 78.494576 46.454483
355 74.11689 96.93295 41.067917 46.86824 21.985245
356 24.639439 95.173355 99.0336 23.063595 11.719913
357 26.579756 8.425045 86.91475 57.51281 40.01415
358 97.96077 13.789785 71.84446 16.512281 28.230644
359 23.448437 54.326023 32.723724 50.14974 77.25516
360 84.43646 19.50059 74.31548 25.568558 73.86359
361 36.5165 80.00226 60.06776 49.40753 63.255928
362 44.944363 27.393187 83.693985 2.2373319 10.013014
363 30.48073 15.455145 44.60364 13.573736 72.96051
364 14.983869 12.108273 34.517807 82.25899 62.633717
365 2.986884 74.30833 22.434324 48.31797 86.23712
366 23.294472 98.699234 42.562294 2.497834 89.264175
367 84.0162 79.80727 97.154465 93.77695 12.621718
368 72.67101 78.6894 49.108047 85.94703 2.4130702
369 22.89989 33.318634 99.81241 11.845284 30.73697
370 58.531696 6.203866 38.683666 57.556812 36.24203
371 73.1794 41.4087 16.960918 49.532764 58.844887
372 77.99515 89.63949 44.33732 2.7974188 37.592857
373 42.287285 7.1121874 95.42881 3.907305 53.364414
374 44.023396 73.04969 49.47403 9.915233 64.36139
375 17.53202 45.39004 55.592537 78.56066 2.2362232
376 89.813965 46.276386 86.90094 12.1097145 49.445404
377 82.107254 79.50565 92.3031 5.3239107 98.3125
378 20.24532 15.294999 52.04476 90.89744 8.023244
379 46.757305 17.578041 45.164425 17.90703 82.2024
380 19.320219 7.2432876 23.723251 93.366714 16.134632
381 62.556618 2.9163957 90.39995 41.59385 45.657116
382 66.36361 74.90534 41.380013 27.477915 40.92175
383 32.936806 89.09794 97.10959 44.063473 25.988697
384 16.192877 53.20071 19.147932 63.160717 80.133934
385 36.476337 70.59521 36.95453 72.73303 0.24699569
386 32.22936 38.032692 69.93725 24.7684 83.87486
387 16.779327 73.49105 17.601269 73.297134 69.24353
388 41.659714 3.464049 7.9469385 6.181079 44.19219
389 30.286615 16.688126 32.15972 69.65095 4.138458
390 91.559395 59.343933 20.230024 4.3616176 57.256878
391 1.4739037 29.614418 25.591415 67.851395 8.110624
392 58.01217 88.46241 40.509926 79.40754 50.233574
393 62.802433 31.726324 46.0236 77.9326 52.20527
394 77.64505 57.411343 36.507893 7.2962704 24.158932
395 21.256054 86.64214 16.081774 90.066376 5.53152
396 46.30823 76.88099 45.985992 7.2590885 72.87057
397 94.91991 69.05961 14.957512 68.55545 74.22445
398 97.65566 27.861494 83.260925 57.55082 68.049774
399 28.739769 33.94573 18.36409 55.96161 49.593746
400 62.5087 39.012493 67.22737 83.26345 87.29059
401 40.998764 53.9636 18.16799 85.55547 28.437817
402 63.316833 48.78697 64.30916 90.29026 26.09722
403 8.3308935 18.668634 95.71618 40.874775 1.2015104
404 45.104702 38.90615 16.900957 76.71654 20.946014
405 13.08378 75.74347 79.14079 1.5770435 50.164326
406 28.83988 55.861412 38.11596 73.9897 6.1486664
407 80.66759 16.666948 16.393703 2.3807585 4.2041245
408 46.460808 10.90076 82.41865 31.986416 29.598188
409 47.004337 79.77429 31.67712 76.27341 66.149796
410 72.41528 16.979366 53.177357 50.264122 2.925986
411 53.408348 81.46361 75.49854 56.5055 90.83479
412 16.731298 22.408236 35.287888 85.08555 24.763483
413 82.77728 93.26551 13.636028 11.4062605 30.46127
414 77.8792 82.696266 16.437185 15.78033 75.09778
415 30.500305 53.322594 51.030968 70.34463 46.641766
416 78.48349 18.537474 21.554577 93.70525 34.473335
417 6.3364563 29.384972 55.63311 6.0257077 53.148014
418 77.3998 69.213486 1.2744546 20.862568 78.94549
419 69.312904 62.916218 55.555527 92.3043 95.10301
420 86.319176 7.28603 69.22303 40.206455 79.53943
421 53.95773 59.55804 62.63427 20.158249 78.69793
422 64.853935 5.3909063 17.37932 35.987347 82.295975
423 72.03179 66.82264 75.65096 6.570494 86.18154
424 27.12459 81.36627 17.472385 74.53162 59.324516
425 91.18884 15.164322 10.169226 54.91651 60.42664
426 20.182144 49.842888 59.517128 74.769005 11.771077
427 84.10326 44.801693 35.708977 73.91534 83.894905
428 30.463541 96.86893 74.29147 88.39911 44.533783
429 93.78882 45.945168 5.588448 88.85879 60.070026
430 36.189533 34.460533 46.575428 77.54977 51.287125
431 13.242966 0.06953478 49.542107 60.95957 24.540943
432 86.48369 85.312294 43.530952 71.52878 88.999886
433 26.105291 93.22948 80.52868 76.819115 52.543896
434 76.334984 87.896126 66.26147 78.4252 95.76836
435 62.826527 76.30085 34.317883 95.48581 83.8606
436 11.020433 67.401054 30.592567 83.405365 81.13703
437 62.254112 28.164625 60.97709 9.413725 15.435332
438 31.914902 28.147614 78.29184 58.36683 33.424587
439 23.931957 20.571167 16.027397 48.85737 42.75574
440 18.90762 50.06075 65.87212 63.90617 31.049765
441 65.012695 6.649023 3.7866175 54.182457 45.4582
442 83.15827 24.209177 62.881046 43.772614 46.45583
443 91.78255 25.710684 96.30651 97.12425 67.15656
444 20.451706 16.86939 56.040455 7.0049105 17.625708
445 96.90613 28.309132 36.261803 97.082405 41.814106
446 96.12568 19.936579 58.84183 41.816444 74.01539
447 61.03521 13.439256 27.054876 60.635876 28.504436
448 10.273409 92.53771 41.241497 83.03088 26.806778
449 15.77611 82.91669 1.8833339 84.11711 83.93381
450 27.529263 91.25497 32.770855 17.728716 14.584035
451 26.778263 20.114697 34.852016 55.136375 42.646374
452 79.00469 59.06505 58.829094 36.24133 87.17112
453 14.212429 76.933495 9.06362 24.620283 71.0312
454 35.806942 93.36561 87.78448 53.780926 76.03799
455 36.059196 7.9424024 92.37316 94.16215 22.607815
456 17.451609 91.90618 75.4351 20.695436 30.581833
457 17.442524 59.795387 30.02712 71.54499 78.692406
458 58.700317 15.753656 26.328772 82.240845 30.651087
459 30.38746 98.113754 72.39618 78.42518 45.910828
460 59.65721 44.021122 84.60677 3.855884 66.64358
461 9.2768135 95.061905 77.80582 90.52541 76.56858
462 66.47047 37.939632 60.017246 34.69641 45.640747
463 20.38982 49.677174 72.911736 59.643578 71.33985
464 99.74982 41.956947 89.17685 44.553383 91.79318
465 19.96888 28.182142 45.55989 83.029205 77.17828
466 13.572067 1.7448306 32.61118 85.51388 35.79036
467 87.39136 44.175102 33.46231 17.430317 90.14286
468 30.528229 36.84896 9.705919 90.81136 52.836227
469 75.65485 99.44328 63.918526 43.21805 92.70142
470 19.487577 40.35924 26.577843 8.208406 97.866554
471 6.2194943 75.44057 95.114746 83.39105 19.721592
472 66.46854 22.965223 23.094822 89.73229 35.490845
473 76.48371 98.32028 79.03929 20.857365 41.12149
474 17.457563 30.025637 34.62854 88.386894 13.26667
475 92.36048 44.739388 94.19993 58.095467 96.35093
476 96.3491 53.499012 30.699862 22.698624 49.939674
477 72.54959 91.14063 82.17325 90.50203 99.61927
478 25.54934 26.314938 34.802975 6.707698 48.41229
479 53.429306 71.031364 35.730873 17.216885 70.12955
480 41.158176 36.900295 51.45272 86.35603 75.50777
481 34.010826 16.485764 6.57596 11.033762 69.024376
482 51.96657 78.70644 39.641483 88.837975 96.24323
483 48.74866 5.9324923 11.645955 92.58994 68.26692
484 90.60969 34.10114 2.6088536 15.35359 7.4305534
485 37.864643 97.40387 20.81278 9.301406 13.488161
486 31.361645 69.75668 39.448517 18.336987 17.720217
487 55.98654 93.47763 14.9405365 43.485252 60.33555
488 39.74833 27.316994 65.40624 64.0562 11.363941
489 0.08723736 83.200714 80.37473 61.042805 32.2638
490 63.37719 29.10816 8.337313 82.22524 92.03243
491 4.905057 0.5609274 39.382828 30.874937 14.95241
492 18.138361 32.29314 83.25363 29.172642 40.9944
493 82.40812 99.763596 88.864944 34.4349 21.288235
494 52.483482 28.833557 35.457867 10.000074 27.311499
495 55.265366 18.582088 39.706184 52.258587 85.50493
496 84.42733 48.32411 30.7922 46.524937 55.069107
497 69.83652 51.07774 72.963844 33.578247 89.6921
498 19.725466 71.3233 17.41163 25.125921 30.719126
499 79.07008 68.02677 85.5902 42.692345 52.31956
