500
19
0 57.10834 90.11952 87.57601 65.11804 93.71813 80.65955 27.16396 47.55618 29.336298 93.058876 26.322514 49.433075 61.616047 37.413162 44.619347 41.7907 29.747082 38.578735 4.3825746
1 21.384102 33.73595 34.382915 63.225323 97.96446 7.374281 52.75442 61.67171 63.140358 8.61724 29.122765 15.9424305 85.231155 81.91069 77.32159 50.90778 51.69682 38.828735 85.76428
2 77.0347 71.429756 4.5143247 30.624962 29.4231 55.86928 3.9678514 85.50266 48.640633 37.05043 63.127853 45.480537 79.23097 7.893467 81.67203 57.08865 50.00801 4.9072084 87.08747
3 65.47297 33.389206 4.709524 0.17818809 18.662352 32.210655 96.11602 60.972958 45.3699 30.160273 80.82933 68.95429 87.9878 54.934574 73.855995 53.451508 93.62006 25.549858 34.625782
4 87.54026 61.9945 91.315575 90.39545 3.2936454 15.312338 69.512314 82.94922 26.97391 88.50508 71.82997 9.992975 81.79039 62.50798 91.44394 65.16805 63.0408 53.12568 38.884396
5 40.53825 68.47657 75.518295 46.541702 17.046648 16.075176 82.498405 60.020542 70.17554 35.36597 3.485465 46.187286 87.315025 18.152386 21.46297 39.544823 71.657364 33.829735 25.534088
6 32.723217 75.35156 85.25163 76.14695 75.912766 6.8042397 17.800385 54.796417 61.819984 27.091063 19.330925 27.602196 35.342415 36.20061 17.159344 96.77417 24.089945 38.08688 3.244698
7 11.327237 50.900448 15.135813 95.966934 50.785194 71.6861 77.59761 80.047516 26.863306 10.69929 35.802925 91.61933 88.65328 15.330421 65.63474 27.465832 88.62429 68.863174 57.89722
8 33.067852 18.334549 22.549046 6.0994387 48.18289 54.218597 98.56539 55.009865 78.91182 41.834114 78.84797 3.4529805 97.070244 69.743355 7.708752 92.591354 99.476875 46.551823 70.14564
9 67.80648 57.612503 52.879417 54.715546 44.763172 50.916428 27.105968 6.985259 43.882496 61.51042 94.08789 34.4131 51.885014 53.92488 20.719105 38.88201 82.99185 17.81044 93.80688
10 52.145355 18.53882 94.82672 53.410263 0.6173551 13.986069 80.89743 69.2695 68.010506 52.46978 12.606692 36.522907 91.37449 59.086655 40.30024 58.412315 72.519196 49.02835 21.871836
11 23.528313 12.316233 83.559326 59.49831 20.315313 49.9875 32.78638 48.787045 35.579002 78.53857 64.39227 25.780756 81.71306 96.623184 78.254005 24.70147 90.94715 77.28999 12.454444
12 98.69746 7.3385 86.53339 45.0033 90.484085 28.268074 65.92912 85.05064 60.755245 78.20913 20.77654 79.00833 13.512283 96.418884 90.299805 81.35723 80.75034 46.437603 52.10057
13 51.640068 8.808285 94.89775 57.034958 21.913242 97.49166 97.74655 51.15425 30.508911 85.99392 87.72931 11.757833 75.15819 19.657558 93.5902 68.72789 2.225989 14.5350275 81.206726
14 59.23078 8.949434 16.142447 83.63278 52.974247 96.15874 11.172688 51.19145 11.20916 13.058186 40.487297 76.3066 0.5799353 90.38488 5.48898 29.226482 63.089867 59.83466 92.85187
15 30.270094 56.502224 16.302973 32.23113 8.379406 81.40085 44.54941 73.47456 82.80915 28.155624 16.736519 32.31833 9.516364 30.760347 74.359215 22.679 62.572243 46.8272 53.87267
16 18.381506 56.61851 81.14129 55.412148 74.225 43.502853 91.61904 8.005267 75.23707 45.787544 14.108425 61.298252 71.16448 84.43035 89.360954 55.806053 20.871347 56.747036 90.153015
17 52.868103 6.351632 64.502815 17.705763 67.72667 49.313377 47.931526 48.331493 59.38355 53.369297 68.49342 68.014465 18.138044 13.199264 96.66539 84.121994 24.030775 47.872616 97.98422
18 69.65767 58.942574 80.88235 94.46881 91.74438 63.017677 64.21347 84.529144 38.004486 67.648605 20.619034 84.18817 63.146545 86.79364 7.698059 59.120457 84.639565 44.275356 22.660995
19 30.433374 7.4418125 84.37134 8.943057 88.63074 20.24337 97.96056 69.01017 47.714943 91.78916 77.29668 63.534077 24.374992 88.0905 33.771957 0.14388561 71.70854 7.540268 8.504218
20 7.553363 20.535267 89.265236 22.97749 8.193069 48.235153 33.934116 43.111885 57.532238 70.91263 99.4631 15.9083185 6.8573713 31.829906 5.7021914 23.150312 71.9966 81.319244 31.64171
21 35.55233 89.76685 31.182951 90.654144 36.288406 11.012512 41.89576 68.8039 72.14485 91.050545 12.270909 48.64591 29.808092 80.002075 88.73697 76.840225 84.27735 4.548061 71.65743
22 74.28932 25.397926 44.58775 47.4313 8.627987 0.42348504 1.4011979 22.226738 22.34422 67.7762 94.33713 32.467415 27.478106 6.2860546 9.688271 91.52406 76.94117 70.72094 15.017975
23 35.933815 10.540783 97.99712 84.31465 18.912113 53.61483 7.7754498 1.3367832 76.53505 40.92552 78.95768 0.54879785 51.912785 16.585201 31.71447 5.1225305 95.67061 61.06042 78.98186
24 50.39386 84.38861 52.805782 96.79747 67.530334 81.17053 39.210445 78.41492 7.4106636 49.62844 69.00499 0.9019315 28.078163 71.25423 96.0936 27.022821 52.65873 79.93717 68.27894
25 60.82093 38.193027 41.376556 49.178738 57.705463 22.09779 70.98929 18.7509 83.32578 32.431255 4.8482122 58.518143 8.464116 44.092804 43.991417 48.39474 97.035736 26.650883 64.46475
26 99.86248 82.55803 84.59173 81.60897 87.32661 65.703445 19.152313 36.85151 48.32543 96.41356 7.095498 24.6473 31.701267 12.215895 68.166824 33.829136 29.009693 87.60347 84.715965
27 55.637844 21.806479 44.427334 7.060748 25.827318 79.77566 81.0928 72.417984 62.76493 11.030775 88.88178 37.236233 31.221724 75.72854 40.95155 58.967854 72.979095 52.087097 6.549412
28 7.948226 72.44195 85.01928 66.863495 70.16082 66.67792 42.20686 85.89223 52.12003 14.796007 61.199177 30.014156 87.57649 37.99535 49.9758 82.891045 97.72857 57.17928 28.63754
29 81.32011 80.41147 44.526123 93.0653 5.107218 15.443462 75.18386 84.40635 6.4653816 21.864462 98.22136 48.319626 17.418701 94.94241 26.596529 22.555405 46.839993 76.099884 85.22727
30 53.49179 80.7618 64.6887 16.87153 84.84586 53.22923 96.99171 66.59849 3.3775926 22.02614 82.94474 87.88685 55.779858 89.981384 75.650154 4.103112 52.179573 73.191734 31.409264
31 37.140293 49.15803 61.385548 10.15957 75.74645 8.639532 10.863751 37.10336 96.51449 78.41681 89.11988 48.006516 94.175735 50.810284 73.5516 32.994663 99.837456 63.641315 29.884768
32 69.353195 17.788147 93.29459 33.35561 43.33655 46.68805 4.419714 85.714134 37.61164 49.149734 11.360866 51.165985 45.81304 26.243336 39.599144 25.962145 42.700363 48.24297 63.552536
33 50.044907 19.317902 99.437515 22.522903 9.591288 1.9155562 49.095684 57.23998 0.15435219 33.560223 50.299732 63.47316 69.14204 63.524944 57.50447 70.020874 20.40838 74.67653 8.060682
34 29.812973 93.64277 78.99313 24.850756 73.95678 66.97015 29.643166 10.465688 48.71593 26.722956 71.17298 38.417774 9.341126 96.78035 71.52077 25.704552 27.391184 78.3212 27.848387
35 42.15197 20.025326 65.49495 97.42592 75.465996 91.35633 33.63389 92.6897 3.472525 93.2872 43.527008 71.613495 4.847431 42.58002 31.328869 8.983618 71.51769 43.807716 11.328048
36 17.166323 26.198196 56.210636 74.55266 95.42538 30.126953 43.529022 25.611603 81.52719 23.447216 67.127144 32.88855 97.81163 34.893112 26.999056 31.912338 73.47145 41.063637 45.692505
37 91.1768 65.64838 37.77859 95.26464 35.69106 32.106804 97.52163 25.859707 1.9871593 48.48902 45.075245 0.45741796 34.13691 42.100006 56.98824 28.174978 2.5376976 93.24332 24.89745
38 17.923779 53.88477 53.568703 64.92589 15.242267 63.982998 50.74886 78.933044 3.08187 36.057125 99.93974 3.3985496 27.85759 51.24854 67.572624 19.837076 86.14616 59.356106 32.563644
39 50.093605 76.291405 84.96708 47.310585 50.438396 79.44171 94.37277 6.9881144 31.418783 3.0917287 13.576735 14.579511 23.839289 59.2375 37.847294 62.53202 44.506367 91.300125 23.269308
40 4.4455886 74.523476 36.860146 84.3048 34.16412 85.554436 65.1174 36.23144 30.210531 49.748074 52.30648 54.308327 23.67949 62.657715 18.825209 73.49997 53.276325 37.780113 7.655281
41 13.51152 35.779697 90.12803 14.164436 87.75676 90.23586 84.94842 7.285714 84.76041 53.90104 58.27719 6.3906374 3.5173357 44.387245 17.016924 87.24186 76.684555 90.498566 47.732796
42 94.871414 37.42132 41.545414 32.04552 97.039925 26.534748 96.98171 10.579938 45.360203 9.711862 83.325615 11.689639 43.796627 82.465515 59.610813 71.96967 97.97525 99.494804 4.9988565
43 5.800205 20.76434 31.027157 39.402008 15.307593 57.43242 40.997677 39.57035 81.220375 20.190578 9.323722 36.45121 1.7335117 60.224693 5.8020296 44.907784 89.83599 73.876526 28.109133
44 72.07624 40.32612 27.210915 66.90197 46.546947 3.221488 73.89116 72.03585 85.78951 69.31384 39.470875 94.445305 85.228035 81.633545 0.6047845 36.336117 38.35177 30.546028 20.303308
45 90.142914 35.266792 93.63951 25.537592 5.4078937 97.020805 19.576073 66.887886 27.585585 77.54039 79.32812 62.476135 78.09343 54.59743 71.93087 51.40188 29.086727 69.16873 54.83498
46 11.892372 96.88029 99.98396 2.4885774 3.2766938 76.17307 50.89765 88.82557 80.90717 43.82066 14.709163 49.359367 91.79896 20.474506 72.74125 42.613594 63.87217 24.656618 17.236471
47 86.26139 51.405388 34.517967 98.61641 54.752647 37.100746 74.454926 14.860993 58.107037 30.790306 17.809475 71.50328 68.22447 55.361164 82.996735 51.61366 63.362038 1.3389409 52.591873
48 82.0914 43.75705 37.45172 56.233894 59.82954 53.71272 30.419563 85.795265 85.921715 76.34102 93.509964 1.3147235 32.900436 46.674286 10.711611 98.950554 56.710773 33.673084 77.664894
49 46.998943 37.220085 49.99584 38.016872 16.215801 46.84391 65.04017 46.2233 88.722435 72.44379 78.06524 46.89506 92.16868 49.95029 87.06832 63.78818 78.13922 70.92241 99.98985
50 45.984795 15.647525 25.023132 38.795425 27.539492 60.65927 99.53398 96.62659 43.015396 63.67712 46.724586 12.687016 73.36421 1.3172388 90.1245 19.557613 13.284689 40.394466 92.31517
51 10.499567 86.60497 29.248678 78.38275 38.85548 44.77216 39.893497 62.073673 43.305916 64.903465 74.11651 75.212204 38.454258 88.0767 79.036865 57.12421 93.53244 70.94679 64.022156
52 29.526497 68.04081 50.012512 56.536526 6.2627134 83.51799 68.882065 3.7519991 66.88302 88.60318 95.966324 7.9839706 41.676147 49.889553 59.74649 54.65126 4.4827104 55.12036 68.013596
53 43.014854 72.373344 5.959815 18.467354 92.983894 49.802155 64.35084 83.310905 70.421524 93.69732 85.38711 87.81816 32.32832 87.48764 58.274555 50.426327 39.780987 1.4644504 99.498116
54 3.1743765 57.375412 47.128857 14.465851 30.038994 54.044758 50.07698 7.959074 5.9941235 31.436455 23.143393 73.52243 70.83369 36.54089 5.3807974 97.89127 53.656387 8.035194 87.24133
55 50.648205 71.435814 67.96735 95.09151 90.06188 48.62107 98.14954 93.80263 53.585403 54.87659 44.209988 52.28734 42.441177 90.83253 18.98495 28.988213 82.31403 93.347885 44.19703
56 80.76844 1.202482 3.8700283 77.60269 95.51889 17.284489 87.900566 38.506073 45.00761 57.151306 97.55579 23.292982 56.79477 12.42165 90.25997 14.068484 1.9686759 1.6052485 7.563126
57 36.273956 86.3907 96.73658 52.076294 38.06983 47.244114 39.90645 96.02438 7.1142015 81.95202 54.1045 0.6975353 35.024166 43.76464 13.033485 6.2203226 1.2178063 6.1276913 94.61546
58 69.94712 5.0035715 37.758945 98.18982 39.13962 95.77725 11.416745 52.876633 59.407604 68.13359 43.692863 7.781023 60.02925 22.791082 90.66662 48.7431 56.356735 80.71879 97.59276
59 82.853134 49.013485 51.059395 70.450745 24.176247 30.77147 31.741833 36.45888 81.84971 81.441284 92.51195 30.665749 26.276934 5.710083 94.983215 60.400158 98.45531 60.828964 23.789734
60 90.42716 41.013042 12.902159 81.63775 73.672646 3.3282042 30.096924 72.692566 47.705357 94.758675 66.52065 11.057896 80.97969 93.68537 55.256317 30.92147 98.13235 31.48498 26.879799
61 93.132645 36.19263 51.98791 9.783679 19.486088 87.022766 42.290337 80.19726 94.81507 2.0765603 60.38524 87.62832 51.213776 67.89106 70.92997 30.578125 45.43994 81.65666 91.11151
62 38.12955 5.988508 50.609905 44.103123 86.02348 20.727325 24.53611 94.68794 47.077732 58.663864 22.843378 78.47828 21.535088 33.746487 94.777626 37.5698 84.7352 77.03617 19.501518
63 97.78468 19.282835 52.618706 10.886312 98.78701 3.8400292 37.829964 96.70128 52.771133 18.320858 59.36619 32.982273 21.162498 98.44799 92.33939 39.08219 74.430504 54.4828 62.06848
64 77.42736 26.85253 27.924496 50.18582 92.313156 6.6112757 34.856236 73.36646 84.97106 49.238483 69.48102 39.59291 66.24033 57.984978 70.63088 72.358025 54.90639 3.6095798 87.35693
65 45.647247 98.36421 85.31096 87.13459 74.05831 84.77737 17.611336 97.08019 24.20373 2.1971285 70.037796 40.515804 40.851624 22.855585 69.09466 59.19694 38.411446 50.541096 78.503105
66 96.800575 83.74046 48.903976 33.785545 58.44254 67.27712 59.83874 2.3412764 70.94691 17.70171 47.671734 28.105682 11.533064 91.24975 48.48867 60.18126 81.03854 55.08832 29.11523
67 43.509216 99.58893 68.50119 39.379776 4.314274 45.904984 43.76916 79.51535 7.8612447 39.658768 77.39426 64.8872 16.733849 43.22402 82.57835 98.46268 76.668755 93.89416 15.570813
68 11.186171 97.7983 49.55757 75.64937 88.107506 52.384693 64.63251 14.159208 7.9779625 47.738533 3.7911534 19.338387 13.122606 53.541298 38.97771 46.7915 29.585648 16.331446 71.09189
69 50.69458 42.50248 7.1287336 27.424938 87.43748 23.865587 49.282158 35.769398 24.814766 17.623377 17.420357 87.65823 98.50379 26.493835 91.20575 18.31854 29.923237 64.91443 72.356094
70 36.856388 11.213035 49.92498 14.571929 94.44248 93.646515 86.04085 84.630424 33.67479 93.96887 58.68415 31.57366 91.99904 81.70693 13.676005 28.791927 54.527752 91.22985 55.64124
71 11.603535 55.58285 41.137623 16.739887 27.94609 97.878174 55.35593 7.5297 70.86917 97.85043 94.12551 75.40734 64.06361 24.947952 86.957954 32.210487 22.65175 1.7146647 45.71775
72 23.24019 34.431343 85.59525 45.47207 55.045105 76.80931 98.17993 28.881056 71.473206 53.443398 84.06098 90.99718 17.229813 55.34917 20.85843 73.782104 88.78447 3.7146807 10.869593
73 70.87509 85.0566 47.24152 30.102915 54.661335 8.806765 73.40989 4.375821 70.05934 65.804504 60.118706 7.2105527 37.301105 77.187164 77.71559 8.28135 3.0101597 83.328415 39.102684
74 42.297203 22.843325 30.177807 51.543503 59.90218 36.669384 4.4005814 13.7254715 78.21074 59.590412 17.541801 17.838108 78.0497 99.01062 35.473488 2.7552903 27.24691 73.42743 43.983723
75 81.27194 19.095325 45.72614 28.770845 53.71367 47.450466 49.63204 5.3651276 70.647026 35.120815 28.803814 46.476894 18.96643 50.92889 84.09307 38.64131 54.981094 99.01307 35.06331
76 32.28253 73.49414 17.875744 10.337043 87.75609 88.0424 57.944645 40.16249 30.659777 60.795296 6.8949404 0.26624203 11.657542 94.007034 38.887985 54.15139 75.974724 12.848133 84.73703
77 31.140583 25.147926 92.947945 57.643414 18.342281 45.91219 27.654648 46.70286 9.089613 68.4574 79.02478 76.31811 50.081017 36.67357 3.6129773 62.739735 40.319763 47.231274 6.529063
78 13.275194 21.946114 71.02281 23.812092 63.64958 45.185883 71.046906 9.349346 34.279114 4.9684525 94.49355 55.31527 76.8482 17.425114 45.626675 77.95589 43.89555 1.6559541 49.933773
79 78.59659 31.759304 41.104935 41.589535 44.66486 52.161163 43.923836 46.052826 90.5172 81.196365 91.21615 70.88436 82.72723 13.120365 33.47268 51.74854 30.57598 26.980036 60.345524
80 50.97398 7.697195 19.03355 57.722767 54.730816 64.64161 95.55834 73.49172 26.389652 80.57094 86.89306 23.10459 20.321196 22.971022 82.54138 75.84195 47.451622 51.34588 92.34026
81 9.321934 74.29614 30.041481 73.83181 4.2057934 76.751915 48.93626 90.159256 63.14522 12.255156 82.57167 55.42689 81.80655 5.4216146 18.79087 10.229516 18.359297 7.2330894 29.079365
82 43.98753 8.2592125 13.255358 33.093853 33.15205 49.681137 47.139324 79.42117 5.9140325 51.818424 99.44184 50.089764 30.720537 42.779575 84.094635 25.982534 83.938095 89.35814 43.949654
83 78.85915 2.9909968 89.97023 18.850046 89.53358 17.134905 81.04925 33.543785 13.781142 55.910564 1.7255783 75.210205 12.239331 22.77887 11.329758 0.95864534 38.954605 41.297947 57.831215
84 41.746788 7.9103527 6.610841 75.51652 80.92955 67.00964 24.425268 8.836001 71.07637 45.30241 81.85452 42.285885 82.585144 69.02644 53.532837 78.38495 30.58974 84.12169 6.713992
85 76.25517 14.129037 72.68836 80.31572 10.090399 92.75846 5.3644953 95.104 62.025112 72.790016 54.331676 20.752615 48.78816 38.007523 77.718124 16.009075 31.297922 30.695421 27.214272
86 51.605022 45.341873 18.631268 79.972305 73.13724 58.06408 5.6236625 33.11081 9.496319 26.600248 98.342995 55.738113 48.428314 53.35512 4.517162 77.25218 96.68768 77.67811 38.78707
87 11.244165 0.4967153 60.68853 67.18803 7.6619864 0.49960017 42.423756 51.705444 79.57719 32.232834 26.084686 17.824532 29.10304 1.7849624 59.751434 73.43897 65.45711 80.556885 92.4148
88 52.707184 59.132236 81.941605 18.459152 47.05709 53.48425 35.71348 46.84273 53.968895 79.17193 37.65919 31.218512 16.647673 9.768838 67.51473 32.25226 21.284807 7.041323 77.92754
89 99.61456 48.16225 31.950808 21.584326 18.805582 56.052757 19.051683 8.790278 66.43022 91.69998 5.840504 49.924446 20.157486 15.926427 79.553894 7.9099236 28.811014 91.22712 8.258528
90 57.021893 30.35369 81.48884 93.73755 53.217495 16.512472 29.466932 55.125584 75.22951 52.070652 41.404755 85.51556 97.75166 23.12389 68.05834 31.45095 31.303263 84.60817 7.566178
91 16.488552 76.24968 14.978445 6.069845 55.590736 29.74512 40.92486 17.546135 4.2685213 88.134155 32.401222 33.56854 23.994844 57.996197 67.01059 68.10145 68.851265 26.24696 41.01304
92 1.1823416 54.63413 13.544273 44.018955 50.516273 34.26236 11.013418 86.999344 61.456852 97.39694 63.654373 63.83648 26.253641 39.361538 45.677113 59.56996 63.296474 7.966942 74.70044
93 82.144516 89.68336 66.47557 29.827505 66.276665 96.89272 88.04157 89.97088 69.533424 13.580137 79.43978 55.64978 82.42228 93.281105 79.22354 92.34014 0.8576453 62.636696 73.6636
94 64.15822 44.486076 80.03086 60.514874 61.343086 45.774216 90.412445 79.995605 57.131504 19.306898 82.56061 40.06618 22.958416 49.2861 5.938983 31.448847 44.550335 95.70671 39.18575
95 50.681232 94.801994 20.115656 7.6295557 97.25714 57.044865 13.303698 67.24214 55.549545 49.450348 76.86249 34.19034 12.268376 68.19137 64.45558 77.493645 45.777504 54.259266 37.153774
96 74.90718 81.340996 52.454723 79.5899 84.51941 64.51107 97.31184 73.37412 14.982271 18.194883 51.15512 33.619846 1.8902302 23.790741 76.02495 0.06595254 65.52095 86.07819 31.04478
97 91.71029 42.68127 89.752426 7.462609 2.7201235 42.319614 43.64663 97.91203 46.350174 68.23213 99.3849 17.549133 65.430695 12.781638 63.611965 71.08757 84.50397 41.05314 37.777966
98 80.14473 5.7664213 26.08863 84.001854 33.809505 63.555992 41.390293 48.642357 6.3405395 79.21553 78.180664 72.282745 49.11088 67.82819 1.1994123 72.85562 29.349644 72.68932 40.14937
99 31.133408 71.22537 63.643085 94.14344 9.885627 91.0153 66.82387 96.323875 51.31627 88.46399 70.21998 95.71499 75.16593 12.226897 10.1982 96.63042 21.879154 5.097514 16.134346
100 93.69971 82.84515 21.42896 15.091157 26.731794 40.830223 6.9865227 56.636047 85.93403 17.804897 22.92775 54.027916 39.004223 30.46378 58.532852 85.81413 49.674545 73.438576 9.844875
101 9.1213045 67.58444 50.67514 46.983337 89.41179 4.8840704 22.406149 65.33659 2.0917416 71.52094 20.887644 24.198841 49.036945 22.353113 56.42724 50.09208 11.853683 11.488891 6.6251097
102 95.7084 26.579857 46.81363 78.148155 44.14358 68.68523 67.57918 0.29832125 72.20054 28.841078 15.065104 53.215492 96.6658 99.25155 48.347633 27.434021 29.560787 76.688965 49.621437
103 33.91208 38.711334 85.13173 24.611526 39.360405 20.146347 80.507774 99.50038 47.05848 30.72374 89.00235 45.405876 11.272865 40.19605 54.26358 81.515396 98.355865 49.18902 97.26026
104 58.0632 50.639248 86.10569 84.2066 47.793324 82.94398 64.9312 25.620716 59.555973 35.063805 25.755888 5.0451336 68.229355 7.6702237 29.326838 35.10617 52.041756 41.014236 70.16159
105 26.367575 70.20411 24.41392 64.10823 9.844578 61.977013 95.22655 55.419445 95.1553 22.12597 45.78213 45.444126 55.225426 9.216076 79.137215 35.261353 76.42083 82.225075 64.59128
106 83.63191 85.215164 80.18776 43.35277 40.479218 83.32203 59.51357 26.77145 26.00407 81.01298 67.54281 43.951733 83.06852 90.54421 49.940205 13.67783 52.54687 19.731462 87.591064
107 95.324066 70.14473 20.309013 17.505337 74.26636 91.24831 91.41593 76.398254 45.288666 45.519108 99.05963 87.466 10.18858 53.337173 45.46975 95.587776 17.389166 95.277176 44.68904
108 6.7487955 57.583046 77.34443 33.432144 49.693924 32.55394 37.785347 59.118706 5.3016543 28.188324 75.312744 44.05886 28.33851 17.71601 68.25805 69.10207 61.35384 69.37558 94.49954
109 58.784782 38.553905 32.523857 43.35 79.318344 33.416878 77.79602 43.563366 90.901764 85.25107 96.9343 72.194916 76.13849 72.3473 54.561287 83.49304 10.163593 91.13201 82.26374
110 26.894426 47.886868 67.90535 21.22267 50.433495 96.03413 21.271955 36.184143 97.66754 67.98824 15.982318 25.287407 60.081707 7.4234066 92.1471 48.18551 95.70349 21.081322 15.031987
111 51.608215 41.47089 4.5104685 0.059902668 26.186419 50.217354 38.996487 13.2305565 21.704721 61.730206 9.130585 99.71436 47.259758 55.29038 53.436596 31.50211 6.923175 32.802315 44.20848
112 0.11960864 65.85052 96.783455 65.26635 81.785385 3.3135533 36.120163 49.84794 22.051048 11.398053 29.944628 76.506966 84.78069 16.200548 61.88926 33.942253 78.97384 83.93506 84.288345
113 30.449408 66.90416 80.648026 35.890953 78.54882 1.6344666 61.020954 43.906254 57.74073 82.289764 0.36372542 98.617035 89.774925 25.451916 62.27719 88.57635 31.864601 62.417816 22.064024
114 9.065276 48.551033 99.39054 78.82752 83.86931 96.128456 43.312096 74.91595 68.67018 92.42141 55.172886 64.10613 76.90799 36.08604 58.23571 95.396515 99.6127 34.361084 96.491035
115 99.781815 88.51787 36.265617 12.429386 26.756931 66.14733 3.6318958 29.301304 95.95657 92.21345 78.140526 75.67406 29.251957 97.604225 75.819466 56.337475 58.332073 35.797638 7.4700775
116 38.322853 62.392384 57.36886 44.44657 1.6538739 56.697567 92.308044 23.455275 76.935905 3.7012458 3.4110844 74.937614 14.310062 58.878197 23.62625 19.595224 66.76468 49.801903 2.8300583
117 73.212456 24.23507 52.192455 2.2731543 36.6965 60.070873 5.139023 95.40083 95.81716 87.8595 60.503113 64.74545 72.179184 21.628077 1.230967 49.253403 26.252705 66.27982 79.10564
118 63.205425 26.639515 75.74276 5.074775 15.583885 43.04201 24.520039 91.98374 41.4182 58.570915 72.74444 69.17265 68.69269 9.079176 26.881378 6.3715577 85.537605 61.21094 27.133114
119 47.621513 12.663591 18.934029 30.421787 38.097065 90.67395 71.673744 14.435392 52.80464 46.642345 51.038826 46.282555 7.841831 40.133934 71.84365 39.308937 55.447533 6.9430647 85.06282
120 46.88033 63.237007 15.805012 42.94687 3.5481691 37.14716 46.10497 61.284565 45.90838 24.625795 45.363434 91.285095 9.3826 88.956985 66.54175 78.40031 67.64198 63.357758 44.817448
121 71.30563 30.822128 12.207538 99.57028 48.961227 52.218365 60.64045 33.353996 93.99964 73.792175 18.46481 9.374976 57.510715 14.362603 62.2591 81.53926 23.561066 24.414825 44.376945
122 5.8585463 95.4972 84.45647 39.885128 3.6305964 33.305477 54.030163 94.13164 70.34957 79.166565 12.898207 93.22945 20.089287 13.039369 9.415573 97.34493 33.781643 91.89245 11.376846
123 78.95674 97.3406 94.38682 67.1489 23.424398 98.22864 30.781322 37.985455 32.062065 18.409771 88.02195 72.17467 24.79744 59.574867 78.89345 7.0236444 53.32104 50.26938 7.321924
124 12.370735 90.86816 71.6187 69.04934 18.890202 72.46041 51.565796 86.64664 3.2764435 82.16386 90.05262 52.945763 60.64279 60.855694 7.84933 89.26769 70.13093 79.85482 48.5322
125 40.18366 23.602121 59.847786 90.51469 39.910706 17.984241 29.678822 48.441105 25.814789 20.80404 11.180645 10.365462 9.941262 74.88169 81.27436 88.97867 82.14239 64.153656 24.597294
126 77.04848 29.41634 77.985405 24.02429 24.841154 50.765366 78.81132 94.29148 81.560555 99.539474 47.985245 98.7342 15.037471 34.234196 90.64131 80.69758 90.612656 31.499142 63.264496
127 20.817577 18.274277 53.190826 21.479534 7.0114193 78.843185 43.236603 2.0241559 85.132324 97.86548 4.4935822 66.52755 80.86991 27.704216 4.380327 67.93275 35.211002 22.265118 28.58216
128 8.355999 40.777473 88.30165 31.401163 52.85701 70.349785 86.0926 70.216576 42.8012 44.152405 39.552177 99.98322 18.842018 32.868652 30.913418 95.72787 53.46449 59.276558 72.72688
129 59.672283 0.7475972 64.828224 15.058393 12.047392 73.57476 96.96681 98.78371 7.0547104 40.8112 48.58605 67.40857 18.035156 16.650211 19.44694 5.84752 98.03633 66.895645 48.79803
130 61.3429 7.0068717 40.69649 93.68368 90.779 57.2322 17.2934 54.818207 61.939957 30.86313 34.60365 14.360958 50.980347 73.044426 96.69741 81.922745 32.04476 30.853022 79.955635
131 7.701391 50.417934 50.69682 20.311827 27.381807 30.956156 37.758507 46.64156 41.50431 67.29904 32.31143 66.06399 93.12538 3.259772 45.164608 26.458668 9.054732 89.92176 83.05339
132 8.492697 80.597046 34.726143 63.48462 95.32311 24.96782 51.924473 85.43708 52.12572 35.362183 47.213036 69.53818 21.754879 69.568665 88.49283 80.07782 17.023092 69.134766 15.155638
133 76.734184 6.979436 45.067112 51.03975 40.48983 54.650658 15.109623 12.497753 64.289276 50.289326 61.57286 39.455612 71.97258 88.362076 78.83463 40.811665 20.416594 82.234505 53.9059
134 98.23293 80.19407 79.505264 31.330067 46.873886 74.04843 97.761345 41.19266 75.60199 63.770866 17.533033 53.75979 11.108547 12.410254 51.595734 80.39851 63.270695 46.96139 20.485502
135 83.681885 77.079704 7.6425314 48.966633 32.23207 18.444084 83.53003 10.8255205 31.753761 96.60834 4.6706557 76.19218 53.26731 19.506062 30.90638 0.8463919 34.73953 85.109436 54.652225
136 67.701164 51.664425 22.077614 14.95499 81.73456 85.765144 17.388947 13.584781 98.738625 95.530495 63.123257 79.98774 60.858173 35.989273 45.410103 64.03602 26.304943 42.74636 7.3590336
137 46.092136 32.965714 93.205795 86.43295 59.462475 74.80361 68.996086 42.422836 76.41524 2.7172267 52.366196 12.450642 35.211533 77.423836 6.7706585 7.0994735 90.734505 98.33386 80.60804
138 69.99034 78.05539 39.459526 72.277626 80.350266 48.463123 29.139828 45.098083 73.1165 96.98482 85.56749 49.47369 67.97868 64.17868 43.384 15.84661 41.868233 91.99415 89.39292
139 20.847214 98.47096 11.830759 36.96692 97.62178 3.3827722 74.718056 61.041546 83.112976 79.882065 19.974148 48.561974 45.190895 33.60071 55.034386 85.553154 62.641514 75.59511 59.690876
140 52.107967 94.33773 93.71905 71.1265 63.83226 50.230568 28.363865 79.30574 23.763514 97.45312 7.451934 7.0021687 6.417465 7.7364025 99.25511 45.56629 17.15206 86.96825 32.67904
141 11.0951605 70.02158 60.11781 90.93984 9.64973 28.08944 2.498132 4.2056265 2.329594 6.950694 75.60581 93.23908 28.175562 67.97438 8.285177 63.128204 25.905853 18.310951 53.99722
142 22.912281 34.344215 93.63541 96.38039 42.69403 0.071018934 63.337612 88.48044 29.383272 72.3883 60.66616 17.972607 50.56234 77.26536 79.23182 39.936913 3.4306526 79.7145 77.14412
143 10.373682 73.019554 28.290712 8.566159 64.321915 56.826736 25.430696 35.11623 90.390114 27.97051 46.525146 14.621061 63.51344 37.491005 91.39396 88.34822 66.159454 10.422081 60.71239
144 88.939606 87.92814 6.9312215 12.481939 26.572334 79.002396 6.6951156 39.48342 19.939423 5.2384734 34.57719 76.481125 68.832085 24.439049 1.7452478 68.52139 96.59579 63.68525 57.069473
145 20.802122 61.51027 17.240679 67.74255 82.160095 67.01111 20.765041 9.647036 53.173553 20.240355 59.23573 1.4546633 35.21005 58.111565 78.48202 61.48513 66.53224 99.13904 40.5617
146 72.99735 7.9351783 89.76262 64.88893 77.16666 14.5191965 5.661708 55.152027 59.161274 47.356884 84.270615 28.302181 82.427185 63.30699 4.8701344 39.469822 60.793007 61.441452 80.53899
147 65.36091 33.89597 37.9257 73.01567 49.847992 45.60298 99.2303 11.072636 87.01043 79.76231 36.82088 67.07898 78.26785 15.292681 69.60184 89.57557 37.525314 51.128532 97.06853
148 74.270805 69.00606 69.03765 74.10732 87.06218 20.847565 42.268044 54.488384 93.486824 39.302326 24.132793 55.20218 45.20343 55.800724 22.088861 57.83827 79.32227 26.04807 59.00058
149 90.19809 87.05519 77.15052 68.81003 64.338646 48.49109 77.46873 63.78267 93.39005 37.366478 23.01827 35.19041 64.96795 8.356958 83.87018 19.379646 24.066633 57.341312 0.8129239
150 32.60641 62.28554 17.772287 94.74241 77.073425 36.490257 32.0286 3.6332726 68.85714 50.98089 31.534307 0.8611262 77.761154 49.4387 22.440248 57.00165 86.78252 31.913465 11.505741
151 69.50071 32.34913 57.52751 9.048658 11.825723 28.612064 24.099731 9.810895 8.469635 82.99964 54.287075 8.490104 63.645218 94.418915 25.919735 42.50611 0.4019916 78.693405 87.84714
152 41.101807 70.5054 72.13569 16.757275 75.736984 92.586525 27.96455 24.085163 63.34598 62.209488 91.29606 83.354065 40.63295 49.587204 36.684643 49.224194 56.224884 82.2371 92.99756
153 1.3497293 78.053085 76.007065 99.41718 4.119408 78.46692 80.2763 14.538556 1.7957568 89.78535 94.96954 89.13282 5.8518114 51.564373 78.10161 58.764053 4.8730793 38.9147 24.239391
154 81.9708 78.75116 42.669285 64.440796 55.362225 8.609319 98.813805 26.377874 61.251198 86.59927 50.90476 35.50824 24.18549 79.08305 97.57339 21.924377 68.087135 30.518658 82.82467
155 87.04292 19.127052 0.4190266 42.677486 45.319588 4.7159553 52.930496 23.555582 80.97422 65.16575 7.819456 39.342224 92.132774 51.062405 66.96967 71.5806 55.24876 0.8992195 44.943142
156 35.17495 53.12841 25.06687 12.873596 7.1752605 18.886906 4.2174044 58.135414 33.67384 55.805172 2.9559433 28.115553 7.182014 75.99742 9.725225 64.32835 19.576502 37.26285 16.902178
157 6.431979 2.109778 52.264206 23.1057 6.872165 30.179108 53.600384 64.414604 12.397182 95.471725 55.328953 99.821365 44.125057 88.48626 90.52098 96.32076 12.827844 29.824411 86.52893
158 83.38426 99.32007 86.41463 77.417885 98.346016 84.05354 89.1479 35.60903 91.881546 37.04424 69.2621 22.93697 45.06481 54.9685 73.00659 32.31268 0.5258441 21.606367 26.267147
159 83.86002 84.39387 49.783524 64.356865 99.16597 92.706696 55.636345 36.321587 51.12529 5.815959 1.5262485 39.918034 48.30494 42.351128 93.450424 52.763058 86.89945 56.168278 17.59147
160 39.699085 91.85576 46.358788 73.03297 36.662006 74.83789 93.09822 92.02238 20.574272 90.16292 47.458794 12.927002 64.13099 52.017616 8.184481 75.70735 67.72674 45.07064 75.04269
161 75.89189 39.922653 75.50027 9.240633 35.306 27.329678 56.497807 84.35987 9.878224 46.945805 39.079697 24.462818 54.47185 54.01079 99.70696 92.918846 38.686127 49.317455 96.491844
162 79.85297 56.818188 37.44617 47.9531 97.01966 89.61483 45.181892 66.21185 5.743271 59.077274 83.85582 60.60789 1.0501146 13.47757 34.76609 89.93637 48.26733 95.03224 80.22364
163 80.39059 7.510108 73.5474 29.004156 91.94625 97.26764 86.05477 61.740597 34.996532 96.68563 54.315887 74.551735 39.767994 93.39914 72.46055 36.270332 18.199617 71.47603 68.38807
164 12.124544 37.899483 44.08242 61.398518 93.56273 33.41524 55.085033 20.403313 16.833538 95.838524 60.48029 91.61871 41.49115 18.745237 7.1181417 20.563507 91.552475 99.250175 25.815588
165 63.21746 66.7653 36.686623 67.0861 27.165878 97.34193 78.83166 19.11779 31.337612 13.372212 3.9710045 43.396015 37.479645 8.567095 15.281182 47.880424 16.805326 8.423734 57.411873
166 40.618866 39.371807 74.584946 40.74967 88.13099 43.813972 42.139595 0.17180443 58.15418 82.27884 54.7397 97.252174 91.05936 75.01942 26.37102 49.522137 99.36945 25.437641 68.8937
167 90.73822 91.62045 77.79009 14.370513 11.952567 1.874429 73.730125 71.83423 35.868126 46.4212 21.858913 63.439358 44.398415 36.796646 17.062742 16.634972 21.014965 35.721703 78.25332
168 61.634987 21.388357 27.757502 47.893112 19.414085 35.609417 87.52464 62.133217 19.896389 17.075747 8.7044 43.332775 75.91929 92.66756 20.496851 38.04597 51.746178 28.401524 73.83715
169 63.196213 8.983421 48.189117 56.861298 85.11106 24.15415 11.047238 72.57336 33.432804 45.13244 66.086586 26.417309 1.7762601 65.197464 73.37149 67.82992 55.569794 28.490925 2.4030387
170 68.4914 15.040904 56.82884 75.183556 6.85457 7.110667 80.618576 85.79923 39.890705 47.42083 24.36446 7.9928694 50.423546 75.27489 6.024301 52.63835 53.82522 86.43334 58.229553
171 91.28349 68.42842 97.03117 24.843061 54.46915 7.285106 96.00966 68.049965 5.397457 37.707253 62.068073 86.52353 93.306175 2.5033116 6.9960475 74.35407 95.77138 71.43207 72.16185
172 81.36326 55.828213 31.903654 24.783772 88.95014 25.555801 68.44702 40.343197 20.34111 11.463881 75.32889 96.111984 21.469902 24.056684 95.658295 56.330734 97.93514 11.305809 53.362827
173 84.216515 76.619965 76.97393 6.908953 40.89046 87.47725 74.89274 91.2052 11.7513895 74.3586 31.071716 57.729137 61.09699 44.08423 80.12124 73.82732 44.288986 33.51593 40.700817
174 96.933784 80.913635 6.3183427 77.89655 15.031242 3.708315 8.301568 66.5029 3.2472014 77.07485 94.46851 37.604893 20.55477 20.410263 56.694458 47.662388 87.96588 58.94595 0.7066548
175 92.08674 98.50878 56.052143 49.88544 8.23124 3.1279445 92.85153 54.362 91.51381 59.203453 54.372967 2.7438343 25.337404 78.73958 46.30519 24.169476 94.41974 50.813942 6.6848936
176 16.705173 82.497696 62.315975 35.639816 88.58651 21.107239 97.356 50.734894 78.52792 54.791153 49.326187 81.7289 65.13583 69.752205 41.086376 56.894875 51.04293 24.308985 74.08849
177 52.805878 40.22028 48.747845 42.712307 94.0173 25.319845 4.0823517 77.2447 0.82994103 81.96881 10.179579 59.689205 8.797216 77.601 56.59954 78.14905 78.4129 50.41114 78.794136
178 5.4047823 97.11047 88.90354 29.058998 58.33932 57.013447 41.641796 58.423847 90.19283 93.552086 40.36668 91.665146 5.714673 53.92131 15.622693 63.54988 58.889008 56.277138 93.22162
179 57.558735 78.12702 15.495372 60.886486 67.53589 69.03577 78.25105 98.687485 83.38395 19.799555 97.18602 43.641346 81.03588 98.86301 13.144475 60.147392 98.02941 4.318142 27.063644
180 73.64107 74.17823 34.815556 64.362335 87.6346 83.74048 83.89841 38.891464 94.6726 34.350002 64.66813 49.075233 42.95932 38.585438 96.213234 13.222254 73.62655 7.753688 94.16298
181 15.625453 72.732834 82.16821 17.27255 70.565025 18.854397 7.380933 12.624847 62.30862 66.09596 27.515507 51.679222 19.359112 5.8793187 82.64562 56.152637 78.28605 54.13512 31.226385
182 20.041965 73.30941 26.516039 36.64128 55.75639 3.2616436 88.7696 51.257412 37.40812 17.578148 6.0682354 45.835358 12.203008 81.56132 0.319767 87.126724 76.286354 21.394665 52.51039
183 83.98575 9.353506 68.3814 35.01659 50.85551 73.161194 65.8364 11.424178 77.16246 63.41915 31.226904 16.3885 18.62554 68.35836 79.85044 0.947845 19.979923 6.833416 77.939064
184 57.762676 42.91647 65.702034 55.026592 92.11031 64.493416 22.331173 34.215622 77.04344 62.79701 60.612064 40.199112 81.65992 52.68525 75.346054 88.15618 29.481197 36.078922 13.121277
185 0.64594746 76.86115 1.0644376 40.981537 17.1189 79.32125 31.203186 35.7499 63.470406 74.7208 61.626022 85.580734 13.053757 77.02258 59.012722 25.25646 60.691814 71.71854 77.26392
186 42.314415 26.4813 95.16238 94.9763 91.99111 24.638134 84.35481 21.703798 15.226441 56.414997 3.193003 40.96327 30.909883 86.42467 95.69267 64.12024 56.82013 23.779 28.89372
187 2.3290932 34.264843 77.619705 68.558014 26.824934 90.538765 79.25211 62.660484 10.856694 67.56771 37.639194 82.176315 10.760498 91.387886 12.972665 9.702664 7.0087614 17.631037 84.97893
188 55.762047 48.006958 95.46663 53.167915 84.76649 5.981469 74.323425 19.08412 19.940287 3.105849 82.31982 63.525414 74.18077 11.21006 26.132202 81.4729 84.86833 85.729256 62.792046
189 75.002846 60.821163 6.2619867 33.708755 19.671227 32.538403 56.069 9.459644 16.776545 19.015127 51.463364 95.27928 65.58349 29.980755 1.2937784 86.73582 43.158012 38.46038 35.13988
190 33.13517 61.1144 19.94993 36.51955 73.38881 88.56152 28.905571 81.01311 11.374628 38.173992 96.164955 36.96144 21.482527 20.984835 90.64261 93.07861 41.649143 87.6392 11.287766
191 39.28278 62.643517 5.969 9.7857895 27.202374 45.875244 32.411743 97.56237 59.629707 55.077797 37.63205 51.86385 14.70694 22.704231 53.40356 2.4003625 63.437492 62.90552 41.125385
192 82.42659 27.379244 7.9994974 4.0972114 54.187107 87.81709 73.150986 1.7405212 39.168728 65.616974 28.653103 89.27043 77.195595 61.17858 85.120026 29.89766 16.499311 71.84044 23.78031
193 76.540146 68.73387 86.72019 51.91647 28.376686 0.53577423 19.832378 47.662735 55.572693 36.51471 56.50991 14.49362 88.40495 10.177601 7.327938 74.768036 59.12357 69.7249 41.1088
194 44.906597 4.595023 58.215206 83.96238 98.75573 12.511235 83.38439 56.033104 7.3255243 65.229706 45.35563 79.5943 54.586117 83.69603 32.324226 40.82483 52.88946 44.02041 39.597137
195 59.05716 95.68107 64.82666 38.47515 99.097984 87.625175 92.2188 73.5609 18.552095 26.542633 27.932953 13.147253 38.650616 91.424614 5.8407903 13.188476 56.180317 25.317293 62.38535
196 84.594185 19.58012 20.469357 21.765482 12.639731 94.52323 90.50091 19.807524 60.393845 65.31218 95.50985 78.600975 72.27657 6.7139745 11.311263 63.320396 64.04069 16.551273 64.0519
197 63.462574 59.29362 99.10378 92.21225 42.311867 85.633 11.383224 25.772173 54.187946 33.85779 33.412205 58.655697 91.36816 77.65194 56.108253 27.379221 58.017685 47.544514 29.159916
198 33.313988 82.569084 8.56728 10.85524 65.65606 42.39859 45.409035 73.21836 99.908485 44.040905 59.36811 51.625843 85.56461 51.320995 8.207172 77.4705 65.19594 94.47678 11.105084
199 86.13966 24.062216 1.4802158 17.08048 67.861916 88.75705 33.27641 25.144022 94.69942 29.674648 56.556244 9.44677 58.53212 74.938354 69.022705 62.06894 39.267437 82.889824 85.03465
200 21.88754 63.25051 11.630708 65.2048 20.035988 34.04294 53.080685 17.245562 83.49978 23.042076 96.52456 31.413143 98.86787 99.05171 53.93555 30.676497 31.480253 83.67278 13.064355
201 90.67365 12.291777 24.607807 1.2685597 9.118784 69.636345 39.574917 5.5313945 9.154683 77.46202 58.97937 34.602325 40.836113 80.06812 71.82761 55.516426 83.171555 8.271903 94.18838
202 37.05975 43.697803 28.442204 46.96826 80.5005 40.229977 26.94763 65.596855 76.87105 31.098063 74.0787 10.695351 59.344345 25.791216 87.03032 99.77958 98.19697 61.486713 7.4983597
203 5.9334993 39.193756 15.508085 70.0905 42.156082 8.988428 46.46551 90.12782 68.26686 93.64059 13.87229 78.3827 70.95245 49.247448 27.6582 63.536537 3.4068704 82.93568 74.53013
204 96.13609 57.285934 74.32391 70.94136 28.87987 31.145674 13.632417 4.9649 33.290356 62.513096 54.776882 68.12697 71.14861 88.15674 7.246333 98.81076 97.224304 73.45503 76.84905
205 80.816574 17.375893 18.039167 65.34854 72.75427 60.387947 63.710606 25.747347 8.900726 73.12815 41.162563 61.96748 71.796135 4.7371626 34.9914 47.69215 17.05647 77.40801 89.154274
206 3.2556832 46.587204 27.483171 36.259872 16.092175 6.5993605 52.522068 9.281206 69.08534 99.61904 86.90752 80.42462 72.22166 77.17549 2.5180101 92.51332 91.568245 43.24097 51.85644
207 78.44455 71.420944 83.033 31.470745 55.716278 31.453001 11.791706 94.01676 88.91615 42.11109 51.991165 11.198378 13.205719 84.93422 22.575253 28.188765 37.566067 56.807743 1.7295122
208 26.914465 5.805975 90.61558 85.97704 62.509857 95.54338 21.838886 57.647793 68.87377 16.590965 9.2004595 23.707788 67.94592 18.004168 15.615821 49.30208 18.244547 91.64529 16.941315
209 65.978836 14.355743 35.203068 44.076103 38.300602 96.24124 1.4688134 87.96036 63.354294 49.047066 57.154663 36.31169 9.547502 6.977093 24.05793 40.261738 67.091576 12.981129 99.8998
210 73.41527 39.850853 6.547141 4.232031 85.58717 2.9733658 99.64584 66.50998 29.221933 43.165863 73.52763 45.43385 54.22389 87.95055 62.106018 19.185108 2.8933585 80.12265 39.37896
211 20.017445 62.45609 16.356873 64.85229 60.14822 40.185673 10.99208 61.164673 41.94777 52.557926 73.02272 58.80888 98.512764 72.76212 65.872 83.55017 31.870949 63.05808 14.306575
212 30.223328 17.896206 53.055996 3.6301374 42.22035 18.674505 80.463104 94.87926 37.149727 75.27607 25.958807 32.018806 6.656212 63.94201 82.708725 8.037556 0.8504331 55.43231 58.003338
213 65.380486 46.636314 66.116615 9.315247 50.389988 63.679176 77.292564 39.730526 3.4923077 33.879745 99.72336 83.55524 17.949057 59.87215 98.594505 87.574 25.351244 57.92289 71.66
214 67.89895 89.98077 71.16158 93.50195 97.865204 5.0807953 43.623318 31.351488 55.584534 59.403385 55.23989 84.1595 47.45694 73.64395 6.609708 54.473217 88.367516 24.09411 41.84049
215 91.64266 92.98245 69.67595 72.54751 30.983526 43.335827 62.15348 88.56499 34.3583 93.911896 45.504333 16.265965 27.365833 50.1338 75.99387 76.57433 42.672955 73.337296 20.302742
216 47.592747 60.266174 84.02055 5.059844 4.8751774 77.394066 34.812046 1.3288021 82.16831 14.121848 29.895132 75.054504 11.170715 36.70192 73.59001 26.325214 87.56288 58.91233 27.753008
217 72.73733 7.1086645 11.227751 56.254314 15.417314 87.69464 75.82342 90.99534 9.675598 66.24729 0.19611716 93.99513 59.21901 41.84867 78.40097 35.59458 65.772545 44.173794 32.89721
218 1.6903698 11.363154 88.52178 24.680769 70.327065 83.96228 41.94732 49.227577 17.46279 98.30112 58.869236 51.81594 76.11497 21.152401 46.402596 80.63535 55.531532 6.970358 19.705273
219 28.883856 45.97756 47.31208 93.83812 38.528545 78.94548 61.8076 1.8097222 15.839344 66.17321 24.544477 7.226205 61.053 8.180714 56.589283 5.7194114 36.991318 93.820915 91.04896
220 51.32057 91.11883 26.60339 63.709694 54.233162 25.915033 26.622004 21.069849 34.900345 58.652126 4.4444265 3.7610888 78.53554 75.37242 66.259995 31.245035 64.8776 18.271278 39.201416
221 21.659262 83.144806 30.59792 48.638046 56.208904 23.10897 49.934906 2.2780895 82.0616 33.816826 97.21766 51.32118 21.870731 93.49 64.58096 89.19101 66.453835 52.086884 96.10471
222 91.38185 3.4809172 14.274258 69.3745 93.81768 27.035349 80.30766 86.63353 95.30496 67.41388 68.54759 37.903816 65.929955 28.412169 1.8420935 97.081665 56.690014 60.53788 54.40095
223 99.5129 65.65092 87.11024 62.495697 46.33715 97.19561 29.108435 95.58384 8.930201 98.4932 1.050812 41.323788 14.605009 11.503011 20.31328 63.283314 82.45172 0.28102994 46.38362
224 61.62473 22.466446 8.032984 43.913483 80.16213 90.1592 42.5279 7.4522495 16.231102 7.429695 53.73181 48.86643 68.902695 75.00132 45.736343 97.17027 5.136597 45.0213 93.44964
225 0.38306117 89.24173 29.039108 20.605743 19.715422 48.047073 47.502018 42.266254 26.562977 79.843994 94.75403 5.2786646 25.203049 39.620083 87.45158 42.576336 40.567513 84.35164 75.03981
226 30.525757 6.8790913 60.95792 35.751778 36.828476 34.232254 94.558914 29.347164 24.163734 95.3766 47.345055 73.90738 31.519062 82.086945 87.900444 5.4226933 61.02063 11.708725 39.271557
227 39.179657 18.374317 90.942 71.30438 6.181252 75.40677 50.925125 11.459934 87.66738 74.610725 79.51743 68.950226 19.473684 79.31978 81.73756 82.91355 15.255356 85.74609 75.0312
228 7.584083 44.859238 71.50624 63.924377 59.930634 59.260677 21.64067 69.23058 59.78279 35.965042 80.02217 4.952419 53.57856 14.642096 49.279587 85.04153 2.9212952 39.612274 54.07913
229 0.008946657 43.299038 37.79792 84.26504 66.827126 39.586163 53.611553 9.732162 25.514942 29.115402 78.26327 67.0686 22.18821 3.7911892 43.977715 38.360523 85.19512 26.339214 74.02731
230 99.801186 11.305052 46.58964 59.286682 6.9112897 39.908844 8.723945 69.726685 94.590034 1.01071 54.540604 54.994904 14.520979 87.70015 98.689476 68.63102 65.6093 75.1031 4.97545
231 93.76444 21.39936 98.90381 36.541832 9.122091 43.392754 19.844038 3.1235874 19.184452 32.75457 52.64846 34.53834 64.27777 2.2642076 84.160034 77.895065 9.752464 3.0578077 65.72665
232 36.199265 99.20767 69.55322 47.751183 35.480648 7.576525 24.090826 52.555443 56.442635 84.947075 28.720701 17.130423 82.91853 81.98194 73.98849 5.830419 73.91991 60.001045 37.601173
233 9.557449 37.38999 32.0539 33.88368 41.47947 83.35575 51.040947 57.675297 77.89755 31.2446 54.12015 23.78102 8.65199 92.74607 12.790436 30.618376 75.627106 7.618785 0.27528405
234 69.93053 25.73275 67.94427 23.798449 44.327736 60.524105 77.00012 32.271046 92.24188 66.74881 85.46626 79.58163 2.2135615 88.02318 71.202576 31.444622 92.17454 89.041626 53.27099
235 57.528942 46.745216 50.78119 87.956604 59.829617 29.058249 62.705444 98.823296 88.99636 91.076744 79.69089 66.68106 80.19194 95.94339 35.047005 3.9226353 63.179535 81.03254 33.396328
236 73.99216 33.45567 44.849808 39.20049 86.581024 4.637754 43.816013 68.305405 6.118208 40.831436 65.67744 35.035442 91.66015 11.752378 79.5113 99.16111 34.626865 44.932602 93.06164
237 52.624523 54.0278 16.93837 16.7799 31.424522 31.735008 29.262321 1.1005282 93.791595 40.669888 31.087435 85.11126 71.03909 11.959868 58.676785 47.15125 35.639732 61.494923 64.50662
238 52.56847 94.58692 17.982828 64.778206 42.786606 71.462654 62.49376 74.52638 40.17693 93.41453 60.336124 59.663223 62.522984 19.071775 79.468 75.98705 51.93628 88.99655 92.88559
239 99.05043 49.07515 24.325335 35.71645 64.97322 52.89263 53.622635 69.071 31.533129 37.662823 88.52456 12.869543 48.450165 86.79028 60.4339 77.478905 64.55124 1.2886524 52.346092
240 10.487801 42.867207 49.529095 29.90194 99.56094 49.64896 13.92675 76.10855 37.090714 3.3274353 24.985826 36.034626 67.1742 39.682156 39.20518 66.42517 42.958607 71.58387 45.714615
241 84.90941 23.108137 98.86261 78.43585 12.673253 13.350618 85.9071 62.623913 80.57629 3.8760722 52.873344 53.73921 13.215149 89.707794 78.779465 94.934166 48.9389 70.78753 50.76238
242 59.53117 90.934395 75.96098 99.40635 84.55273 98.91373 12.680888 72.91959 88.78386 20.404482 17.239195 37.19483 97.459206 61.983673 31.68413 60.16429 29.24155 14.886606 9.074539
243 89.63562 98.77675 66.20381 1.9848585 57.818424 29.16758 50.356876 6.6260695 13.433957 77.911736 68.78345 60.828804 65.61345 52.217506 35.89204 55.495174 21.270466 15.476322 92.56002
244 50.82962 59.376057 76.67852 74.99693 58.381397 38.23315 64.66533 85.99677 83.16072 3.6610186 45.58432 0.8357048 25.127941 11.746788 66.341064 53.77766 32.31353 5.8468103 41.109604
245 9.832722 27.632164 76.73619 29.286587 85.639175 4.8444986 71.68246 39.167416 62.73803 95.64712 13.794935 84.920074 44.77026 46.896725 9.871608 98.27751 70.00606 44.675713 2.2913039
246 69.2199 63.927948 68.27022 99.002655 50.54319 29.215366 22.960394 62.6284 93.692085 37.35772 64.42811 73.98113 91.968636 36.260857 0.9962976 2.2854507 41.918808 89.67389 12.0644455
247 11.093563 14.368415 49.17899 4.047352 28.802622 68.558754 49.04694 98.72242 90.92933 81.7652 43.720417 5.8199883 69.53159 83.626976 51.3609 22.440321 96.60997 30.441338 63.16324
248 59.75029 42.759617 76.46416 54.44548 63.51545 61.122864 63.704594 31.36415 43.285995 57.72457 71.01199 47.05391 87.21496 12.0290165 19.947546 67.67349 30.0956 82.07401 6.843644
249 95.94894 83.62552 74.41213 15.725124 15.0943575 85.312614 4.481202 8.855057 86.27582 88.8221 83.65913 4.3438377 68.944466 99.723785 37.41614 42.605125 75.34256 60.149487 28.509474
250 44.851208 72.28378 40.235855 50.480247 51.999653 97.99402 97.64836 91.78392 46.333088 26.49958 96.00624 98.24776 41.345985 32.957886 13.521176 81.30023 38.071274 50.694454 42.298866
251 8.217848 94.76249 63.857185 52.021046 46.70679 17.383385 11.9019985 27.426916 24.266064 22.508722 46.02486 53.2606 59.312195 43.861336 39.658485 12.070412 58.89405 86.00961 20.822979
252 36.17564 91.46171 81.244415 33.08788 54.807003 93.61172 81.17842 2.8601408 48.241867 69.60922 36.307495 66.41152 42.8703 80.94609 53.101 2.3171246 92.531296 90.95592 7.9143047
253 99.67258 12.950784 43.85627 74.22518 34.532295 96.308105 87.374435 38.780426 5.469334 93.28015 38.74402 42.906673 12.064749 29.602158 92.31017 57.51003 29.620356 25.290722 46.784843
254 49.49467 10.644317 17.061394 16.448832 9.114992 13.93829 90.81735 84.96428 13.097405 49.73436 11.872948 66.16208 98.494545 22.66825 79.10994 82.98957 13.749897 30.874252 16.655857
255 45.090805 13.248116 30.650276 76.85061 55.156906 31.913322 32.535248 42.966618 63.698177 49.713646 50.894703 53.920258 7.2894754 60.067284 68.914536 98.42208 44.22223 39.26801 2.012694
256 47.83499 58.022003 69.613335 81.90887 78.43253 49.180485 60.695892 41.823597 20.573824 20.992357 0.3902793 50.450558 18.15096 80.42677 28.827936 22.464203 72.94467 89.911 89.8086
257 69.45483 29.483015 92.73295 69.66845 54.454334 53.686543 92.01439 73.94351 71.81924 7.8650656 40.966 27.87757 2.4267614 93.18157 27.068388 73.883194 41.23211 44.00657 33.153606
258 3.7422657 73.608536 24.95138 88.872955 27.21069 90.98814 16.90569 93.07893 83.66514 1.6446769 32.037895 74.12965 36.705036 64.57625 76.185814 45.517994 10.719454 72.98404 69.91971
259 19.568449 86.17933 47.495674 44.163715 24.830723 39.963406 90.80118 72.79076 72.390785 16.830194 66.57287 81.048294 73.33941 36.97616 22.306776 45.828773 91.37057 66.55549 92.99329
260 60.282402 39.775925 7.472682 29.303282 82.507034 96.36534 49.403793 58.328457 95.27824 10.051709 90.87401 38.97121 23.053408 32.524837 92.65155 39.029938 43.660187 2.7022183 11.353964
261 72.12543 87.836555 92.14425 54.960503 64.17878 90.61746 39.58024 56.15318 9.55987 77.76021 41.894836 20.650269 53.719624 79.08171 58.71995 42.8453 43.602615 32.671684 36.07444
262 2.3278773 99.97579 11.183572 70.76652 44.760387 31.632727 78.34216 57.55595 86.94812 63.932713 92.8051 72.96336 66.914566 41.063602 72.751564 17.27155 28.835552 69.59341 31.033342
263 25.412304 3.5647273 51.176907 83.211945 60.356052 27.281158 44.651474 22.933691 63.168926 62.90171 56.194843 87.288994 72.48255 26.033503 73.792984 93.2998 64.708694 14.414597 96.10747
264 92.53197 53.458935 37.336456 2.130574 48.90031 22.396564 0.1036644 27.025764 12.698221 26.813858 24.12244 50.58901 17.230743 63.815815 51.988827 31.209845 21.459347 83.885994 70.55226
265 82.50314 28.892225 54.15927 75.25497 58.425964 28.50157 18.840492 33.29954 91.25566 84.45714 69.35882 88.89516 84.91447 87.48389 97.07181 93.80999 62.472992 19.044865 67.226845
266 63.857277 74.00504 50.493286 13.612038 25.222486 1.1148751 40.819252 99.60573 62.469036 23.294437 29.437143 40.449345 46.721233 3.7336588 73.23252 2.3692966 62.31091 87.30564 11.238468
267 32.0709 62.795155 99.24654 75.07887 72.09281 42.726154 71.6766 0.75086355 57.080208 75.21279 77.75488 47.28404 88.30557 22.801472 5.1802692 32.98541 50.39857 11.477876 76.26137
268 60.845566 68.4631 65.9215 9.256816 4.5427322 35.345806 35.112988 92.57712 56.45171 49.123257 7.8947663 1.2426734 23.069323 47.80547 90.325516 54.27724 73.04522 71.28363 23.168356
269 87.11002 63.107647 5.714816 86.442314 78.25479 59.961487 10.434789 16.793049 22.284239 46.885765 6.2800765 45.956467 18.239468 15.258926 32.607098 18.570143 44.98567 39.392685 0.6027758
270 24.111515 12.5887575 71.47257 76.53597 60.205833 15.546113 58.511597 90.812805 57.65565 12.725693 19.260347 59.04355 36.31842 27.279175 53.033775 18.339317 15.7303095 93.78879 19.27458
271 75.83217 85.78828 89.73766 94.051926 63.610504 6.8147063 23.37606 3.0797124 23.10763 81.20997 23.57006 58.532314 57.25867 42.229813 91.706566 5.0504026 96.79812 81.10036 47.69195
272 57.79094 10.816914 68.91242 87.0892 98.92252 35.607166 82.0363 84.11736 78.14977 10.929102 62.0018 34.279884 35.032803 61.736637 6.039858 53.548687 56.224792 85.25494 11.238641
273 0.124788284 87.27115 38.838577 72.2985 85.70289 7.0984306 40.536892 44.25796 10.828596 22.38301 10.602164 31.702454 22.355515 60.054737 93.706276 4.564625 18.253119 98.497375 5.3548756
274 87.700714 48.21307 33.606415 65.440475 42.312233 98.84311 84.61929 92.15455 87.62186 44.97804 99.2186 82.243965 81.96313 68.09254 68.31411 52.07168 44.875305 27.349926 41.435127
275 37.910385 2.4893463 45.90581 84.9238 84.70884 44.34322 86.2094 21.038675 98.13362 2.9812336 13.77514 58.394276 4.4771075 90.79278 33.861797 87.42715 93.07057 29.362738 63.38626
276 91.155556 93.746574 83.28294 18.96984 66.56419 31.818777 6.369096 48.081547 78.4851 70.711006 37.30972 54.684532 71.66281 90.05684 53.02494 13.550639 51.398033 98.654335 30.827951
277 82.48709 45.18654 67.506256 59.567738 2.1852434 71.34589 10.279137 20.307737 76.3836 42.803593 85.40787 69.09352 96.72618 9.869194 45.855106 58.627617 77.34799 12.605262 95.866806
278 38.15896 93.14717 46.837337 7.168108 47.876625 36.287964 6.2002716 4.704547 47.155785 70.1611 12.022191 10.598058 77.03145 35.312176 82.22306 67.36706 93.48061 53.301228 76.490746
279 82.12648 26.994837 51.70617 27.344244 3.4732878 28.35533 55.220764 72.6649 74.67242 73.62561 26.778238 25.047827 89.74803 91.61017 10.671205 84.88492 3.877771 83.160385 2.6153326
280 48.23989 33.36879 57.823532 14.560604 5.9264183 92.31104 73.8215 93.793205 38.179928 98.16609 31.919945 14.5599 99.15912 84.03099 12.425327 68.21366 59.27623 54.652023 22.659159
281 5.916512 40.898483 41.549324 25.449425 21.495802 86.96279 51.51188 78.40687 25.450914 42.990185 65.45433 30.286907 42.727142 94.175995 60.978977 91.15917 44.153297 71.7802 83.30499
282 34.31049 85.88416 50.874935 33.422806 62.000145 13.363874 86.3618 38.87754 6.888562 80.86099 40.600197 7.5158715 74.00394 28.211748 16.353994 75.44455 2.6399672 40.798683 28.241629
283 61.504807 37.049698 33.80362 87.45417 47.48875 2.9838145 48.2865 83.98634 58.39632 53.099815 14.595127 81.621025 14.101887 47.43506 32.010536 79.84419 33.278923 0.19879937 75.444
284 87.982185 64.2913 46.116257 77.55391 27.198399 94.53627 48.78245 44.035458 60.424103 99.51469 0.60034394 51.30657 16.505182 62.368416 4.8436937 98.68695 48.310173 51.986168 11.46875
285 54.821938 53.56669 47.822144 21.083677 52.980484 7.8863087 48.64433 17.863977 68.461105 60.727512 83.44191 29.383654 9.237403 33.6714 40.145706 96.83486 87.794586 25.895786 52.68794
286 25.765354 26.541733 71.49345 1.8447995 48.417736 3.9853752 37.465633 29.428303 82.46433 35.834705 87.82045 79.44421 6.1658263 30.255842 39.018528 31.096857 70.82312 74.54444 73.64834
287 95.84638 42.234104 30.545198 74.10694 9.519071 53.417717 6.281173 55.44656 57.71101 81.146034 63.5929 68.47435 51.94311 44.16328 37.319862 70.52524 0.31960607 97.01344 15.9374
288 14.741534 41.473442 41.101707 40.908348 39.676075 87.571785 45.250164 60.69854 82.88993 30.889517 8.155876 52.88068 36.0524 40.285152 71.71447 45.51577 78.79836 16.742308 19.342482
289 7.62167 5.9921684 0.44346452 49.735252 82.64328 12.640476 61.656475 81.76713 42.120045 44.85091 51.63536 18.621033 86.9571 19.126017 1.9262373 22.182793 7.6641026 68.89987 6.6486716
290 36.020573 83.50796 92.36951 94.778046 55.974346 93.674995 52.958004 42.032898 10.898483 85.25791 59.59622 5.0834475 57.13927 86.239426 22.66463 6.4151106 53.908615 23.767258 19.945532
291 4.8406305 13.166416 55.09472 0.16289353 54.45229 67.59258 0.85252523 17.308098 60.40319 79.67189 87.13572 2.4524808 61.525578 0.10035038 17.614985 99.433525 12.220019 46.23305 61.954456
292 82.783264 55.629837 3.0242682 28.743124 39.471455 9.760248 87.06873 95.489746 87.199905 62.38426 66.45764 64.621544 60.659473 50.33227 98.045815 61.55551 70.71059 96.68769 52.53314
293 61.53235 10.04712 84.66621 14.949155 37.83282 80.541595 50.2649 12.46624 41.114365 72.94608 94.41418 67.03421 12.85215 67.55236 18.197542 51.523132 84.24915 6.2224627 17.132986
294 44.588448 33.558815 31.124233 79.50649 1.3522804 51.67182 95.597664 92.84891 49.559772 69.245834 37.699364 96.94967 69.763176 13.858498 9.800309 32.964485 54.267246 16.954887 78.63428
295 29.422104 64.305466 66.12131 32.71251 67.05242 14.791435 75.88761 49.146156 56.69295 27.89616 21.34546 3.579235 5.9916973 72.84862 73.93558 36.868095 0.68641305 82.26208 92.43211
296 84.90074 70.936295 32.785255 38.129078 5.8927774 90.111435 48.10929 99.26449 7.803482 76.76712 18.786139 62.620895 50.1724 55.96772 99.70091 60.89366 15.4858 25.962597 1.4715493
297 42.7628 68.75595 64.30306 15.918911 62.644325 36.760593 64.234024 32.76596 11.899078 84.583176 89.569885 9.905344 19.969797 73.7677 72.80642 43.25268 38.692467 88.41782 7.026309
298 55.02297 96.139305 80.60483 23.886187 37.18604 17.114527 39.991234 35.84996 76.14445 69.21973 42.926216 5.641741 66.914536 8.6737995 99.54031 95.98016 42.174244 85.31757 42.48459
299 30.933708 80.67567 77.021614 94.662506 51.177025 78.22658 79.67621 5.142021 80.06614 15.554869 88.766495 49.773388 98.38329 14.027458 94.97694 86.05187 91.99061 50.858395 41.145046
300 18.441158 29.197973 98.87831 77.07169 41.514023 10.680098 46.231606 17.138052 62.485092 33.117783 42.913322 82.37891 73.431984 13.799704 63.561504 61.68731 15.963757 34.175735 89.40195
301 88.30293 9.350938 99.33645 12.034214 18.860006 57.0418 52.703304 83.492836 58.29156 98.73154 82.510544 61.675102 69.12381 86.21249 62.165707 79.064735 76.52476 64.41529 60.075645
302 42.281384 58.337242 75.4665 67.36717 17.244667 33.731907 47.162907 32.02588 81.86405 15.62649 9.735632 64.79589 17.67289 15.263653 20.69788 31.762386 41.54793 16.01094 89.30348
303 58.475983 46.739113 15.298301 34.863323 4.9324274 72.33577 55.456345 99.86342 95.41642 65.78357 76.94172 65.30093 94.43933 53.224266 70.97586 85.517365 53.594482 16.651367 36.983604
304 9.486568 34.53141 69.86705 56.46559 79.24734 62.384148 72.00787 36.201668 71.00798 30.413496 58.31143 96.15261 55.254757 60.437195 63.467556 41.35965 16.645617 1.4846504 69.29312
305 61.850105 68.05111 99.24778 1.8581092 13.423407 74.11871 96.09087 5.15483 97.65533 34.296505 81.97856 20.836437 48.023712 62.28414 43.591724 43.661873 46.292686 95.12129 86.59938
306 7.592267 8.823019 10.126734 95.57503 90.81985 54.99571 69.02879 59.9871 32.52004 72.19752 26.055151 22.213852 98.256584 35.637844 68.46589 85.35764 53.509026 2.524531 24.818552
307 72.04522 39.812416 43.763733 6.761175 19.249308 49.89626 81.36949 5.7847977 73.860146 66.69013 84.23869 66.36883 66.24875 36.1463 20.995266 3.371799 57.929665 50.84766 47.42586
308 34.219612 9.748864 15.9666 2.8708696 98.09954 0.451833 82.273895 29.116589 35.4686 45.25038 63.836426 95.23531 85.03083 49.88963 7.3698225 89.88129 13.042712 69.06676 62.82218
309 20.276207 45.29478 76.78009 82.86441 65.07416 7.129139 59.764378 85.071236 61.11182 55.93788 99.629906 72.52646 45.41685 86.10928 52.26803 74.52108 21.519035 3.523004 78.6731
310 32.39094 9.902268 68.43102 45.28393 80.13002 77.22864 37.697838 36.55136 14.300144 7.7013016 53.525265 1.5406847 92.33024 86.61322 12.379712 60.38795 67.267105 53.821682 49.11124
311 97.32065 55.42357 60.722004 14.254779 63.261105 31.500805 24.45944 42.098236 52.85244 64.284904 27.870613 70.96514 34.743042 0.8896351 12.299931 10.779476 28.35738 5.007434 66.372894
312 64.65841 89.95599 76.32169 29.466856 17.12762 1.8909156 66.01895 20.505726 50.499924 34.50656 44.427418 26.384003 49.739178 54.592175 28.717422 59.426636 94.29854 98.69506 94.16228
313 28.505838 10.338646 76.55287 44.818954 86.517975 98.57288 58.556717 27.103985 79.68964 49.74151 72.23923 21.380638 57.51041 82.18562 53.576416 26.421076 20.92306 62.788246 88.248215
314 63.855343 19.742113 15.098977 31.32931 24.176455 26.187622 46.000225 8.1523 72.55501 42.03931 86.85572 97.834366 46.961582 63.429768 6.571025 59.28423 48.543644 64.9575 5.06559
315 29.06828 25.814236 47.92792 86.79573 54.536247 41.250526 64.501526 78.47765 3.872341 27.954418 7.7849445 34.15336 48.59582 61.988987 88.9469 38.14529 51.394875 5.080432 86.84214
316 3.9963186 22.512352 95.0853 98.01328 89.740845 67.247185 55.798824 69.002205 29.163855 23.087358 61.46701 6.3952684 70.253174 41.711014 68.219185 19.764942 28.824795 74.303 28.329546
317 9.534258 3.1017303 60.620544 42.82664 5.720985 57.46817 46.8516 12.894219 48.519356 7.1268916 84.95256 95.45206 70.81518 14.198578 18.801409 98.29069 53.13394 16.966898 88.69287
318 5.4918647 19.382668 42.356415 85.53158 65.241035 87.31855 15.007484 36.207996 5.4865656 80.27717 49.971424 80.29194 44.49255 9.699667 58.39123 10.135704 4.7489347 3.8522542 72.67124
319 48.090816 11.840505 53.337746 8.49927 58.7183 1.9399941 74.122925 82.40491 75.08673 80.10195 23.476965 34.86896 17.537998 69.32287 2.126217 17.704683 13.257706 90.546005 9.8328
320 70.68668 74.77343 84.88162 3.3158004 74.19767 55.844162 70.0557 10.832757 42.795925 91.381805 47.574337 51.76718 47.691982 12.909532 99.69086 71.22916 85.586426 58.02127 35.696472
321 47.03632 66.400795 8.334857 35.34118 41.632088 75.18105 69.06325 58.6629 25.70601 83.73041 69.66182 31.80309 78.764336 88.01285 20.704508 8.473742 98.97072 28.547186 10.420799
322 47.88356 18.619055 96.185295 94.97424 38.7114 0.05196929 25.951267 10.92866 52.028473 71.20493 60.934933 74.341095 86.12299 80.80285 8.323216 88.01325 5.4929075 5.192441 75.06601
323 42.66067 2.6747167 5.551529 33.77325 6.719571 73.21493 13.528609 35.402657 67.36399 84.42127 52.050114 17.11074 27.774984 1.3242066 76.96682 97.10502 25.072527 67.616035 44.33657
324 57.065136 3.438592 4.611397 71.46186 73.121254 28.23571 12.194222 10.383969 12.727606 31.332619 27.303387 97.5096 94.09848 33.921803 8.093632 78.602394 42.046112 50.951164 76.13443
325 44.76413 36.751175 67.55337 20.834415 1.5757203 65.69475 20.764488 75.97262 43.64482 61.986553 74.1636 39.361458 22.85639 60.751694 45.184494 65.155396 97.14883 78.01207 17.659855
326 1.3599157 83.20816 20.358044 30.129862 30.20789 30.714167 58.201157 84.61623 49.086517 96.37784 37.89353 33.526947 77.7617 45.732002 98.66883 13.276667 12.216276 11.293697 87.19301
327 42.80498 55.262035 13.185846 96.30986 60.735767 23.286247 17.529518 73.94106 55.29219 61.444916 97.899185 64.477806 41.67418 46.025066 43.93962 27.62049 59.39163 32.58629 61.002083
328 80.534004 20.560884 37.188965 46.56177 88.25326 14.513606 51.169044 48.481075 77.17144 15.894831 68.48204 81.201096 17.661488 5.963874 99.88357 37.05569 47.719257 79.84332 6.720561
329 8.549619 31.088531 7.3347034 75.77212 75.12872 34.559242 49.544952 87.608116 85.262535 1.7591834 17.418486 86.84659 26.186455 9.336668 27.379942 21.320517 53.10352 38.32091 51.26105
330 76.654076 94.77874 33.823437 36.67081 36.556236 50.087975 73.096344 55.694836 61.03385 91.0879 11.092377 16.561687 3.7904203 32.49449 27.690739 88.53943 15.704179 69.09928 98.08727
331 65.23447 78.17729 14.681042 41.73619 47.62973 23.336739 55.5151 52.724045 14.155304 67.87805 4.8341274 60.41777 60.929825 74.42107 71.80733 31.334156 17.705196 64.54818 39.095177
332 76.91494 52.212925 17.490833 40.184086 35.56226 72.33328 69.3002 93.95018 17.005085 78.13586 71.17855 55.747955 31.755775 37.281948 9.665119 87.33475 34.814 92.00885 43.08446
333 1.7536402 30.434889 14.967764 70.90733 62.598324 61.06171 27.15925 48.59029 82.62617 18.607271 63.262547 58.50548 86.28763 8.140087 8.510309 86.51775 50.279842 83.49259 54.203957
334 67.69319 80.65075 89.97219 94.84404 7.926464 3.2819629 52.647625 64.07524 60.660995 54.829918 58.841312 26.189554 9.365249 45.53429 2.5336325 78.32874 42.352573 94.90212 96.241234
335 0.8760989 92.535576 1.399225 55.243385 21.488268 81.74575 22.243382 20.287354 35.01265 58.595158 97.57634 91.40604 76.950066 47.090256 32.133694 88.34151 63.503582 47.2245 38.53909
336 56.213814 44.51297 10.781908 80.08629 80.24193 26.182467 88.098495 21.970219 25.065285 94.50271 32.38427 92.076004 44.892685 45.24396 5.5499372 63.388397 25.495684 16.516186 46.766354
337 36.658215 80.95553 40.87612 5.9810996 25.03749 82.86569 28.096176 68.4067 11.910952 1.0000527 50.843292 81.97431 73.11382 68.705696 4.0574493 72.62134 68.199486 97.706764 16.742432
338 87.07174 19.535553 82.66345 10.720163 29.805023 8.953768 90.58049 74.753204 70.83936 39.71242 91.67878 80.96672 49.732346 85.96585 82.1202 41.924984 15.09943 96.152794 83.30971
339 45.823383 39.5472 33.15555 93.50429 20.391481 79.11044 39.24905 64.06036 46.17814 91.276184 63.31906 81.589005 51.37647 43.99302 1.2110233 48.11151 84.28128 92.533585 86.06697
340 61.380623 38.451565 44.84471 46.87143 37.030636 38.835632 97.5425 91.97387 71.130455 25.229883 92.75625 95.965775 86.839005 59.768272 4.678851 87.903854 20.81508 56.526863 18.336313
341 85.493416 95.23916 79.185745 61.451878 61.542213 59.002365 73.9923 13.371372 97.895195 18.85687 23.550188 58.16697 99.35505 77.967125 97.31534 7.8917265 41.037075 48.02763 88.77352
342 77.47349 81.51514 52.408714 20.326687 96.18445 29.36802 24.958103 44.71248 38.58242 29.773516 73.235825 7.670063 17.188293 82.12429 90.01929 68.45698 12.145644 89.82303 94.62245
343 12.187565 2.2254527 24.081367 80.4784 66.839836 84.62074 88.390976 59.90181 45.76128 26.169199 47.108356 86.15273 37.755787 19.402153 17.114943 9.853679 27.076 36.91637 66.658905
344 87.2691 37.1629 96.081604 60.196938 5.5536866 98.61578 92.4279 86.33639 61.238583 64.04987 8.907801 0.8974552 17.191326 52.179615 4.620278 65.80007 47.106953 49.187542 70.84737
345 13.122618 40.127014 27.299006 75.03523 72.533 99.11685 35.143356 0.6059289 68.67378 99.94643 50.16327 8.4846735 86.37091 44.118755 64.822525 66.550514 68.170456 99.38394 62.005604
346 7.7621818 17.195957 81.49337 53.7098 23.68129 34.223835 41.72513 45.375942 85.0321 90.8272 28.799015 7.021064 7.6327443 89.129715 37.661587 94.32412 73.65165 55.89448 21.533234
347 57.133953 43.141384 76.16566 65.55959 90.239555 87.9512 65.36053 21.198738 38.951874 83.49924 73.51907 8.717471 38.941338 57.89212 90.36066 72.289474 91.26607 22.219234 92.93909
348 37.42482 96.58526 60.541374 31.157774 75.8635 70.71543 8.470821 51.39643 38.499863 62.05193 80.94651 0.26475787 15.045059 91.60401 53.8009 53.3521 20.469696 41.702877 61.264072
349 66.16487 76.098946 59.62106 39.23753 23.67692 38.67139 98.73909 38.88926 62.56502 57.64634 50.419132 19.080698 86.83051 91.29012 83.86915 31.853926 87.74529 50.141674 95.040306
350 70.51637 96.59956 34.713894 6.591755 2.9047668 41.322483 97.9061 73.34124 56.64742 82.511765 54.572643 47.12024 22.442848 71.62386 26.813972 83.85253 54.616653 93.9832 7.4427547
351 27.82393 54.900402 35.87155 32.154293 53.918488 50.20451 91.323204 17.436481 60.034416 13.150144 7.5067577 73.24013 77.497986 15.615863 53.912395 71.75872 57.16195 61.187042 0.23693442
352 14.014572 19.667768 68.127426 50.185703 9.802235 58.290226 96.59185 16.768002 82.202736 6.654352 53.849293 41.493874 41.465443 37.76512 11.180449 71.68746 93.48489 28.13112 13.061274
353 72.48311 62.115253 85.76601 10.762369 82.59332 1.7169893 14.552051 61.416477 34.324146 53.980793 32.44545 73.0765 71.31757 91.40003 16.453964 64.76191 73.938194 76.75193 53.94626
354 36.741566 67.97187 24.40114 4.9441814 94.40765 62.30893 53.77011 42.45206 43.453373 64.54698 89.35447 33.000618 24.38345 28.035719 54.436947 44.400536 0.680393 21.92651 79.22119
355 45.74662 72.553246 8.475041 58.32952 71.085976 92.753914 94.429184 40.163467 4.522836 93.41559 70.13325 61.99964 64.10047 44.518238 99.37318 93.187996 94.36384 1.9996464 2.4152815
356 55.547363 54.41079 33.60126 25.6594 28.94072 17.396921 45.473583 94.40035 52.797623 88.34054 54.88507 45.00011 15.58488 35.716248 41.914284 63.007057 6.2719765 6.324935 63.900787
357 62.17267 39.870476 16.445087 74.14419 12.72673 76.135704 51.028217 64.641525 16.557425 22.303915 48.984493 60.623203 72.04527 50.913906 50.26116 61.6816 26.222588 8.752471 49.856655
358 25.090658 69.740074 37.0084 67.1092 66.510056 47.9477 42.868935 44.086445 51.984215 85.43019 43.91063 34.778828 33.63064 11.831445 66.39759 13.724762 45.619835 33.074062 92.49394
359 96.89316 3.250295 77.50827 77.72346 33.902508 7.6987505 13.5508175 64.88197 55.314613 44.27254 50.502277 2.9525578 74.71413 9.914583 3.02729 96.12811 87.045845 23.831684 91.87575
360 98.36163 33.264797 66.26564 27.504486 80.30433 29.35736 77.74838 52.083515 8.231688 74.37557 3.1346023 10.753643 26.585882 48.01305 20.056593 60.82344 47.88032 0.7258892 84.27974
361 72.79322 54.531788 97.31256 9.14641 8.676881 68.13381 43.622925 72.58878 99.12486 61.999077 52.642014 83.08696 63.46236 84.53043 64.122734 0.7787943 97.13757 33.992325 46.322174
362 87.33789 74.47909 22.222584 80.88781 79.182205 5.4057837 86.2381 65.76608 44.32766 31.196291 35.84571 95.95134 90.34138 24.048496 53.387173 79.305435 56.271267 59.447987 12.5482025
363 72.468155 7.3409376 89.88297 38.485954 39.51805 90.11967 57.82171 55.926903 29.56791 25.639301 28.79789 37.72145 76.48616 66.677605 99.683876 78.78872 58.585854 16.617744 79.58736
364 42.432617 34.137905 64.69614 52.16304 3.4597754 32.231976 95.14742 98.42846 98.99428 21.672333 55.14064 92.41643 79.78908 73.66929 43.18182 21.2515 76.41782 49.040543 0.8546233
365 33.633995 83.04469 76.00723 46.714066 82.44352 51.376404 90.553444 92.48434 8.488035 46.57595 14.376378 84.39567 62.642036 70.85056 73.909225 42.79837 96.11553 17.416245 72.53566
366 52.69516 65.81733 93.703476 23.281311 28.431332 20.224047 96.92655 13.873661 24.68229 6.4080954 44.23325 94.58016 50.60004 90.54109 43.130768 62.70051 17.355257 20.966637 33.113182
367 28.599972 84.48514 7.5806675 66.56951 25.88715 85.885765 5.5861235 14.118796 13.484073 0.7408023 1.5797257 47.300114 77.19393 72.23845 20.324003 48.654278 91.79027 71.989426 30.461002
368 37.09598 47.04055 10.328377 94.90186 44.328617 69.41024 22.178019 18.807787 87.94962 9.004664 30.212456 16.153599 18.695635 83.694725 37.31737 80.08999 65.65906 30.996424 9.767371
369 77.010086 14.759803 66.35866 32.394592 27.759731 65.5785 63.8416 93.88891 19.24998 60.963524 93.08846 61.14432 47.33876 46.539627 72.915955 38.454525 7.812655 25.109482 46.24599
370 62.883175 71.248695 38.50074 79.50868 39.12294 33.160656 59.03513 29.661554 63.756798 70.88912 59.656864 67.75298 73.50163 49.995636 68.84459 65.23087 88.51826 56.34751 99.544624
371 30.246925 19.295288 25.572855 74.11656 69.87871 93.351 53.128708 86.10137 70.89788 10.754955 88.92599 38.745094 58.424282 0.26937127 7.420725 56.68909 57.059063 61.080013 43.50528
372 65.93335 42.98166 99.27392 56.66751 95.76916 14.686841 9.381932 30.048496 50.348824 2.7504385 85.708466 90.59823 85.21488 90.03246 47.400864 3.945452 71.561646 79.400116 17.160303
373 19.366354 37.174614 59.29238 43.373096 21.923601 94.62606 12.72409 6.7645845 60.081226 43.94881 53.67602 8.279562 16.573126 16.02822 68.83668 17.918331 50.767952 84.520515 81.51049
374 43.16243 74.04673 56.21198 28.909588 89.17901 1.6711056 73.17909 71.286514 65.27902 20.210642 53.50739 0.29152036 97.51745 97.82119 22.103262 29.960161 35.569244 63.58966 58.525078
375 83.82754 63.113922 73.91176 16.819971 9.3602 0.24467707 39.6406 62.94295 81.29238 9.531241 92.78924 71.131454 0.21088123 15.264726 50.204765 22.099709 55.07452 19.367826 72.23611
376 36.403793 28.065168 44.046986 94.43169 46.923374 58.595486 67.38858 21.232145 89.03587 8.353764 5.9662523 43.032516 47.46086 40.421616 70.6507 66.50743 9.478492 28.790092 6.028384
377 16.413094 7.6382103 87.62304 68.28616 72.95448 96.34913 66.53189 94.56264 89.053 58.869286 14.657325 32.37219 87.34604 29.988783 14.785051 89.85759 57.4383 98.74394 22.902966
378 15.715509 63.808727 11.232889 88.94548 46.37339 76.92214 70.26513 52.940453 62.395733 61.631966 53.21916 5.910015 66.494576 94.07879 76.96743 26.776379 42.557655 41.244995 96.73111
379 81.84756 34.74514 75.43303 59.73815 30.42866 24.212015 22.574394 52.876663 73.506615 99.96925 60.88827 2.2749782 18.6386 61.69852 11.497706 50.827015 96.04578 43.18834 50.74322
380 63.852745 32.94827 62.98465 44.738262 82.89181 86.40879 46.676983 68.87815 60.43522 11.979169 96.11823 51.29984 94.382355 45.42585 23.257393 31.508505 28.155691 38.47096 8.921308
381 79.41882 61.515553 84.10809 73.89406 90.84474 6.8039417 11.486602 65.40736 92.015465 37.036724 20.012463 16.377281 16.06378 75.19503 54.162945 47.423435 90.754715 20.290588 18.088991
382 68.21632 20.188963 55.158924 67.48344 30.663372 89.080986 26.145273 47.083073 72.8199 40.791656 76.37799 18.772327 20.467669 17.970163 85.47498 27.35011 29.623926 34.86908 60.41297
383 9.957277 24.720293 14.645994 8.832878 78.850365 26.033115 53.8195 38.9961 5.120182 48.672028 14.137024 84.496376 39.1268 71.875534 23.127085 69.03328 9.453326 19.664711 36.304085
384 62.242878 10.228926 5.5258036 63.18537 44.745808 82.46102 88.500046 36.847145 95.0148 10.83082 74.93494 52.629448 35.995125 37.094204 8.591354 69.804474 72.058495 55.20173 96.51183
385 53.613663 1.0724008 23.478329 64.056046 91.18579 79.172295 54.222576 60.133232 89.66276 32.09823 20.992535 3.5512567 18.634914 64.37513 35.30217 79.516304 91.040955 91.665695 65.6806
386 37.92448 50.396717 70.60734 7.8317823 83.76981 0.024908781 90.4737 21.321987 76.64567 38.36653 21.001595 58.727158 8.146977 59.032696 37.43536 61.96382 10.506696 4.629546 6.8124
387 48.641945 69.85512 88.25255 66.10983 71.31242 96.21884 88.651375 33.268387 93.59693 8.234197 96.231476 4.294157 80.10564 62.308067 13.159979 24.41256 59.054405 27.698433 56.825203
388 7.2247863 56.434677 35.102875 60.763023 74.42124 63.877262 6.542259 28.977322 19.07714 35.95722 78.62872 60.47359 59.943424 90.14758 25.043695 91.98697 62.31434 29.040735 52.86761
389 93.571175 95.67793 21.479595 22.255533 18.240786 79.92498 70.0981 21.110989 41.60375 23.706448 87.24699 12.45659 7.8261614 71.70281 80.724785 79.02879 15.840572 76.02661 73.05485
390 79.442276 65.0094 72.45953 2.719909 35.59657 27.114326 39.279724 68.82162 19.665968 5.2536783 17.425316 19.670916 49.16768 77.74512 80.84367 64.996376 23.69942 43.26811 28.079737
391 26.504374 10.746736 83.11777 66.262474 74.72246 69.56275 27.520699 30.269331 25.252945 70.915054 59.48763 9.409327 55.16783 51.18137 54.71433 85.706 22.261417 26.878565 46.719265
392 48.831272 24.778605 80.55938 18.916273 77.80398 77.15211 21.75293 69.91599 36.398994 24.87148 83.21593 24.34827 43.301285 7.0928516 59.47036 82.27749 57.686172 53.766678 53.013058
393 18.285482 82.22484 81.25819 5.5869937 73.02622 77.42873 9.572649 44.710587 81.0791 10.496771 49.84733 26.789362 68.87268 17.964851 13.769197 60.415775 44.008797 41.84262 39.61972
394 20.04289 5.24314 33.732628 51.895874 29.552132 92.48761 98.650536 13.632196 96.09495 94.37256 40.70288 59.937412 91.05436 52.083206 55.04378 36.708862 11.43958 71.36927 96.05048
395 5.408412 61.202824 47.88599 9.667134 10.147852 87.87037 56.486847 0.4183054 60.6744 10.843557 73.9458 70.55113 39.26664 19.392746 32.09258 12.803775 42.70674 81.69627 8.815408
396 9.9062805 75.61022 42.536163 96.20085 26.39857 98.253876 43.035423 65.68044 12.812674 31.994116 38.00152 20.943611 52.638115 46.321636 27.236002 71.12184 0.50883293 3.02701 39.09841
397 13.978922 0.26797652 50.890453 85.50795 25.24805 56.346695 36.355103 45.57153 53.59282 16.410261 85.957504 73.600044 7.7510414 20.468092 90.59335 80.18491 44.128185 77.41382 72.27695
398 11.336267 59.381233 47.871315 84.75612 79.82747 17.378532 78.69783 10.581571 59.55445 86.403 43.774582 90.97245 82.92245 87.71345 74.84921 9.604341 23.34937 6.783861 0.04656911
399 47.36913 60.568344 53.956276 63.90987 8.878506 21.47904 81.18672 56.96246 71.226814 40.108173 29.413622 93.090904 26.080006 58.375584 49.27617 5.6571603 33.86277 86.71836 72.96006
400 87.07635 16.586203 97.40839 22.41587 28.385681 18.165863 41.128433 88.710495 64.630035 18.959934 61.87993 67.526054 46.06402 17.307615 59.726818 59.566277 14.394766 74.22827 83.69125
401 53.685844 5.55197 48.8753 67.0779 80.80041 46.57404 49.11037 78.69634 23.00719 92.7528 52.521152 10.269875 63.850765 23.611921 63.75887 52.4715 90.37308 1.8428326 11.194068
402 99.53236 87.6194 0.037908554 23.11476 30.558098 72.82455 25.80738 86.11808 30.207575 84.82975 69.31907 77.63549 63.193745 98.696976 58.94764 83.9044 7.428116 64.37257 23.862701
403 93.94137 76.129425 49.04799 18.13658 80.53154 36.749012 87.07524 83.23846 98.83546 26.336693 39.485294 96.33998 11.40067 1.5013099 31.95815 35.239685 71.187386 74.24143 59.194553
404 59.282185 99.27097 20.77893 12.795496 64.57953 95.3315 2.5774717 45.783478 84.12436 32.602577 70.74006 30.677063 14.81809 56.915047 96.03554 89.500015 17.63633 25.682062 56.29882
405 77.271225 40.542763 57.54229 45.58993 28.44864 0.58135986 88.87839 40.302746 35.6184 58.874596 48.095417 56.71748 17.62042 64.896515 12.474644 72.93564 60.53811 2.0493627 32.273453
406 21.680159 28.868753 60.739483 20.743782 15.355486 59.111637 6.122756 71.67548 62.62507 66.40414 11.586213 84.28395 18.471241 33.206303 44.774933 31.664598 64.46221 62.94775 27.301634
407 88.10198 0.2818644 90.636086 31.740421 43.284153 94.31276 55.37509 27.469372 40.530968 63.345783 79.3075 70.56517 20.658184 47.777355 25.497091 40.25454 73.790726 7.718152 49.578243
408 26.19329 65.59278 71.35622 31.567877 45.68674 30.84749 24.088032 4.0602503 29.311836 11.505633 85.0597 49.174454 26.48914 55.201817 96.86708 51.227684 1.4327705 7.345855 69.57995
409 86.35518 74.44229 0.3315091 7.625842 39.444077 6.367004 18.826538 88.351616 37.110172 75.76004 53.73873 5.5433035 11.402101 92.04618 29.07756 86.41117 89.908356 65.06785 26.89851
410 3.4298956 85.473045 85.57377 53.736378 45.171883 13.362056 94.3123 96.878044 65.403656 40.0921 43.937515 46.52961 75.063065 99.93167 10.293942 97.99439 75.443794 50.0595 42.99156
411 60.558487 96.43975 60.339176 72.50346 52.600227 14.815396 99.51642 8.116794 47.786247 93.25043 26.310783 71.55515 98.93555 30.753666 75.35841 51.394157 24.635918 23.65802 37.33529
412 27.749163 20.95542 48.81545 26.978165 82.17628 5.1418486 37.14094 58.316265 59.157967 10.141778 66.95042 63.483143 0.6185055 4.7587337 78.55829 99.312515 9.120303 92.529884 70.6139
413 47.912693 67.03144 47.716843 56.24522 86.0026 14.139318 35.52764 25.137669 39.483093 63.8425 68.722435 13.411533 60.075848 74.91998 8.578706 34.094757 29.517769 31.505114 85.83752
414 69.94865 72.44337 65.64391 9.317923 0.538677 14.474064 64.86988 35.533077 95.20699 68.97922 79.568275 82.590355 91.767204 50.356644 2.3326218 3.195393 31.388145 58.44327 62.64851
415 53.552715 87.65515 36.81167 26.50029 52.77479 11.902678 95.30358 31.123018 68.04878 87.62034 86.324615 22.1663 57.801777 9.37717 6.367588 3.8612366 83.54792 61.931263 44.198727
416 5.0626936 62.65526 3.9505064 39.447887 5.764675 82.158646 59.3347 38.369793 43.157356 57.753056 84.081795 14.729654 14.624042 83.576614 24.87589 54.61703 41.19022 35.244774 79.29922
417 15.07327 30.573458 20.299292 39.303516 52.358593 48.693233 2.8224587 77.15119 60.17704 44.64652 0.037032366 64.59623 58.974247 81.91461 72.42457 95.078186 71.34135 70.92682 20.973116
418 68.91696 6.476659 20.868666 7.8938246 62.005608 48.517044 85.399086 24.372751 8.695912 3.3565044 54.15837 11.059946 14.1653 49.38708 83.84538 66.01396 65.56242 66.55579 96.268456
419 49.25304 24.984915 81.42211 30.993753 63.01066 71.49077 73.77733 94.70274 78.913956 69.84197 92.16688 23.615582 25.821102 6.794029 34.71756 77.64017 99.75281 73.06084 70.4558
420 31.380552 16.582405 22.4953 21.313555 66.709625 81.81712 96.73844 51.822598 11.016923 84.384544 21.124374 41.724133 94.03481 43.866276 8.816123 55.05996 11.68775 15.69491 28.1331
421 90.51878 17.875607 25.608898 11.272467 63.702034 2.4821758 3.8671553 99.891846 58.42707 26.993757 88.64523 18.393576 6.1436415 56.534046 85.515594 43.624187 39.005123 60.296154 1.366502
422 49.784607 81.176506 20.518547 13.509363 69.65635 26.704615 45.35976 11.59848 43.11828 21.91456 83.14071 36.437862 57.002537 61.08369 77.11818 87.43674 97.57308 90.39621 31.717926
423 32.621925 89.57684 35.278095 16.290527 11.50598 30.495983 47.5935 52.072006 3.0926347 12.216825 53.354633 86.05904 46.78636 67.03148 49.123913 83.68443 62.432514 63.223614 90.798195
424 85.052734 53.184414 85.290825 75.65246 89.43186 78.97136 63.267582 85.13721 14.870101 23.186768 8.092326 18.787687 37.20724 6.551647 79.278564 59.59153 41.174667 22.2198 66.38559
425 8.217085 19.344944 18.92627 36.3338 61.63057 68.82304 64.74844 59.17975 83.89323 55.00698 4.823661 20.576477 80.458305 13.535708 30.682772 0.12750626 88.274055 30.550312 6.8134785
426 1.8422306 92.695946 95.29695 28.320927 71.874214 77.93642 33.383686 90.32828 5.9405384 73.91161 61.970596 39.84214 5.8627725 31.324 25.935762 10.544461 83.43237 5.150694 75.54444
427 43.273914 67.492645 59.956764 88.09448 4.2984724 54.26515 98.248985 57.96684 90.892365 54.362946 14.120608 28.840918 71.81167 55.77038 61.46503 98.71474 38.17503 8.7868395 10.872353
428 30.78919 28.720219 85.299164 27.84685 72.033165 59.710587 4.8462925 2.1365345 44.957287 2.7538002 8.164942 72.75191 98.21209 58.87999 94.963524 43.73688 97.33185 21.379698 96.582726
429 54.068584 10.317272 76.65883 91.297226 22.396772 3.6533594 86.826416 75.938324 18.940771 55.467426 31.550735 13.228989 47.059464 14.33639 63.123714 80.99076 34.176582 68.05101 77.44695
430 53.787 13.320041 27.552855 6.143504 66.50561 14.02573 1.2015045 49.11716 5.061573 5.3278027 15.244532 52.098816 74.33631 38.639225 92.401 76.07207 35.498684 8.2088585 4.1943073
431 42.5556 32.115406 79.27891 69.25763 84.69808 30.41498 65.875336 42.27405 4.734832 47.486794 72.22318 72.30302 75.84996 91.15967 34.028965 58.60005 24.73011 66.20493 12.319374
432 83.0821 60.497047 38.055706 46.233047 95.56552 48.23839 82.4463 69.26176 97.85796 59.554214 77.58476 32.118614 50.582737 18.499464 25.32285 64.92856 79.930435 25.688637 75.23756
433 1.1064351 15.855682 14.362097 96.85713 88.489876 56.867928 24.678581 22.032946 32.46848 45.61757 82.74272 3.5727322 67.50249 2.877617 21.81086 94.9165 93.11846 12.005514 69.214966
434 6.3736496 57.836376 61.090122 54.83831 89.08105 38.21271 33.108307 38.066208 11.5305605 63.031746 15.710342 39.179302 43.708908 36.458916 69.71122 38.87973 39.361507 44.56417 19.787043
435 43.32599 91.71738 1.9717813 90.875206 20.548927 36.58905 38.49951 20.779573 92.83856 38.796318 7.5809183 2.7261436 15.602648 43.375492 51.148926 3.1508267 9.83755 17.358398 0.6878257
436 19.69297 17.818201 86.68224 66.588554 84.89131 71.56675 66.97988 42.08517 32.921852 54.321503 47.869064 62.28694 63.180084 76.38411 64.49168 40.592957 96.70695 9.721333 44.34326
437 95.587616 3.3139288 38.448532 64.08754 61.932594 10.516399 94.29728 72.58866 93.42274 4.5871615 93.40516 10.648173 48.951347 21.555584 60.85881 83.04849 50.38792 56.979973 86.53243
438 57.937218 2.1259189 10.797996 65.61529 96.106026 16.187107 23.314142 32.098854 57.40698 34.215523 54.027252 37.244694 22.801256 32.460358 42.9608 78.08797 83.0589 31.00093 68.672134
439 65.32126 23.941486 61.13615 55.23551 83.984924 23.135662 21.237696 67.07975 44.359886 26.908094 31.704039 83.291916 20.978283 0.37901402 83.26794 37.36035 12.958116 20.731527 23.181963
440 2.6257992 33.715916 79.169334 93.17656 64.050354 8.863735 66.90081 88.05682 42.22737 60.66386 80.06998 49.944138 82.578705 20.268959 95.89363 20.10563 30.970198 96.15232 50.13156
441 96.7403 33.884735 51.22984 7.5574102 65.7584 7.0011497 91.353 30.76824 94.317444 48.524124 34.83197 57.241524 79.5431 53.696323 33.717243 24.100245 92.40648 43.212776 21.571487
442 88.97501 28.156572 12.1738615 14.814579 83.36379 88.082436 56.996735 42.392807 72.00409 54.83455 47.405273 95.04627 43.321617 56.25919 89.09947 95.92238 7.647914 25.947453 12.642658
443 0.3689289 62.564396 86.78907 25.986332 37.660145 99.70086 95.12799 65.18003 40.948097 71.1754 65.08444 61.29895 55.238384 23.503881 36.740036 35.392685 24.572134 4.437542 88.744774
444 19.051022 98.329956 86.32735 20.12754 40.549423 48.69157 56.094383 21.364147 87.83981 94.38581 44.85184 18.835896 65.06808 94.10969 3.1333327 46.510494 61.81629 22.104221 34.30342
445 74.87718 99.68573 10.63478 38.14145 99.80937 62.76993 33.381878 68.19405 67.11463 43.440674 80.41499 94.991425 25.131357 86.92253 11.469591 87.63756 64.97052 24.41401 68.21183
446 68.94713 22.073608 79.88875 28.153044 74.85594 83.91558 87.85454 19.528263 13.235122 26.242643 93.74917 16.001724 96.76049 97.57712 33.611362 47.2929 40.710987 91.28656 21.295273
447 3.0767322 11.386633 2.8065324 58.72447 55.711617 71.45568 22.191584 34.243565 66.96088 52.480965 78.67629 75.57421 85.93318 44.969784 43.049084 74.57988 52.572166 5.6834164 28.130043
448 31.16657 32.335823 59.090145 69.31562 61.182713 63.94435 3.517139 41.888557 48.931683 70.526405 6.8356094 94.53 77.48801 84.005905 95.79317 78.21795 50.83902 58.5545 57.095604
449 94.51783 0.19599795 98.3615 97.056366 9.295834 94.68331 21.3785 65.40715 98.30525 13.883948 99.17766 73.34391 45.16469 79.07119 5.2811565 7.0232096 74.28012 31.87703 23.496836
450 6.796789 9.640652 26.939106 93.71708 96.05712 32.58023 9.842753 36.6521 68.55968 9.050142 57.359196 8.984965 91.69486 50.254684 95.31269 5.926883 37.923725 4.2951765 94.94012
451 85.152306 95.29911 84.43567 3.69851 22.202229 28.811668 69.50253 46.30607 86.82069 10.685897 50.5746 49.357605 18.056465 23.473913 96.390656 93.9377 65.604805 73.93683 7.737899
452 88.87695 99.62991 67.65896 82.49203 19.08456 91.60848 58.816772 11.023897 52.98201 56.53995 51.540955 23.497868 67.509476 70.71627 29.199017 62.35407 53.340733 39.229298 86.331825
453 15.245676 14.5008745 60.179173 40.85691 15.207994 51.02134 96.35319 87.77481 59.24922 68.89026 24.758339 91.56302 66.31286 64.47524 46.15861 94.61083 57.174366 79.73724 33.60065
454 80.64383 97.86492 76.65544 15.281611 82.62874 74.293144 73.895935 84.05537 66.97023 17.5514 73.24333 15.986079 83.05479 49.702282 57.851685 52.800976 7.8206778 80.458084 6.945759
455 48.590363 77.80656 31.971354 63.018524 16.936796 20.13651 66.88899 36.436916 9.675521 23.530674 22.889645 0.11290908 58.103836 30.3953 33.19111 32.758392 58.64178 51.363556 19.109673
456 15.270525 61.234623 69.660706 48.86831 80.8536 45.27728 99.998764 51.739265 8.248562 46.19199 26.323975 82.58548 29.401361 29.226135 65.91406 37.312977 81.35657 25.341719 90.63436
457 2.1045685 58.226543 28.590084 96.50594 70.07754 36.68493 63.014347 12.322914 8.76149 39.304054 19.371069 9.3988 5.1549315 28.750689 23.846508 45.455807 35.78344 64.73558 70.05947
458 94.34042 4.9005804 9.85623 36.152195 73.11072 1.5632391 3.0670464 36.395435 42.865242 46.653122 76.25719 63.759758 88.55169 23.94827 23.927736 60.17848 55.300945 19.076008 34.661602
459 75.160355 59.284775 69.66821 0.2104342 12.973129 94.71398 66.42021 60.63327 22.348946 15.709138 34.21719 56.875378 0.6560385 93.033646 75.29112 13.147915 93.398796 87.03492 21.822124
460 85.94872 97.972595 65.86432 36.88174 2.8515816 82.596016 53.7216 22.570848 88.399956 13.618935 59.389633 59.138012 85.49655 29.87033 97.89729 64.33961 35.320507 95.83755 35.29214
461 47.951233 66.58073 17.293953 11.051583 50.85123 63.18958 76.112755 97.756454 24.226261 58.39225 74.58006 61.75167 84.01144 31.000984 14.274597 80.39327 94.553154 26.462 37.798
462 35.21329 8.612394 70.638535 52.167595 40.31658 47.213875 98.852196 25.932169 31.26529 10.558832 56.12545 5.0134125 51.62534 2.384442 88.76034 48.44692 47.57843 45.963543 2.2367895
463 19.694036 51.186 5.6470213 98.59336 33.6797 80.986336 77.77552 78.45194 7.4049473 65.881386 17.305136 31.967646 72.67018 51.30821 49.045227 90.33777 14.475096 42.386078 16.499256
464 39.016403 5.942917 89.29025 27.498186 37.191063 29.623508 8.048243 8.748847 59.936684 41.79646 33.114647 14.779162 2.1323204 38.519753 14.601767 98.30084 11.88404 83.81193 46.381874
465 25.545877 68.83121 27.238167 55.2029 62.543564 85.1236 62.579216 4.554409 6.5324187 87.65718 5.0436554 99.679344 44.748753 75.77223 12.049121 96.55668 83.76906 33.28727 63.919144
466 62.899887 63.533546 84.51716 4.4549465 53.558224 97.33649 5.6659756 17.342686 6.8167806 22.688019 53.372086 59.407127 47.92417 7.348901 26.700937 64.04492 78.00287 93.392784 95.83295
467 72.549736 1.8989801 32.301926 76.19086 3.8249195 99.39984 32.355087 99.72081 67.07783 7.7965317 11.487448 92.22077 91.97553 67.513565 94.020836 46.55058 57.44967 89.30173 66.86923
468 33.62298 56.466675 54.437057 92.7737 96.439705 28.788155 26.945675 76.62926 65.090065 17.757774 77.85107 71.91151 33.371986 77.75085 29.898613 62.536396 79.13991 44.958305 81.54675
469 40.194016 52.05733 31.05818 60.93186 36.355167 13.3708 54.02791 64.034775 43.885017 94.67904 56.40455 11.731911 46.70404 56.308018 3.80525 3.4491062 52.465588 13.496095 7.137239
470 81.70698 17.088842 60.631603 73.87753 53.224003 49.574417 43.568558 96.87316 35.008305 68.27851 98.68814 14.65007 24.916576 37.23476 18.800175 83.13363 97.69554 73.75662 1.9280195
471 44.448174 32.067375 81.056694 54.04278 50.112564 9.80748 5.6736765 23.27243 31.08105 42.13559 46.857197 46.18314 19.85355 65.55667 90.541435 49.403107 36.02028 72.315186 5.019343
472 17.933548 88.39652 58.94819 8.852058 68.58075 18.192959 69.43282 7.916105 39.473183 78.864845 1.8300831 40.871258 68.83654 91.36223 34.147823 77.85287 15.138208 26.998758 96.71496
473 82.04585 1.2444854 4.1657267 85.31908 78.236786 15.034223 66.30134 27.669216 25.782894 93.47028 65.10497 11.673367 79.060074 64.745445 59.74832 79.14846 38.798542 39.906174 66.12646
474 24.803877 69.288155 80.24099 32.923138 4.864669 34.80158 26.439058 67.907906 10.04752 13.372487 49.629086 99.47386 46.602737 85.96768 70.2628 97.56059 69.93398 96.86187 18.586142
475 33.94876 46.361015 98.47707 68.13364 75.18169 68.668976 56.96481 32.088097 39.35244 4.272455 18.329472 50.081123 29.537731 15.508908 47.919643 21.497583 77.17458 9.470201 26.716877
476 29.825132 85.13351 69.903336 48.157764 3.1107962 76.17855 11.393171 30.425787 28.012938 3.017795 11.9265375 76.499405 71.94418 12.897271 4.9845457 52.057247 19.878365 35.90051 97.78871
477 48.00022 32.841522 61.56885 74.81786 77.29425 25.038635 14.503121 12.112016 66.57093 9.907871 44.15478 80.39257 22.012484 13.882547 16.53701 36.176193 21.121014 14.827746 72.118385
478 67.672844 40.72198 52.366997 82.302155 74.482994 24.731558 34.800346 60.801678 60.400684 9.643298 45.027245 31.621021 20.758175 12.241161 21.625895 14.523792 18.796032 82.66369 64.61937
479 5.670315 98.9044 90.63261 24.902487 25.934183 52.963978 36.48473 76.051865 4.2458773 84.43784 18.737173 14.343905 6.6892385 43.66096 92.46462 72.12648 14.093674 97.58585 78.02714
480 78.904594 68.18082 54.02909 26.974386 39.09676 27.162415 60.492725 84.64594 73.698654 0.8305907 12.4894085 59.52916 61.165894 28.981125 27.874744 84.32968 9.6256075 58.374077 9.1924305
481 38.521473 54.784046 96.83748 32.98571 66.50195 45.166462 39.593517 76.255875 28.07554 95.96821 85.03058 38.898308 31.578588 44.98934 74.11884 15.476763 36.357372 66.8563 90.19425
482 48.87637 46.39734 15.80469 61.20114 96.28712 15.617382 1.3202548 83.53489 9.007608 26.69149 16.336006 80.7732 71.42935 7.308298 53.70123 68.80017 31.285906 92.65555 65.32262
483 94.646866 48.15967 1.8126726 49.59332 74.89307 75.976715 53.904713 39.146996 82.35714 8.744717 31.630754 3.090465 20.26785 58.368828 93.50908 58.97972 10.947961 95.59867 19.320786
484 1.0245085 92.5925 86.91007 37.287098 16.261154 20.90497 63.61527 57.050293 61.460598 71.63494 97.24433 14.172048 74.889465 21.47559 55.080967 3.3082128 71.07948 85.92765 19.811302
485 36.21891 18.660646 27.776867 71.01273 44.14432 94.064545 34.488224 7.440728 52.698112 83.30674 39.376877 96.84577 81.24355 23.72452 23.72105 53.76645 61.726456 23.904472 55.445343
486 90.103714 77.209496 17.321432 66.59778 53.305904 95.01445 20.477057 45.104633 53.015797 9.62249 14.436209 66.312065 89.6949 26.56309 17.287891 43.272144 94.00233 59.754383 89.693085
487 59.826775 89.836914 94.52237 24.62563 22.070385 28.532255 89.26327 31.77678 28.079128 48.62106 66.9271 85.80572 95.79128 82.06319 38.75795 72.41522 89.08254 11.381978 26.65524
488 26.66452 53.43627 35.606586 15.813393 11.363238 77.76097 99.41985 98.707245 59.99776 77.01382 97.91775 26.83462 96.41158 82.0745 77.66785 93.78424 13.195854 96.06157 97.3922
489 47.10815 21.058416 48.842693 92.98927 96.14649 83.754456 49.269897 61.45723 16.446358 96.71894 94.644585 56.605785 80.86272 4.3893814 72.6193 91.579315 94.021484 41.212093 57.272034
490 4.8030434 5.814576 17.160791 10.103911 47.965153 5.302584 0.7513404 1.4358699 48.329193 87.19963 14.312345 47.898697 29.616053 66.45001 88.78028 48.771645 12.796545 33.78002 2.4567306
491 5.738121 72.602684 77.088394 81.73146 36.66488 79.916084 84.75283 86.28995 80.309006 92.25878 31.070673 59.150772 23.012888 62.53907 68.872284 48.192204 24.620634 63.4499 6.6618204
492 13.617414 44.76333 85.24948 78.33265 20.874416 64.60041 67.15504 62.51272 84.503204 6.9169283 96.64565 29.924566 11.654782 99.57312 31.306046 83.86066 88.85302 25.654865 9.4688835
493 68.10666 39.000847 6.817585 59.161957 94.58459 32.53154 74.34852 50.381462 49.887993 84.648224 72.054085 69.45198 75.059586 85.26966 84.43242 2.4659216 39.795918 47.907917 97.50154
494 69.10351 3.1963766 94.35735 34.468357 40.41201 34.70775 12.699932 97.05324 41.57792 66.61816 93.46791 20.201868 90.87733 32.953613 2.4016857 74.15538 61.66951 77.61849 35.461838
495 36.0094 98.652145 59.851784 2.775526 92.13253 41.079533 59.360237 41.00699 13.857526 43.028336 62.716545 79.04042 88.9896 68.159615 61.71708 8.464724 59.74299 28.167147 92.382774
496 99.57859 59.12964 29.925644 8.225578 74.730225 99.555176 66.27967 95.42014 5.81882 22.962564 94.77545 71.806915 51.57834 96.400185 83.07889 51.46385 35.513783 32.03932 90.30052
497 26.234186 87.55464 29.648245 1.2312055 3.4676492 14.929551 12.131786 32.163925 22.762316 21.564716 32.31415 99.43029 45.188885 84.391365 29.588491 47.224 96.90401 1.0527492 67.8527
498 2.2354245 49.844093 11.180294 77.33157 86.91489 19.026804 35.024124 90.04905 28.961056 46.627777 73.951355 16.020424 45.3525 64.262566 40.1547 70.40638 18.67386 77.6656 73.64449
499 73.192764 80.71628 92.16198 16.842915 96.28112 52.748077 96.9775 37.28534 98.603874 88.16408 94.59338 61.298977 39.988297 16.449564 5.1547885 33.123825 97.5201 87.86987 91.576416
