250
20
0 11.785603 22.042227 45.90829 17.831575 8.134198 27.288902 18.962557 59.708107 3.355372 6.6530347 10.604197 28.612625 32.407642 34.050144 23.489899 36.30726 8.216208 67.312904 36.005253 97.99313
1 84.600334 83.52245 7.5196323 94.6446 50.18213 71.326355 58.317642 26.734179 19.74203 76.57112 4.5025644 23.204237 60.251045 27.123207 15.6705675 9.563732 85.45914 23.139454 34.20902 70.44818
2 13.051521 18.42031 47.431583 70.05257 16.159641 30.29496 74.24347 81.5201 32.15403 63.514275 17.5112 69.44388 58.43756 76.94968 31.73402 21.72787 61.24689 39.905922 66.98192 24.583775
3 19.667858 42.262173 17.445827 61.649097 95.14965 34.476845 33.466084 22.150373 55.297672 70.06071 45.759018 58.567524 39.73433 15.082866 10.000557 9.055334 62.00015 32.584023 58.26809 19.43602
4 23.04762 70.698906 54.465313 72.192116 23.642015 3.4183085 96.2011 71.67541 11.274809 34.14408 2.166915 94.63132 64.92646 61.715954 27.42353 99.85673 92.65878 83.935585 78.796646 89.91395
5 3.607899 27.613646 67.48283 28.677528 80.085266 19.964272 58.73708 71.26954 56.335304 72.22444 20.966375 45.63139 48.76787 21.454525 64.56987 8.386618 45.4662 54.66054 9.386796 60.38292
6 69.31447 25.065422 57.641083 60.788845 74.60319 13.250351 44.87499 92.098816 18.428808 6.009817 26.669771 53.921024 89.14037 78.445724 55.152702 60.848976 49.59915 5.7124195 41.639084 81.72481
7 14.767056 80.87195 64.57288 34.679787 84.34815 25.7976 3.58814 77.78485 71.661194 99.555405 88.45739 50.07495 40.966137 0.091952085 87.42699 96.05184 95.01534 32.57072 3.5280466 80.257774
8 52.12226 63.84651 44.52563 81.69971 53.57299 75.18112 15.918607 73.15175 35.346 62.52773 4.5821786 92.84993 47.0132 59.0031 60.071255 18.804873 71.09386 81.296036 92.15403 54.69693
9 80.30685 39.808094 26.763088 34.696156 11.963934 30.685282 52.239918 88.993996 58.577625 21.28123 36.574055 76.58131 93.593636 94.015945 61.42949 63.91015 19.536512 67.389145 46.299534 92.3976
10 42.87347 27.719349 86.39113 51.94419 22.21806 86.96582 0.12692809 37.23651 82.33247 7.019949 39.847458 66.88274 40.5326 70.707405 14.83717 58.50562 10.898602 26.316994 75.6921 74.71506
11 68.05807 22.974373 18.85839 42.139988 0.7098794 96.126595 59.529877 37.968246 26.53069 58.630745 48.690475 83.08608 87.249985 26.589638 48.67684 58.101833 84.65378 28.607803 43.03552 6.2699614
12 45.804375 51.320656 16.53526 26.402098 36.128967 96.96131 64.910736 17.874378 41.08089 24.767076 60.262566 80.241875 56.22464 16.898531 25.086658 10.988087 8.811367 21.268087 37.78233 88.622375
13 54.73105 43.583096 76.384995 84.55361 78.248405 74.64662 90.43907 58.589565 69.81222 77.48329 97.68681 60.028214 72.69415 23.437654 20.977766 62.418182 2.0495713 53.610683 88.943115 96.28601
14 31.545628 68.75051 13.032598 34.38248 70.88251 79.20371 54.04647 10.027427 81.81367 9.282362 97.93877 75.48334 86.68624 75.242424 57.11345 6.3256083 49.67041 91.14468 97.434685 34.677307
15 70.887535 95.6378 99.54436 11.927432 43.30265 98.93386 96.701 5.9539137 23.80386 82.02105 80.16789 82.54036 57.196323 18.872011 31.186855 92.033356 35.301846 61.765427 68.84489 24.574411
16 44.9498 24.862892 2.802521 37.507362 56.906086 12.204849 45.096798 31.671822 82.81143 73.953285 76.31155 26.921963 5.64934 94.97105 27.640736 86.84553 99.35956 48.958904 45.13447 76.60162
17 49.740433 10.952616 48.154522 22.160446 78.0905 52.90882 97.28007 22.939825 34.036373 38.586628 3.1614542 59.63015 49.153183 42.48204 56.748917 24.432272 39.340218 96.025406 51.616074 79.36475
18 74.066284 85.753975 23.508095 49.90439 33.706467 11.178022 12.588394 73.993904 92.97668 43.340523 86.014656 21.18572 66.221 92.70828 57.385643 52.00238 47.865547 1.4217198 34.269417 14.909524
19 74.13242 69.777855 83.5169 46.853764 17.081219 30.146587 58.511566 5.166781 22.747295 8.655172 4.0974855 73.64119 96.67534 1.5652835 78.918495 46.41943 74.16142 20.268095 85.60616 50.492226
20 42.241776 77.50417 15.054041 54.378563 85.68493 44.359875 19.34995 68.06853 41.305275 69.69407 70.312485 41.479065 71.72868 33.115406 17.557442 47.23873 20.779425 81.98132 76.23425 3.1328976
21 23.954958 59.956528 83.7131 72.36687 6.611371 67.595955 14.323396 31.11912 73.65541 47.66236 18.561346 25.646423 43.4531 73.220665 8.875811 51.269424 97.60449 44.052433 88.15071 76.523735
22 51.047062 95.999054 63.330875 44.03374 14.046544 73.17775 98.35466 99.49244 40.986298 49.6408 94.78841 8.561432 89.010284 55.29656 91.49716 3.4043133 42.607063 21.42619 6.5863967 73.60902
23 74.804016 19.869019 5.027473 55.929745 89.9945 3.182 27.214176 41.886585 32.330616 32.386692 9.629917 77.91466 3.4296513 96.19501 35.33941 78.38046 46.771103 18.059969 74.721115 64.1188
24 58.078724 22.549183 85.35626 17.740685 32.220978 93.21852 92.97811 59.183716 70.32306 23.51706 45.616024 70.9976 35.02349 8.736933 32.357662 80.66696 47.85114 89.40528 62.380325 57.672554
25 87.82943 68.87962 74.008064 34.592293 43.481518 44.648857 66.54099 75.77369 36.822742 13.666373 37.541496 13.204032 24.658024 6.9682717 47.279583 49.21821 63.087063 43.19154 91.3261 99.47702
26 20.656681 50.048023 27.093428 59.898846 45.747673 18.287283 94.77362 28.421724 37.765938 25.464779 85.993965 79.912415 69.30925 93.50315 22.039532 71.33755 39.049923 41.487747 99.18709 68.39459
27 60.51939 25.581217 72.11941 15.905553 69.776665 53.8936 72.17408 86.95573 51.123344 53.438293 79.016235 12.375045 72.19129 97.08258 79.96566 17.887962 2.0355284 64.12337 97.47023 44.086964
28 74.0365 72.5521 42.98054 40.115273 91.73836 43.30095 54.683613 59.19002 54.070568 16.178734 1.2038112 29.283339 67.12934 58.517563 26.53982 69.64399 84.80556 85.7787 80.30937 0.4371643
29 78.57238 38.840954 18.007416 83.46784 27.786243 46.062027 78.704575 4.4101295 72.56931 95.41851 1.7358065 86.67853 9.95276 79.364525 42.834026 22.348904 95.25325 74.08344 96.29116 32.479797
30 40.97785 17.436594 39.583652 76.72439 67.81479 43.34426 46.047127 26.99833 40.941994 72.087425 79.25467 91.72978 31.008118 98.92518 98.43675 23.228067 35.307472 40.627396 90.33138 91.142494
31 20.04341 9.482103 61.087967 47.831852 39.875244 75.82137 98.1454 17.527412 23.457634 37.20081 61.30684 89.06251 2.2558093 39.459843 13.542831 93.08506 99.96587 41.69103 23.438782 68.30415
32 88.35819 3.6744893 94.78998 19.498516 75.830185 15.922231 25.82969 2.5975764 2.498722 24.769438 6.2068043 31.809193 21.94367 8.903771 98.4251 41.001797 7.9539356 90.60865 60.39668 79.65212
33 14.612019 61.394207 74.48705 23.75738 71.12959 34.49477 97.44427 8.107143 16.925442 18.13171 15.4746475 69.955086 86.99051 15.994066 24.082994 49.97331 78.64874 82.90926 86.82573 46.777046
34 55.993366 92.30679 8.58686 21.449583 41.71753 51.275654 74.19351 11.365599 73.48775 42.551647 3.0206323 34.005516 55.713863 89.72512 94.633446 44.988503 61.39768 61.727684 43.486168 96.65161
35 53.104424 29.945618 75.301895 18.407255 18.969213 11.136532 61.131634 84.869705 7.560009 12.027675 43.419693 37.21881 94.4669 97.69226 21.94426 95.13952 0.33465028 41.492832 95.57013 16.428953
36 82.92469 55.81578 1.7260909 87.298355 49.468433 21.582747 91.84206 24.62918 36.404587 22.50523 94.156265 40.896564 14.487791 84.456985 50.89556 19.886976 32.68897 28.693342 44.47214 16.262478
37 75.31243 72.77964 5.7187614 71.82278 85.93001 78.14722 99.055466 16.165812 98.238205 16.631878 16.660892 27.335226 98.50256 48.93553 62.088882 89.76985 44.15027 9.769642 28.268063 31.049437
38 47.154343 31.88287 54.451668 6.988168 44.531143 13.952613 99.51472 55.80148 68.519844 15.450012 77.15283 58.412415 69.36338 10.402727 33.214985 33.33546 59.162285 37.124084 91.85335 3.6537707
39 37.686794 73.407486 79.714714 0.8777559 33.530384 47.67149 44.408436 99.241104 76.35521 62.665348 92.40621 95.36658 89.564476 76.50144 73.86433 86.14481 15.44798 18.177563 68.17429 33.85285
40 16.159027 43.907238 68.973495 6.546223 19.826609 94.32268 14.573556 15.952164 39.286594 39.097054 57.045467 49.647926 95.48703 88.20728 47.35314 72.21534 44.31035 71.695526 35.829903 97.12145
41 76.64315 1.4682591 36.88683 60.898964 30.860645 8.791905 88.13213 50.214355 94.88754 24.40902 90.132484 84.854996 53.623127 29.630148 50.990402 72.589584 55.31022 46.684277 75.936584 60.12228
42 77.48401 65.68082 46.497963 75.64582 96.116646 79.70478 75.815544 18.290806 28.700459 45.104115 19.732046 6.3681784 88.07132 22.515547 69.787445 65.82289 55.111988 27.508152 70.75563 71.684494
43 38.003284 15.108275 47.39382 55.25381 17.881107 97.42567 12.286907 47.85327 96.64532 0.960356 67.74261 45.557713 24.849415 83.077446 32.38514 78.584946 35.23834 64.05032 79.22 41.952694
44 81.31777 80.75976 92.38065 61.399155 47.618248 14.681244 49.460114 9.032499 77.90696 94.58798 44.280403 58.146297 54.911983 73.15082 49.227818 45.35045 57.12784 46.34802 9.009731 42.672474
45 38.505257 40.63893 80.06163 92.44442 0.38773417 70.851494 17.10459 16.282797 3.6041558 52.640343 34.839798 26.780106 55.382282 88.460526 76.847595 79.95871 80.49835 81.85242 32.874233 49.20298
46 80.16989 38.34218 1.3450027 51.210762 3.5434842 94.63458 76.70329 43.227707 14.698309 63.5323 95.67082 52.99916 68.91557 67.98847 36.44587 20.857096 3.1507492 62.03304 77.957985 82.3301
47 61.350567 42.464615 79.39553 12.610662 81.20141 56.93777 84.19553 86.93661 57.367146 20.483536 27.475143 87.056725 11.118137 92.97173 85.494576 39.87863 57.881035 19.266272 43.238304 4.3795466
48 94.6224 36.8563 28.714878 3.9476693 76.65443 52.901276 16.296041 18.376945 18.514574 44.549065 96.597496 20.437098 12.684107 49.03165 46.362854 41.771572 91.29511 59.681904 71.92821 40.14014
49 64.417015 2.2288501 96.55821 80.83275 10.359854 24.413193 81.76008 38.363247 1.5922844 28.325867 21.16568 27.043724 58.820343 16.430294 92.352455 20.293295 96.54382 11.814981 55.743378 65.91264
50 68.597755 73.98277 23.237823 28.232962 30.957693 31.872278 94.295815 26.013828 2.1616578 34.59633 49.70645 8.019334 36.36372 11.653036 68.15865 44.959145 99.1324 92.51206 67.00313 78.36655
51 97.05089 60.209198 84.31422 73.237564 5.9387684 74.915085 96.65875 73.92413 42.631298 66.7122 77.047165 71.72436 56.819977 47.661163 25.63386 0.51841736 84.13752 62.621284 76.16589 84.14957
52 2.6839674 87.47952 82.32966 49.34531 2.3234487 89.01983 97.45688 81.92869 90.68137 99.52448 70.02646 65.8082 79.74873 93.548706 16.60545 85.49685 81.82739 16.668098 97.93795 58.245937
53 79.26235 34.198254 96.50796 63.650917 56.601406 90.070656 72.82399 61.97139 10.66063 85.67721 99.71657 0.3924787 99.176636 69.33519 39.983063 44.841743 94.580505 28.158892 32.699554 97.3776
54 69.78024 74.94687 91.45006 52.00782 28.098785 47.91225 36.66613 49.31785 71.65635 85.71764 91.353264 39.540203 80.04344 94.65711 60.89643 89.54014 94.20265 99.60088 3.638965 39.305817
55 95.68306 21.44025 28.833591 53.40144 67.07355 77.51055 45.750504 30.76946 70.245674 79.41073 34.63623 48.367393 91.39066 46.673775 33.35286 69.32042 58.62861 52.080143 88.45622 51.302444
56 23.674084 22.565252 25.822527 35.27528 24.69564 91.48535 62.397827 75.88222 75.70537 6.6165686 29.97648 22.883612 97.71863 62.12833 75.930824 66.02716 59.2561 30.66284 70.39288 84.46416
57 95.80513 7.649761 99.471596 74.86983 48.463345 48.48386 88.68009 81.22483 96.564415 29.900192 47.91261 83.00641 54.60593 19.816208 91.179474 69.370674 83.79888 10.404306 82.07203 94.646286
58 8.133459 92.85757 24.841309 67.77971 75.668396 10.171228 35.351753 25.76205 21.02213 67.553795 24.392235 11.82726 44.560017 55.38556 35.33342 64.455086 58.87959 13.853961 40.416283 96.86537
59 71.80583 53.720985 95.6084 40.49077 86.69331 26.638132 27.600622 54.414455 41.42683 88.850334 11.829281 88.32011 64.71493 22.16702 45.151104 84.30025 66.24068 9.182906 7.786584 25.893175
60 61.695343 19.672358 97.26144 86.76986 56.95668 60.942112 42.25601 0.1829505 21.533459 6.101328 20.523811 0.04659891 90.29128 15.403199 5.4278374 69.576385 66.373535 52.047752 7.2977543 50.833786
61 5.672455 5.4431734 4.921526 3.1528413 44.284325 32.5476 39.307796 67.9539 61.761696 17.511887 65.70499 77.35831 32.875496 7.6855063 94.11947 92.609856 13.807458 81.71531 45.67942 41.697193
62 91.55455 34.853928 78.64716 42.681164 30.753899 64.909096 99.25687 6.801522 14.600224 17.025757 38.476078 53.018578 57.06409 99.53249 4.949343 80.600975 74.82588 39.54594 89.53464 18.876314
63 38.376923 74.36981 9.804469 41.305153 63.3291 11.717134 19.53243 15.422117 72.40215 72.508484 33.464165 89.52303 24.671364 8.848935 10.582775 52.690834 16.868187 66.470116 17.689293 66.08265
64 58.804375 5.4597855 41.557957 52.39827 84.87226 70.8225 3.3845603 56.977398 11.157161 0.9651542 38.97888 0.70765615 84.64295 8.538115 66.47436 32.353687 0.5208194 65.45516 58.620052 39.341885
65 15.510094 68.94615 46.421665 82.56781 40.71539 75.0593 96.51451 6.3605967 14.787233 22.332626 56.74861 21.078337 96.49607 63.91556 47.67229 27.471756 61.30703 9.074699 75.60843 21.303535
66 76.75346 92.90547 53.58001 88.9233 80.51007 39.6528 76.27538 42.561573 8.78545 24.086672 5.427921 93.821205 63.27284 25.965792 72.36023 78.82463 56.265713 94.14849 99.01474 15.145933
67 6.070566 14.081753 20.625395 33.256264 40.506737 0.23611784 69.40954 10.790384 3.6060393 3.8887799 45.46548 81.36467 99.71274 47.13302 68.70372 58.617676 76.69543 22.067356 23.435003 36.092777
68 74.140564 56.061237 88.56527 2.8385222 97.98752 61.387794 93.64673 69.2793 36.43431 2.253276 70.8111 76.93319 86.00264 11.543358 40.43039 75.66335 95.87213 30.969173 93.84233 82.89415
69 74.01312 84.56162 28.33298 87.968376 92.86123 99.776726 70.5414 61.74116 24.44681 81.29381 56.358166 64.589264 65.73974 8.682358 44.108444 86.06144 51.780743 54.563576 38.283833 75.020256
70 15.79197 9.094727 22.318792 41.75305 37.30193 99.26416 8.963156 2.3990512 18.355877 27.622635 47.811752 43.200935 67.64758 40.02445 2.7060032 67.40601 27.999628 1.3533354 62.275326 43.79018
71 5.6970654 93.021866 49.15387 53.245808 3.9664268 97.527 85.76996 61.96251 7.1732225 50.101715 84.502945 77.55176 38.43478 82.41731 98.9386 41.94722 29.220682 70.56993 81.49639 13.791716
72 4.6136436 11.7482 85.47917 7.848966 38.264084 68.85805 60.29815 12.117463 54.289967 38.12058 65.009445 49.950367 13.609171 54.716225 54.177242 7.587963 85.16847 69.69327 22.333187 2.8882325
73 60.534954 16.67232 68.87271 32.31001 67.19132 68.75609 18.120462 36.788105 92.035255 39.201904 92.57585 67.27813 63.99796 48.853104 48.14379 84.49232 11.903154 9.3862 84.657875 79.55891
74 10.783064 14.758414 3.4657598 70.692894 33.51187 99.791985 95.587296 90.953156 13.033205 90.87626 72.35269 92.08116 98.43103 10.889459 47.92312 15.382618 11.970425 0.5320251 16.192728 21.551746
75 16.92711 18.53118 38.835896 83.98614 22.003656 91.140015 46.325756 74.04955 38.43232 99.847145 8.300436 49.273727 83.08662 48.37846 26.44639 76.82392 74.22598 4.368168 53.920288 22.674864
76 86.60322 6.271929 26.120144 32.655098 36.8581 96.27172 63.28536 53.431015 27.249569 39.475506 54.956955 51.043797 31.25441 18.351376 77.830666 1.0204315 5.3539276 19.074959 14.114928 49.40554
77 30.977875 18.643253 98.3555 88.16658 54.173912 23.861498 12.061226 93.98712 99.78133 36.599426 91.6787 46.96994 94.932724 25.309198 4.89592 58.52344 73.37146 67.28092 60.347122 86.81612
78 28.70394 6.377876 38.048435 27.578646 99.214264 9.249353 92.8809 19.45141 58.726997 31.783522 85.785225 61.06635 43.247276 54.668747 20.730341 73.98054 99.33317 60.52312 7.7212095 66.61941
79 11.524248 98.58578 69.93588 22.529095 68.38454 80.2101 67.40626 97.28068 2.1027207 28.438932 10.423708 15.927005 78.97604 47.17118 87.06225 3.4116745 97.895546 4.554045 73.93634 98.00723
80 43.123444 36.27503 44.67469 19.767267 34.742146 57.71563 32.78866 26.977444 75.25751 40.107536 54.897266 61.359734 30.615812 10.860568 5.9562445 82.81046 36.567722 8.378113 13.606131 35.036945
81 41.66817 78.52261 86.444595 80.712845 92.58601 85.33599 27.445024 47.62464 18.722439 9.863448 64.45382 42.468937 65.87412 85.49496 94.33105 6.033981 73.86191 18.957651 54.54505 99.821266
82 53.275562 46.10942 48.644817 59.911026 30.92057 89.45648 21.831167 17.0363 42.915844 8.614558 35.70762 33.205788 25.967693 49.83691 42.155766 23.417831 9.982502 10.637379 34.152267 27.464151
83 44.28849 90.14973 24.290878 40.7687 92.28876 15.205389 1.9230187 56.69683 28.898048 31.512463 68.3751 75.6647 46.722633 64.42398 81.893936 91.35525 72.285995 65.54973 34.13046 21.892828
84 65.9058 21.1632 66.474014 47.244972 7.8743577 52.56599 44.83757 84.51931 90.734215 54.188965 87.07134 54.133327 50.581367 4.442459 58.615112 93.79127 88.945076 29.693657 63.917168 78.35825
85 96.91902 81.08186 97.24106 24.43881 82.4526 95.3251 24.505156 53.921593 84.21253 97.6823 34.569496 73.93316 96.917366 81.582886 74.77954 97.350464 25.814623 74.20265 11.538273 81.86902
86 75.862045 99.84519 86.21005 43.036522 84.59819 58.089924 62.829105 91.8784 48.618652 86.30909 44.02041 37.81329 20.545752 16.670227 11.43322 67.34583 66.49034 26.771587 87.09089 76.2078
87 49.914253 26.562428 11.691934 72.6834 24.733274 98.448364 58.434612 41.10353 83.23914 84.05567 98.823166 23.037428 69.31189 81.92159 76.6509 38.47721 67.35155 22.598665 33.51095 87.03661
88 46.85334 28.827847 33.38816 79.423225 42.617744 51.38093 13.826836 99.555115 93.82485 19.041592 19.60243 67.8546 40.77015 22.443092 63.568104 4.451883 76.68001 4.879236 84.27681 98.07095
89 90.98425 92.83547 96.03937 0.8612573 88.568016 19.243319 33.2709 52.809013 72.26608 73.05103 95.37044 10.847855 80.172325 19.64596 83.098076 19.442415 48.749905 43.29107 53.65473 21.102142
90 52.34294 50.69514 94.682625 9.6732435 51.166058 75.078705 51.508957 76.841415 66.40913 33.896973 25.52746 76.358376 22.523998 17.317749 72.0962 22.194063 34.407104 35.521675 55.22707 70.03976
91 28.965717 93.100945 94.220856 88.083435 35.929794 20.800406 58.889423 67.298164 47.779877 6.4041557 18.79549 25.990719 70.90357 75.86475 25.784195 33.226234 83.72721 76.25988 44.79574 73.964806
92 98.31929 67.61013 46.41379 51.116783 32.112885 0.08532405 25.761229 19.859982 29.792904 16.058868 20.207531 63.888805 2.451527 97.54768 5.966449 96.02104 43.803288 73.81839 68.16811 23.82378
93 40.10607 1.6810596 56.57731 99.498276 61.552845 42.87427 70.05358 39.86112 34.941395 44.926376 6.425178 82.36342 78.61888 10.227638 84.05677 45.002068 85.81915 34.348076 89.47188 97.810585
94 77.91151 50.780815 48.44821 80.29738 97.67021 22.487974 11.6054 19.464886 58.92659 28.394676 9.27729 6.444687 23.916323 58.14895 73.097435 73.68427 5.879581 24.185694 65.980545 9.19742
95 31.172747 44.858097 69.87036 37.62886 83.02923 34.90023 77.624565 60.58777 55.448757 43.841034 36.66274 59.484863 89.34727 13.598126 26.51522 34.39207 39.473194 33.04599 88.24858 51.468956
96 26.663303 69.89711 93.03364 51.317745 89.30711 74.08849 61.057247 91.101776 35.511524 7.674247 55.8133 47.066723 65.06617 44.944305 56.85724 41.72785 31.128513 54.390015 94.75158 14.730936
97 25.359964 67.800545 42.60844 69.37235 28.399282 28.095173 40.852814 71.90149 77.96638 98.681625 66.15381 89.76342 79.02106 95.70022 86.5292 42.42367 50.29351 48.29906 6.112993 26.712095
98 56.752197 99.231514 42.739285 22.905838 82.3424 72.030876 86.15674 1.0301471 17.33625 65.56812 5.223143 24.89106 62.16849 1.0186136 48.782166 97.77936 28.538614 69.547325 71.097 45.025993
99 69.250465 86.076836 1.7757773 78.88413 12.706268 90.346954 29.198956 17.612516 64.709625 91.44215 21.742105 18.0026 69.35837 86.69673 32.831604 46.60313 68.98362 6.345725 23.39248 35.039608
100 48.53839 17.740566 51.925873 97.40218 97.34339 38.975353 80.729805 98.7983 27.006012 53.26627 93.15472 52.760567 81.551994 19.600136 16.831636 48.005276 98.819626 49.538593 71.15387 1.6023815
101 91.99977 67.46288 62.62514 53.30765 29.45813 15.116143 11.76104 34.797962 88.80984 69.50234 21.864159 5.82844 38.35311 54.8021 69.063576 67.69815 72.69346 78.04954 69.45975 71.48023
102 68.55034 59.273457 42.04876 95.670815 76.74488 59.349167 53.382133 94.47516 74.192116 2.952683 83.779724 15.931153 38.90026 15.0896015 66.54339 68.33264 6.609625 23.330576 6.2737346 16.633224
103 21.44571 55.081474 4.386544 18.1745 8.037138 81.21835 97.63881 42.490887 98.74434 20.807308 26.348251 54.21042 28.307606 43.30174 84.52819 95.12212 17.262691 46.77146 94.928444 63.055046
104 64.361725 85.88918 92.60143 15.861452 43.011753 99.411705 74.79207 0.88115335 85.00038 91.89106 80.434456 28.96108 50.678165 51.790886 36.144066 40.401745 44.032784 1.8359423 48.20011 93.90194
105 76.0062 36.369003 21.560448 2.2871017 3.8205981 84.125015 51.444458 26.961857 48.401485 67.863266 3.5245776 70.86124 88.19075 9.744716 82.413086 4.2386236 44.26227 43.535465 81.10917 53.785282
106 58.787285 52.302597 16.635525 51.00172 53.20453 9.203302 38.56107 95.92383 62.155544 85.52081 60.854797 55.547016 29.132092 25.854088 15.987039 98.70332 26.199192 17.21614 79.893135 19.654781
107 6.01331 83.94653 22.90544 28.010166 94.123695 81.31492 24.673588 72.30193 94.26085 90.31806 59.11991 16.039038 71.57716 7.5960994 31.37133 28.455347 37.77133 96.07243 94.1877 75.49079
108 28.422367 2.6246905 12.547392 70.57374 3.966856 42.90424 96.696526 48.13196 40.42123 4.7328176 15.121245 66.871544 99.59029 80.024025 97.6305 3.966689 78.08591 20.92495 77.16786 17.448824
109 53.54179 44.179707 18.296797 92.13491 50.04801 14.228368 75.77853 37.06721 84.703735 1.2271464 92.60133 20.138908 86.52051 86.27956 21.603716 41.65248 77.486725 19.284534 65.90311 4.1137753
110 4.774058 91.831726 22.20024 4.5302987 20.739359 80.71253 58.243114 89.595474 33.02267 29.388088 5.9337854 87.95233 26.69956 42.993927 38.435356 89.60352 81.71081 75.31026 70.94178 35.6458
111 35.82554 27.043755 67.32377 24.843615 41.91702 67.52043 99.54056 32.92032 30.629522 45.56278 33.450233 79.44871 59.43668 99.31074 57.46461 2.291453 27.047634 83.75424 22.445435 4.9155054
112 80.0791 53.79251 79.45466 4.631603 85.4143 10.055905 32.64548 14.756447 86.81202 95.16298 27.965212 58.53418 84.769905 25.496424 73.7539 12.875605 52.608902 34.23611 0.14103055 73.87817
113 34.015488 56.86694 62.809708 89.79019 14.2025175 2.579224 49.71611 19.505573 51.338387 61.106186 62.288944 2.5577366 31.420517 2.1161199 85.11736 9.475589 29.367947 36.129044 88.858345 26.632124
114 34.37665 45.202435 2.8094053 97.5344 17.680614 26.785719 58.116116 30.860037 76.513824 63.948112 15.795458 15.2409315 96.558716 73.720726 20.596474 80.44267 5.342853 46.95654 41.193573 75.61434
115 86.317635 77.60788 87.380684 16.92586 34.693535 56.669563 17.936075 91.2198 35.05103 41.569553 39.84902 99.1449 52.392 91.151825 35.894085 23.28506 54.303997 10.545278 67.424286 14.538849
116 25.501501 80.41773 71.10798 86.74094 26.969236 47.95729 79.59904 86.3622 71.61083 49.298607 38.30844 85.004715 94.6114 77.227036 94.104996 9.060181 49.127724 36.36735 91.541695 37.876205
117 42.46002 68.52922 11.774672 41.437202 82.131966 31.582237 26.466406 96.09203 39.471478 69.62659 50.461357 75.23623 76.06571 84.081245 63.768738 6.8843307 58.145725 63.71105 25.325436 75.36017
118 99.38609 35.95263 22.14582 6.3161554 94.19354 86.88339 30.861008 57.20466 3.2779515 57.82708 21.436817 66.21629 29.685354 53.236313 1.2283981 26.434862 26.622026 97.781425 91.734856 16.21223
119 34.97273 16.461908 99.77462 57.027184 86.63689 6.3131866 2.691698 94.66071 84.45882 43.48761 16.064941 24.510176 86.96011 67.03991 68.7312 56.201035 69.20426 87.85074 29.315626 43.077023
120 84.407295 45.296818 30.516369 78.20719 25.390112 28.35456 30.808693 77.605484 43.244846 64.950745 60.768795 63.590588 61.81949 82.0053 84.68654 14.6092415 71.53539 37.517773 93.418076 33.205837
121 61.92506 9.311861 46.46528 79.758 77.96204 97.066826 29.062843 37.538094 56.1592 4.73696 51.67226 83.84206 9.510601 39.410603 26.853878 94.40099 9.179211 5.4203215 33.204494 63.920067
122 30.486452 24.73014 53.163605 77.05009 42.89997 57.251812 25.321276 61.877285 81.56535 79.04851 20.785404 35.41746 21.271492 48.95418 64.62555 48.73474 13.925255 21.863943 18.909718 32.09911
123 55.549133 62.042313 3.955102 59.787994 27.978683 54.77204 3.7533224 14.27713 49.859344 87.357796 13.795954 53.017605 58.82312 69.051315 92.47151 22.934961 96.0239 27.334743 57.646793 41.20152
124 41.24921 68.955795 78.86226 61.52433 43.890835 37.234722 92.70476 76.77301 55.994522 61.853176 68.37513 7.66862 18.8304 58.29576 65.30905 87.70601 5.903119 36.366074 12.06668 53.537918
125 31.589478 61.072456 41.770702 72.57292 95.74882 35.318993 4.3979406 3.207022 27.358187 48.201084 39.532585 63.408512 92.7028 31.56281 98.14853 38.608246 50.687332 62.40588 1.0459244 56.12633
126 25.77378 31.643164 81.225914 89.616806 60.80582 7.7694597 83.31529 89.97288 42.02169 64.798805 54.77702 8.357209 17.921997 20.122534 19.755852 29.867601 74.94328 62.920338 49.763603 52.99508
127 75.25323 15.86504 47.82303 68.46544 96.1511 0.86937547 20.041407 32.079315 53.813183 7.612872 85.8159 18.391603 15.314526 45.95271 53.987305 46.92549 47.39634 99.771324 85.32242 9.336758
128 65.304436 60.36555 53.847267 96.58218 3.7344337 67.468636 81.96558 39.56402 59.58076 11.062449 42.23212 77.59752 54.459805 78.2397 16.426414 56.8674 37.08464 67.78405 68.56691 19.10426
129 21.295626 37.432407 0.16072392 60.134716 16.24483 11.862385 4.803407 42.667282 8.80323 25.515812 55.793285 19.40605 64.18035 35.946922 39.334583 25.888235 5.0519047 48.30154 70.86431 9.682507
130 49.779343 87.93804 0.8033514 78.93796 50.736664 39.54683 65.419525 41.727863 90.05646 1.1842966 69.3771 13.987923 4.5546474 39.489548 88.876656 51.719276 18.03903 57.394226 62.063282 98.937805
131 28.060978 22.572731 29.667425 80.84143 97.404686 48.733055 10.770392 38.887047 36.760098 62.948067 42.345547 35.78168 84.190926 41.219185 87.07226 21.474117 15.848655 7.304782 71.167885 71.57224
132 89.11975 92.804794 66.012886 95.50784 78.81129 71.1526 76.59685 79.3385 25.427986 46.41958 62.79269 26.241076 54.980747 86.89424 51.73908 93.25099 36.566864 0.77602863 20.805979 85.1877
133 28.2089 9.855062 49.426384 53.34183 85.7318 59.87925 77.25347 87.55971 12.955523 31.894547 27.461636 73.834625 54.906075 75.95387 83.43251 86.201965 46.386616 61.306255 59.493572 70.25015
134 44.949974 29.895073 10.811419 67.32802 95.48448 2.4199486 52.0509 92.788506 90.2391 38.3703 31.123745 70.41098 26.70669 8.651561 54.457508 98.351494 1.4538646 37.34288 18.971443 72.25951
135 62.391354 88.703896 47.667004 69.05758 28.344303 68.05805 88.805534 33.609516 52.891273 17.202717 50.49613 51.214703 90.642235 83.42668 44.656284 5.488074 26.32966 38.260124 87.30323 45.45483
136 59.765495 0.26137233 90.614136 32.156773 38.90519 53.289043 19.848984 26.097107 86.55649 45.964188 22.816235 67.61757 37.834583 52.849705 57.893433 5.795103 61.020023 87.03473 99.5726 43.464947
137 66.30571 86.39107 28.024399 90.13652 58.87311 81.16195 65.269684 87.293976 85.22462 63.457077 98.27904 86.10239 76.69193 64.6825 85.81807 92.92462 60.07501 45.259796 27.311522 38.15583
138 82.53895 72.83299 38.66492 86.37851 62.86871 16.478325 31.176311 66.21874 12.175733 91.49299 88.770744 14.845037 68.950966 23.724688 38.23794 70.908264 22.314846 56.010323 73.45389 9.799594
139 86.33456 29.324621 33.284485 53.142868 71.83646 45.21958 13.63514 39.987354 41.27177 56.893456 75.61348 67.59144 39.493526 66.90923 66.76863 75.161964 57.933544 98.64417 12.675357 92.42673
140 2.3515582 94.762535 37.624275 27.269114 12.350172 13.446861 0.8008003 51.45834 93.05696 96.191635 67.09081 22.190958 11.178136 69.36566 87.60507 68.95793 26.000362 85.50414 26.29732 82.21788
141 44.392853 74.7316 6.8534374 72.35338 32.53925 47.485523 53.60521 67.09013 87.66716 97.76635 85.88857 83.45639 73.66662 2.7507484 85.40143 29.752398 84.98059 96.35442 68.16189 55.001556
142 4.8603 28.112675 48.12755 91.89037 24.914724 66.76796 8.977467 16.013134 52.319862 2.7344584 98.60837 33.86911 35.124825 72.98056 11.248386 86.87898 22.396194 23.977745 22.497517 23.868507
143 58.638412 36.66347 29.881882 12.999529 6.7410526 25.627857 26.5365 81.81247 42.91632 52.039642 88.35099 44.49281 64.551674 35.57187 89.327446 85.11369 68.022224 39.477955 19.07692 58.674942
144 60.25839 30.024778 67.44883 75.30694 63.781418 67.042244 60.437584 81.898705 10.10049 77.043846 88.997314 17.31962 17.470127 50.166546 17.534374 17.821056 44.258602 13.340246 5.01768 96.42888
145 53.361637 86.2101 21.290445 30.28397 22.559166 65.29217 10.786808 11.880648 73.36558 92.85274 1.0203183 60.730873 51.239574 7.582736 93.54665 40.696472 84.032166 97.12319 19.301998 82.44456
146 35.85987 51.030773 11.034822 0.37003756 99.3529 65.310036 4.799157 6.880653 71.169876 64.95189 56.040497 34.95583 1.0749161 73.086815 58.62238 60.98387 12.587982 68.78199 16.217297 85.47839
147 58.655876 89.89019 2.8848588 48.61275 95.920746 72.71479 95.513466 82.64126 59.521694 91.9217 86.2994 94.061714 72.04992 7.749444 23.833847 17.490417 76.94948 24.10103 60.979855 41.15764
148 1.5362501 61.813915 44.926888 3.9880633 7.683235 2.8804123 97.05163 47.521393 10.43703 30.524313 38.993855 46.378124 44.300056 89.03716 7.2423577 70.32311 43.10717 98.65989 6.1464367 63.77572
149 8.379584 62.39306 12.315071 87.22311 60.350906 91.57793 9.5926285 4.5886636 59.689842 98.8665 90.0227 34.178894 22.014315 74.56225 53.309875 4.1798115 13.887567 84.34545 15.204239 70.41174
150 61.956055 32.49386 47.968323 0.60480237 46.641296 99.57588 16.709173 0.0647068 10.306811 32.251186 0.995785 25.31066 35.62089 75.59295 48.02811 89.94727 43.025238 55.892693 51.930176 28.356277
151 93.45688 50.17878 92.82429 23.24996 41.98103 93.9435 62.583923 81.016884 74.55859 52.412884 4.0016356 20.225763 30.143398 5.002469 63.048683 22.560072 96.59 4.5883713 5.5117426 38.57317
152 5.9257984 80.4059 49.197918 82.53196 3.4372985 58.598965 69.79344 38.61925 38.335556 0.8280635 25.098377 15.06778 10.662627 77.359 20.554972 61.389244 0.29946566 35.46877 84.62082 27.541912
153 16.723162 30.90059 0.5503595 21.262466 11.384439 13.8725395 30.543863 72.29821 33.645344 1.4991045 87.067795 59.15275 33.104492 95.44336 36.574173 97.25231 89.378845 82.51024 34.039352 37.014664
154 10.103464 72.36367 67.95961 18.833261 80.71525 11.558878 68.9978 79.96531 78.725174 67.895836 89.75129 89.03265 10.441375 0.30212402 75.54751 88.4246 70.8306 33.93863 8.274258 77.25531
155 25.30759 10.195696 47.583115 49.415215 25.194126 9.231049 10.995221 77.21619 82.42635 76.525185 10.18073 73.52683 81.40885 72.74016 92.73003 79.30411 10.876542 1.4204144 63.903152 72.03739
156 71.95317 15.539247 82.01219 19.633507 2.574259 20.653498 24.201715 67.297424 46.918976 58.87714 10.447794 28.431475 61.880886 98.72777 95.66399 98.72189 62.87417 66.158905 0.01103878 52.4578
157 66.95441 22.097385 42.04787 46.59716 42.42989 32.20291 78.48852 18.83176 47.510128 41.31385 87.358986 46.398937 64.30558 84.40866 71.659294 40.940075 63.442127 59.478134 10.669804 7.4305296
158 75.03268 97.3642 62.301666 41.026253 76.66676 76.58393 77.94526 81.328766 22.910213 4.941666 50.74656 78.61232 44.585007 77.16964 87.83096 48.348446 2.4235666 92.07401 99.45119 29.079712
159 27.720238 92.15369 95.17668 2.324301 63.05988 62.175266 94.945755 52.5369 96.3735 74.80996 16.009087 18.822866 80.30167 5.5615606 14.509689 29.527086 41.548252 5.5468917 10.733992 85.234795
160 8.552569 39.249367 42.06292 17.180126 43.931843 80.48604 88.540146 56.421535 35.846962 49.152206 38.01153 97.08853 31.381119 44.792866 75.29257 75.018616 38.417744 41.966354 31.166166 44.4883
161 60.144688 3.2945693 39.645226 61.61083 89.54433 5.9307575 67.35527 47.25096 87.96459 78.12665 77.66878 36.733253 11.575424 87.165955 18.98436 42.744213 68.23517 85.98227 14.981228 84.01493
162 72.61905 11.441093 32.546265 20.79407 83.5571 75.99507 97.185005 1.7706931 20.11459 19.987965 66.96627 61.78234 54.31 3.3685684 4.3557644 18.959475 12.349606 42.37528 54.669987 40.33916
163 3.2766163 13.571894 43.394653 70.666275 55.95668 99.476036 99.39069 27.140749 30.887287 77.25397 43.24704 38.12762 82.52319 15.205372 9.986669 63.99875 57.313244 46.9851 2.307105 58.809155
164 0.6696522 16.975725 57.91825 70.727936 17.422564 3.5170257 14.769286 3.1569302 41.299786 21.710896 37.53786 66.20513 52.522705 21.459448 33.2537 96.38251 73.19836 36.77975 2.975458 50.582703
165 28.84876 12.10326 8.724361 36.004974 3.750199 53.355263 53.155666 0.7960439 26.916664 94.577446 85.53516 18.861597 95.27675 73.47378 37.361694 77.30507 88.145775 5.609006 19.380165 44.911842
166 21.33389 91.46415 57.765137 26.435501 75.56541 82.861885 28.991138 9.3978405 59.287666 45.435745 52.469677 89.736626 3.955102 47.163357 88.61651 29.787804 65.58207 65.15903 52.870483 99.448
167 21.428417 64.88296 17.632557 79.41695 8.335674 68.941826 22.510141 47.468113 79.25536 93.311325 26.078981 15.853995 38.251728 3.9989293 1.1158168 64.14417 9.628672 99.093254 30.477207 98.75934
168 63.298714 82.332306 97.131226 32.75261 42.114185 92.60135 62.981564 89.364555 55.216312 37.283604 94.81091 95.715965 28.686052 39.59359 58.729465 11.690897 56.62415 14.690304 67.82331 79.402336
169 14.532131 95.58031 21.198517 34.238045 76.35851 16.971176 20.312738 75.77961 87.2257 58.032917 33.444542 0.112229586 57.634777 38.486607 8.499837 71.247246 60.394287 46.899055 4.286188 93.42657
170 78.73094 66.16341 31.153255 5.644357 99.67679 4.845375 12.818014 80.294495 99.1105 70.64369 15.64486 77.73347 78.545204 55.23178 42.07542 3.8504004 95.25019 80.11173 67.804276 87.38519
171 59.477436 68.02758 73.241234 44.470047 39.91125 11.472064 98.41774 19.239824 32.00268 61.712082 45.47509 78.72654 66.19003 31.697178 86.969826 27.79764 3.3013165 12.659418 73.2632 83.60584
172 23.40684 35.93198 94.10589 79.69044 29.32608 52.589138 53.127487 36.119164 75.73928 58.337276 88.29674 45.312733 94.821655 9.37131 84.59954 52.68792 16.479223 76.673836 9.315908 9.041625
173 99.15492 86.8069 76.55611 97.540054 70.88996 32.273083 51.394123 84.95037 81.52819 84.961105 9.32933 64.84493 38.86301 63.310158 12.293977 83.22121 23.933107 34.209515 75.44651 5.4272947
174 84.92146 41.18947 21.05227 71.38908 3.1127214 53.363842 27.420145 25.638945 17.589642 7.372445 26.765942 14.098292 23.834728 45.076134 19.700891 33.33022 12.746239 31.121796 3.5516322 55.230377
175 54.9389 10.177338 43.7222 43.851585 26.301025 47.405952 2.6878655 27.061749 6.9067535 96.68812 19.906866 87.6288 10.3827 88.60209 61.952538 32.53588 35.111904 98.946884 28.5721 80.0937
176 94.19813 93.65552 64.29757 48.785393 26.444513 87.63195 32.861294 24.615543 15.820962 63.997818 23.25623 42.71512 28.663523 82.412 71.14678 19.566553 94.39022 36.79561 60.857807 72.75813
177 11.615396 75.540695 73.78959 31.768126 13.547015 62.996437 35.32789 74.84247 7.3684096 76.91861 89.70838 80.30289 46.410404 10.157644 70.48178 95.15706 62.3465 78.97755 91.90126 47.040783
178 89.990944 58.18883 36.472202 37.481052 48.70702 33.19947 67.88059 93.21571 92.66299 19.907814 32.431473 38.64175 24.491787 89.16407 90.9222 15.002626 52.164906 97.704735 25.552208 72.09186
179 2.4909437 71.726265 11.097068 15.283144 33.56839 82.62839 8.279573 6.6477776 86.29448 62.2568 1.2444735 3.6510348 6.756377 12.853283 45.541912 15.106249 58.66617 5.836284 42.3627 62.197376
180 31.171162 34.75578 97.32554 35.75766 62.160122 87.87486 35.334087 30.72818 21.942366 51.721786 18.403423 38.739853 94.80998 10.836893 81.46813 71.80584 15.976822 3.328383 56.656372 38.727295
181 54.756218 54.582035 83.03751 73.36889 19.190216 90.685974 94.179115 25.626081 6.837082 22.29095 76.798355 34.67277 56.78299 52.497395 1.242888 55.74606 11.453748 58.02629 28.427488 59.907913
182 67.310555 0.7846236 2.1895826 57.347317 51.430576 71.68619 83.87588 53.089203 78.27062 45.253605 84.46196 56.50866 16.126472 22.439867 94.82872 67.674736 76.02813 70.91188 17.227835 21.941996
183 53.713398 92.69183 9.779179 14.859623 36.12079 84.82354 84.4354 60.67688 82.32347 31.203144 49.66419 75.60408 11.336046 14.78036 78.640564 70.465546 58.67589 56.205452 67.57698 93.19337
184 84.422806 25.187714 46.57617 69.30936 38.830597 87.17527 25.762623 45.490192 79.899086 13.6080265 25.186903 77.6835 29.875076 17.393213 9.919071 9.028822 95.13916 65.17452 57.732426 24.837488
185 23.63652 48.49484 40.767765 30.713045 54.771744 71.482185 33.565456 86.974754 23.921282 82.92673 35.924183 17.118692 14.3930435 65.58256 52.320133 42.1656 27.318848 10.553646 21.29007 36.26463
186 39.696568 85.353516 73.50014 44.523197 94.26778 31.61946 90.50568 2.204299 65.343895 53.78465 75.83482 78.47355 51.86613 29.846615 63.44149 78.90337 94.248436 56.613415 17.275507 52.87574
187 2.8190076 46.66602 0.2755642 96.60716 32.41685 5.2667856 56.13312 34.299767 75.95123 10.401142 86.39389 21.26487 67.09043 96.20768 66.61213 98.944984 42.872982 42.68729 15.167517 55.56594
188 86.651436 16.554863 57.87467 3.4830093 42.67173 98.48885 60.601837 78.75708 9.60691 0.239712 84.77273 36.534576 1.9136369 95.78463 49.91951 51.64685 36.93539 8.982605 20.51509 14.5408745
189 10.773039 56.322998 17.330248 23.067974 67.17935 98.01636 46.789623 28.465366 17.76858 9.806204 44.556713 74.555695 16.889017 27.753586 5.2405777 31.063158 35.369766 10.444534 71.12764 31.113995
190 70.37074 99.48944 45.704132 78.38055 6.6479864 77.02864 88.01523 47.679623 42.165905 25.750637 1.2347877 3.6982894 69.18099 95.50007 11.88559 53.257168 73.28392 94.04628 17.708593 7.3078814
191 66.58021 16.457039 74.04735 97.68676 97.935425 46.54563 66.668625 91.31087 0.29515028 39.11479 48.124878 99.61925 11.359715 77.602104 74.081566 55.057102 84.759735 97.94655 83.54894 38.51185
192 41.31281 46.062904 4.8035264 93.88849 67.47998 58.563454 8.149242 68.32087 75.88036 9.947639 52.806877 11.53068 2.3231566 85.3486 12.4494915 56.055935 28.502333 17.349274 0.59894323 64.77594
193 19.053358 64.94262 30.707031 64.47386 27.443838 29.30495 27.767176 8.026016 15.068686 56.884937 89.30567 4.9283385 1.4193058 7.9039693 68.21455 94.81495 6.3304663 95.54725 1.8016219 83.7549
194 95.674866 76.04466 38.40248 23.607218 13.634938 85.952484 51.738758 53.559025 93.55634 44.021416 84.79789 85.96756 27.663094 20.154709 19.291132 59.38851 37.437992 2.5176585 27.724535 86.62461
195 91.65457 90.56237 75.85672 39.00933 39.85978 1.6001523 10.948027 57.00123 64.086494 91.91945 91.918045 96.36774 50.81859 70.954445 1.5774608 76.460045 75.39841 84.61597 77.80159 17.80948
196 0.38157701 87.8709 23.24587 48.813904 72.589645 38.58136 4.4094086 41.740364 67.13722 66.385216 47.035347 55.576164 53.42559 89.22136 31.562645 24.150652 32.472652 23.496931 9.241724 21.977055
197 28.024334 14.690953 5.2882013 64.788994 68.26319 76.53385 72.82749 86.94776 9.7556 87.25307 72.196106 71.76007 71.28293 39.49994 0.29079318 64.07486 29.668825 60.55458 99.03653 45.93308
198 1.4926314 15.638846 59.681797 16.953367 89.07747 29.35846 78.59197 60.786964 3.3340096 28.464401 42.627205 49.417675 13.461721 38.602673 49.25124 98.18092 89.25709 94.15448 33.477028 28.805096
199 47.512127 24.613684 54.92858 76.0277 42.929943 14.473677 32.067127 18.70787 35.92154 42.884266 24.432552 69.959915 55.927902 61.285103 99.09453 96.59501 67.44321 74.0325 54.95553 87.81816
200 46.17174 31.230915 62.731743 71.23622 20.767778 2.3908198 43.046467 3.1530678 18.982279 72.3059 97.86005 95.03605 39.932228 30.130922 18.245602 91.92141 22.34131 22.817862 65.18058 87.1869
201 84.25899 23.912537 99.50138 45.16995 16.79647 57.623093 76.46623 44.975662 43.23346 90.75095 12.556314 49.738914 27.42036 6.5448103 34.34584 22.629261 80.2635 45.130276 77.679695 38.880146
202 70.33183 95.52685 80.26651 99.76026 70.92444 60.346474 1.4417291 15.173382 49.509983 62.344646 72.65845 44.77452 31.078487 93.64617 83.664955 39.237465 0.97928643 15.589815 8.830887 2.5286138
203 88.167465 36.934383 81.25508 59.471275 20.916456 38.164295 98.75632 0.07543564 35.0129 72.65612 54.305172 30.422878 51.82793 84.66467 96.65438 69.51239 19.617886 7.91418 56.68295 30.373228
204 16.668945 85.80653 97.165535 32.74715 66.749954 18.967188 23.252995 42.33441 84.62323 52.433586 6.9086018 79.42183 97.494705 62.959064 48.951523 6.9004536 24.23473 66.67544 9.345091 96.28727
205 11.504787 4.063213 51.123207 90.2521 49.680645 58.46284 51.127266 73.99476 23.329199 57.18168 55.845608 36.10525 94.19754 91.87843 91.48572 25.573385 98.99293 73.92152 51.40842 86.50605
206 51.020123 27.715683 72.71608 99.7871 21.907108 82.7777 7.681036 63.11373 6.664687 86.13826 89.45355 62.11606 28.22513 48.284023 68.793335 97.9759 53.98723 6.476593 57.177753 46.282936
207 90.920074 32.350224 88.371025 90.78894 13.16852 89.96781 6.269163 50.04547 99.1443 25.085854 91.50836 48.249634 7.6264024 15.640009 56.942726 60.40228 74.84192 62.118305 15.727192 30.342436
208 38.82796 39.561028 62.51259 45.409893 92.12008 60.744476 4.3631673 88.26994 79.072105 23.316711 43.696247 42.484657 16.545414 88.21257 0.13577342 29.222519 54.53562 88.853035 75.045105 6.3639164
209 61.31666 22.012598 14.100784 84.29632 22.223383 63.710957 26.09237 53.82668 65.175156 74.26114 25.749762 87.60713 53.93622 63.202564 4.438162 56.824852 32.949615 30.097939 3.7128627 97.01087
210 27.967464 54.221447 95.745575 90.851685 43.79214 93.46901 23.337496 99.82969 94.961845 59.149788 46.50032 41.175163 24.447186 42.752903 97.3568 50.59613 28.218163 87.71936 89.3906 5.9895515
211 5.3057375 73.39384 28.928392 82.06584 90.68976 29.70279 68.29263 12.58924 25.531786 45.037407 42.5152 15.612859 51.034462 1.9564807 80.10111 80.3449 30.20861 56.62157 47.396427 72.60941
212 59.28832 19.605625 14.023203 22.562498 7.2372794 44.457893 41.03852 54.506058 49.085163 53.05658 35.45779 78.23171 44.63023 35.54464 65.12193 16.065485 67.81666 40.04131 31.211567 4.221034
213 49.877636 91.18572 85.71127 3.5672843 48.725056 45.04315 5.5565834 38.652508 62.224663 44.446285 80.8725 67.78891 29.643774 97.22264 92.513405 66.98996 5.982727 69.057976 83.98261 90.181335
214 91.94828 92.35672 28.747612 83.80031 78.408165 17.093718 49.043335 79.89633 40.2526 14.324177 13.59632 45.198395 39.216667 28.063965 75.50184 9.185547 68.484505 17.314678 67.99545 49.661327
215 70.46228 43.043602 54.39806 55.17971 61.194714 11.208307 92.45723 68.19948 5.2945557 54.02031 75.09942 7.1697354 60.303623 9.466964 15.751332 68.79669 82.01804 80.862686 62.450207 80.2497
216 86.96132 31.398737 20.572096 44.58331 65.913025 96.13799 97.85427 48.54495 45.794422 98.80057 30.227978 60.38122 95.43688 11.466932 14.626288 74.236855 54.536102 30.754358 41.268494 78.06107
217 51.71045 98.184326 47.887756 62.20912 35.882996 19.74604 90.96762 7.5774074 20.603937 39.78216 62.351 14.378727 80.39563 67.29666 55.711735 57.59842 15.272218 3.943026 77.52516 92.637794
218 39.35651 67.93915 86.59387 27.322704 53.649265 77.92932 59.195118 24.821245 34.722794 56.643898 1.8951535 89.37621 40.19686 32.675488 48.465263 4.228014 79.65786 76.690796 72.63805 62.608326
219 84.11273 68.13756 55.226814 39.962185 87.599144 82.50501 57.025112 63.156868 97.23855 45.286434 51.598488 12.723512 10.416907 65.11823 62.330585 52.32757 54.068108 28.588223 62.706913 78.66509
220 86.94148 76.68654 38.691475 70.634254 63.541676 46.89705 67.11447 42.549335 1.9839942 34.890907 38.248177 58.771896 97.72197 30.392868 87.268814 90.67159 52.94855 8.065534 5.214083 18.345398
221 45.983078 96.52863 71.53948 33.883987 96.23114 17.54384 97.707214 57.852768 15.003175 38.90843 43.723656 61.540474 98.82334 44.98173 80.55585 2.7220786 74.637566 19.600058 23.344427 48.297287
222 51.88681 99.31176 69.79426 22.127527 57.658333 77.592674 0.6312907 87.4413 12.536597 80.50198 54.19318 39.86045 57.38232 43.942047 83.76406 46.781982 27.669699 75.43717 66.92403 51.707287
223 31.369097 97.603096 22.77785 56.13107 59.397297 35.010178 31.334251 67.586784 11.655921 5.031389 54.467964 39.007317 75.48722 10.90535 58.815636 33.12507 42.406742 61.34226 5.7003202 95.44176
224 90.19559 75.57565 33.875835 62.397488 14.387453 91.14829 38.723953 27.622652 40.96431 9.55956 81.77766 31.242245 42.339783 73.152916 21.39898 75.60699 64.68385 16.553408 77.48928 38.85153
225 36.111443 24.15995 57.694595 96.43923 93.56819 18.549406 21.192669 44.27146 49.31012 15.365815 19.37809 76.75594 25.1616 90.86899 75.22625 23.993366 50.28423 96.633415 78.50735 16.318268
226 33.59471 20.065678 30.091858 76.994095 49.393482 72.903435 52.155655 57.90267 79.929634 6.4414444 43.034874 24.384516 33.817326 10.981011 35.73904 67.59344 48.28187 87.31459 71.71036 12.250483
227 6.5597 54.642803 19.3828 88.75883 81.37931 27.197277 7.5769186 28.321903 99.843506 91.34128 52.955276 2.8559685 14.316159 6.6847744 98.913925 85.78091 34.74844 44.740402 49.713333 30.698044
228 8.4824505 43.12861 41.736614 10.821086 28.731096 63.89865 95.94537 98.930305 68.99738 93.05985 8.387554 94.4956 10.576057 42.122425 64.56424 78.20006 88.447395 18.84861 78.211754 33.942516
229 88.36233 26.345045 14.293539 71.86871 97.32751 50.23009 32.47673 93.2518 30.189186 71.343376 92.90766 97.10267 17.307108 35.09746 76.57768 60.038925 59.69104 52.18631 52.926785 53.792645
230 7.289237 53.35586 56.571823 60.215996 38.78067 73.01624 31.23495 20.989704 64.20462 62.65179 44.21484 20.502 8.595753 0.59686303 40.28032 55.409313 90.57991 55.436386 74.92639 35.88955
231 86.28348 7.01735 67.83351 92.0431 69.14175 33.090847 36.490417 7.5864196 70.04333 27.525503 84.72098 63.031315 91.06633 44.736618 22.799904 65.8757 87.758194 26.6689 15.51702 57.68717
232 68.95649 95.8725 86.584816 81.88944 35.579212 18.755579 35.869354 43.92762 28.226185 5.125576 47.815556 2.4662435 91.98981 7.1025553 21.949572 59.35332 11.294842 76.1721 40.353497 13.064122
233 60.15964 90.62264 92.4612 58.83397 47.841644 56.27915 8.423811 45.125813 86.80927 36.006947 51.704533 74.69318 41.342598 72.937515 96.61486 96.34426 29.341513 29.092651 63.388794 5.450803
234 97.21078 75.700516 12.362284 24.95209 94.65561 99.96239 59.19857 99.56835 71.08282 61.613285 78.254776 12.459344 52.845566 62.903965 13.56287 41.756905 47.142464 29.511356 33.002567 63.189896
235 36.89406 24.565857 96.6416 81.144936 65.84453 90.9871 84.53837 23.517353 75.50849 91.47613 51.235664 62.96679 8.000326 63.9669 66.47464 58.877384 70.40603 51.549416 26.14317 38.4209
236 7.9083204 88.611725 0.019735098 22.433876 21.63952 13.288641 38.42586 30.960066 12.061352 34.647987 17.459541 85.70248 24.966312 61.09512 30.116045 31.514395 21.934444 14.255482 60.44015 78.48537
237 13.797265 25.432825 31.085915 80.0108 59.4549 75.28328 26.54081 3.1475425 94.923355 72.54959 39.11744 66.041245 71.97906 25.83446 1.0055006 46.564854 32.002293 90.039925 80.65241 47.645123
238 49.9476 33.154697 77.005424 12.000662 63.698093 81.74143 21.268702 43.909637 64.86423 47.279476 37.433357 32.71814 4.4011354 88.288536 53.620167 4.455042 47.839844 23.039223 43.984882 9.311318
239 64.617035 18.10448 2.393955 96.86017 19.667322 52.79101 55.160595 33.53869 45.397316 7.6945066 50.780594 81.69675 52.23946 76.64027 73.82685 22.868925 6.5951824 29.810112 11.018348 64.07941
240 88.09536 6.935227 7.101947 91.9992 82.26508 33.386444 32.76502 20.50147 69.978226 89.46158 6.588304 30.282093 18.184412 30.111742 67.366585 0.21503568 35.510098 25.03413 45.350224 37.29818
241 36.26141 39.069946 83.53353 91.52695 13.436848 92.076965 79.540565 92.73692 88.50302 63.104534 60.502262 25.12074 17.369276 43.303078 37.208843 1.2994349 49.251915 98.38364 68.450035 58.877754
242 70.543945 97.74888 74.57688 58.512318 8.5619335 72.103615 82.74879 51.65899 10.849821 13.188738 40.947212 29.142756 71.8663 62.35025 68.58411 87.12254 19.214804 3.3489823 97.41332 16.330545
243 41.50331 78.843735 15.532362 52.88973 86.41849 59.360558 41.669678 26.603872 54.199028 73.62572 97.88029 15.236288 83.49542 45.53387 1.4734328 3.6210954 75.26712 6.703627 85.787674 54.973293
244 29.11573 65.809 72.6886 11.781782 5.0706625 13.249564 34.835392 46.29579 53.677498 39.129025 94.34737 99.77602 36.20128 6.1581554 37.067066 67.115425 44.31823 79.50352 72.79219 63.691605
245 10.865789 0.599581 25.324589 26.756393 17.64999 49.67415 89.71612 59.47484 67.131096 65.66135 84.49357 84.88278 7.745886 46.063507 54.7978 85.341064 29.962814 92.254005 38.216663 14.13815
246 75.752884 77.08302 92.63148 66.157166 98.40351 16.16348 47.698677 28.216839 44.47878 16.895342 85.78119 23.868788 3.7715614 50.46429 80.41933 56.949593 36.398792 52.370953 31.042301 10.721117
247 65.42178 62.46532 80.88527 0.47444105 46.749783 92.24855 4.372448 15.322417 50.39406 76.94159 2.9950202 35.677074 14.727968 74.402985 71.45774 25.525766 51.186424 99.61263 44.156445 79.8231
248 65.27842 89.64435 25.50922 46.654827 31.92432 32.660084 54.98792 38.668037 81.56243 38.616043 81.638115 28.775574 57.35766 97.53411 85.250885 79.319115 33.9116 52.129585 8.037811 52.5164
249 11.402625 89.3803 66.602715 71.73606 34.924744 34.667957 28.203892 59.36509 32.35541 62.12585 25.82525 36.99671 12.336933 35.809265 85.55282 89.42164 40.439945 83.59552 68.37589 25.316084
