250
13
0 83.67881 68.866325 21.410667 14.015889 52.4742 79.286064 62.76008 47.483368 46.020996 85.373924 21.571249 10.311294 94.406715
1 12.633854 64.64893 16.824049 53.088642 7.7100334 76.99344 31.908226 86.59685 23.767275 46.715565 76.72039 68.98173 65.76936
2 83.2176 84.35098 22.615068 65.93195 6.996876 42.5044 65.72128 3.9918542 14.739734 93.808 92.96477 5.500394 98.40738
3 42.086918 78.89836 86.00916 98.27602 83.76276 53.996105 46.979256 52.94765 54.190063 41.825027 28.029299 93.82399 38.78706
4 74.68859 32.575436 26.125383 45.608288 86.39834 43.152355 65.99409 99.7235 53.85927 47.195442 25.36165 88.39689 64.61112
5 92.57987 78.96411 30.404657 92.63823 68.83488 26.096428 41.500427 88.49089 69.07492 2.413267 32.462322 27.463686 79.02159
6 72.37374 75.57162 8.220887 83.0494 72.92128 61.831028 77.38378 88.308334 4.878199 4.5945587 48.295033 82.2998 15.571851
7 18.225569 36.11247 37.7676 58.711166 63.414604 99.781006 12.681979 93.87889 37.173416 44.072163 9.023487 25.636202 36.390083
8 23.11356 18.910158 22.657532 13.108349 8.565617 12.56237 81.089714 99.11989 50.312626 92.184845 48.091263 21.582603 1.2551785
9 26.896286 34.944378 82.56374 88.11861 94.49899 71.99995 88.83061 51.287155 29.609865 76.828964 6.8605304 14.259773 28.241045
10 73.19278 77.71806 69.68465 95.40371 51.750046 60.76324 27.914387 74.1083 57.794006 20.535952 86.042114 35.954277 19.827057
11 21.84745 62.40284 90.363304 52.558006 31.149923 52.090137 21.742058 25.143784 22.51336 93.24275 52.110817 40.444523 71.69117
12 68.359024 56.957287 23.035835 67.28994 77.92263 10.542006 26.10348 32.27574 19.95508 75.17399 92.574844 98.062805 45.097237
13 68.987564 10.422813 6.1649323 65.37346 85.69064 91.57674 85.58583 10.380756 5.1404896 47.921783 7.3304234 8.306712 28.2674
14 95.152756 97.99981 33.51112 16.954195 58.52588 82.56331 96.56834 87.44712 95.638245 60.06959 47.381847 33.490826 66.13854
15 16.06714 34.53562 76.72928 31.675768 70.4647 83.285225 11.389435 40.42882 10.900754 65.92659 27.573044 57.29543 88.646355
16 88.683304 32.64311 25.382858 58.687645 82.260445 8.537656 58.026665 37.787457 83.921036 30.018574 48.421085 76.68418 39.011776
17 55.825447 70.392265 95.640076 32.518177 92.72151 17.262005 99.59987 16.253292 18.074757 63.57669 61.378498 6.02473 46.805244
18 28.217148 62.48868 43.492348 5.4570317 97.62727 93.18397 8.896791 62.340027 29.230833 0.5811274 19.441723 85.96454 81.23814
19 8.700758 91.447845 12.504583 3.7323117 22.102707 96.62506 90.232 13.983226 28.48124 19.652802 98.53131 67.246574 80.92491
20 68.00263 70.31764 12.806213 21.15115 89.43006 58.830868 97.714226 87.32102 88.21334 7.575983 90.64136 78.26433 69.9992
21 0.64147115 52.599693 47.149456 85.56385 80.087006 76.23089 6.679612 36.009884 28.192818 61.120712 12.463421 72.556046 81.06306
22 38.520943 76.78079 1.3599932 92.64405 18.3114 59.846222 42.52907 26.237143 6.459278 5.973834 98.96873 55.9496 49.13457
23 86.6975 47.9024 0.443089 55.584686 88.63388 60.243137 43.326424 55.488396 30.24639 91.54162 71.43028 66.48918 6.0377417
24 35.574074 57.14074 6.70597 69.243385 26.928568 42.412483 47.050583 62.806 62.920338 38.80151 85.025566 64.08346 55.102837
25 23.932516 50.274475 99.99195 35.38735 94.64306 51.51307 27.53877 26.751692 80.331436 12.650943 29.193151 40.679394 46.798122
26 55.047153 95.33017 6.3605967 46.442974 84.12289 16.924255 45.402115 30.707676 67.23145 83.44224 31.996822 16.0909 20.079136
27 23.978508 75.41462 37.183006 89.477135 77.387794 9.083581 75.54928 58.226902 70.61824 99.77818 88.83033 45.00302 97.55304
28 9.432477 92.33225 8.764732 55.173153 60.32112 48.167645 38.12931 24.305922 7.8370333 72.51234 44.968243 0.9883106 1.4373422
29 77.90801 35.995007 46.72544 77.69044 68.222984 93.11757 44.6523 45.458324 12.653076 3.70785 19.61093 84.37553 51.083534
30 85.636734 7.0490003 27.786266 55.635155 2.9396713 74.855804 60.585423 66.991264 59.38154 8.014881 52.948654 84.16569 46.10883
31 35.321182 21.268356 53.05765 52.20411 95.24695 57.832207 33.092422 83.545364 22.020508 77.55015 28.422855 75.23852 58.5948
32 71.57673 26.837284 89.41344 28.727156 38.773315 67.26439 15.793312 91.98345 42.957203 47.48126 3.6694944 62.042744 49.701626
33 24.52314 56.30326 46.951942 65.554924 58.882404 81.96344 9.514559 95.9743 12.701768 78.48402 94.15595 68.61633 54.957302
34 3.1441689 3.5665154 25.054062 21.547651 58.649696 72.17102 57.220695 64.02614 84.90956 94.80859 72.19848 31.51455 50.094955
35 56.546246 79.225586 20.515823 62.14499 34.715714 51.394196 96.604126 91.50941 26.296377 68.43154 10.335427 89.62338 94.717514
36 69.72868 62.520683 76.58368 39.88396 63.50525 6.882274 40.99367 16.416634 50.33458 42.02917 69.282845 58.23096 30.423004
37 40.90715 89.363396 95.95352 3.826481 90.98901 51.704346 68.41303 22.543997 89.36108 71.2852 54.46187 71.060486 15.742779
38 47.003876 68.42748 96.89548 25.86596 55.585808 36.109264 71.081795 95.37134 68.56423 70.7896 67.84975 48.59584 61.229973
39 5.393815 27.28598 20.783674 8.398378 70.7 20.095371 90.125046 94.2908 86.16786 12.104434 36.691887 92.71953 3.1392276
40 21.652645 18.193996 3.101772 96.28592 45.934956 22.228777 0.67739487 82.48388 74.656334 56.363033 82.79475 83.82482 9.5734005
41 61.29749 63.451065 78.10179 16.725832 89.16916 95.68196 63.49963 81.06254 34.699768 35.205597 29.872501 38.966053 67.67001
42 12.319147 85.19975 87.65942 12.671339 54.86059 48.69188 17.989714 98.154144 19.590717 40.4955 71.53266 38.659946 98.18556
43 78.758606 68.82435 79.31589 86.78677 27.516151 3.8363874 73.013725 53.42827 20.803183 13.165295 51.337944 28.395832 49.776173
44 45.967346 8.704508 40.498577 28.408545 23.158133 34.094185 53.21577 20.327293 49.097424 80.29266 33.67191 93.18463 44.742184
45 61.079643 43.389725 79.039696 3.483349 62.047333 40.842545 28.797466 26.558899 60.694427 64.10225 7.866442 97.59101 91.467606
46 38.548725 48.716694 80.526955 97.152504 64.92528 46.62114 23.731739 60.40749 61.307644 8.033705 78.40834 59.556168 97.18203
47 70.09939 71.69297 87.58947 96.24006 45.815826 45.03742 79.57126 38.20116 86.30063 84.75618 23.498434 39.53036 21.200323
48 43.3577 65.657875 82.96219 55.057537 13.5298195 41.479885 29.959822 83.79518 59.008495 64.95585 36.38723 6.5560284 92.18531
49 37.3232 86.5665 56.94204 82.926575 2.6937306 15.412974 60.02968 78.96924 93.69302 42.4273 41.009777 59.275288 3.3845901
50 48.980648 4.3382406 48.27511 65.47856 84.62381 63.12567 12.986624 68.0915 46.210777 4.190439 95.09312 7.4629364 81.644775
51 9.614229 96.29893 67.69002 88.28332 38.447433 14.316612 96.6714 3.7949145 77.90215 96.89603 13.324606 87.92271 60.243694
52 47.168953 98.339676 19.620794 75.7611 31.600952 82.150444 51.891308 92.58814 44.92485 86.650314 81.93102 77.49828 9.050125
53 8.971489 76.52351 37.658978 86.13514 59.21724 0.67958236 19.068098 82.37167 2.5304377 4.08687 83.1815 97.72442 77.75567
54 36.797184 77.0664 28.613955 8.975434 68.635315 35.079025 72.6158 26.456451 40.99729 30.182194 85.51828 24.42326 64.023605
55 92.01265 46.94748 4.291165 4.6496572 45.919945 48.202316 53.557938 73.88094 4.4766006 98.4808 57.806023 86.00563 70.26875
56 78.41829 21.84847 13.595587 28.791487 54.45968 16.920067 24.376022 23.483229 7.272977 75.23879 47.741394 94.638695 51.96652
57 17.824728 57.303596 21.253878 18.643862 43.057728 62.88081 53.70487 76.72969 84.289215 11.338669 47.28337 84.99862 97.41597
58 95.308044 66.55626 17.373074 91.50802 45.717865 0.6480396 89.922806 15.502048 36.049835 15.0384245 11.25803 55.083942 90.06224
59 29.312622 12.383163 39.958416 61.320297 98.29761 25.35358 71.82206 32.152527 39.779114 66.60166 36.913483 65.6301 81.945984
60 10.980624 88.71704 79.905754 42.089207 88.388115 71.26498 6.8792343 21.943485 94.811035 91.84836 42.868668 49.26299 33.876698
61 54.454468 8.016544 77.44497 20.162975 87.854836 52.859943 0.7446945 9.834576 71.242455 98.22792 60.162174 32.41855 97.242134
62 70.83461 20.53985 86.058304 58.887936 18.119282 41.71561 10.30035 90.98364 7.610422 52.466194 49.84644 94.656 57.989002
63 55.002487 80.778465 79.70754 19.787275 37.30423 50.13446 45.721264 46.038746 80.78233 19.539707 8.21951 29.00743 9.621358
64 44.60057 49.30494 54.250164 6.4829946 31.236004 17.192835 52.645344 95.65703 6.8989573 20.277256 43.659164 80.655304 24.139006
65 8.564591 27.082628 87.8944 73.14939 28.477186 27.88816 63.555473 42.363125 91.50864 50.91489 56.80754 6.9098473 48.645252
66 94.05075 92.01032 95.47947 91.813126 74.75366 35.761196 40.08166 62.135323 83.52197 35.02074 30.128115 79.07244 16.72805
67 81.153694 3.5439193 81.46545 1.5715003 15.4851675 21.146477 3.3102214 88.35711 66.631645 95.78704 76.287476 94.48573 12.975055
68 20.766645 35.482468 74.15537 17.568535 50.412697 2.4996698 5.558914 42.670544 93.59465 74.76653 20.150381 29.987389 54.08998
69 74.99617 97.21206 26.36509 82.36985 19.623947 51.432453 46.721214 35.405685 78.94155 5.5025997 32.873653 94.91281 99.33199
70 56.923294 82.843 92.01864 84.478264 75.416435 67.22976 76.205055 28.011053 50.74157 2.2604346 48.62638 15.419454 10.588056
71 30.732727 31.204432 74.13168 43.859844 47.8588 41.474457 23.74897 59.473198 57.206844 93.78482 35.067513 37.188786 18.688656
72 6.4867916 38.645004 51.50255 54.76038 95.09916 68.46699 77.79087 69.43342 7.567966 91.26333 91.37384 46.882717 70.69989
73 60.049088 3.6172986 79.75501 79.22595 64.660645 17.393494 11.894149 59.911083 0.8851707 38.978203 4.1041794 73.386505 82.008026
74 30.65818 65.56315 93.23168 6.3110294 92.897575 66.19526 94.1182 25.639074 5.8700743 18.132162 33.95938 33.320473 55.570942
75 6.5835295 75.959435 74.4968 1.7090917 64.04342 38.75996 43.623585 84.33491 26.646631 11.636782 58.187897 98.93871 30.332201
76 28.566885 15.5098915 19.874472 97.75951 63.186447 52.12256 7.8013716 17.955816 15.9812565 29.238813 75.835045 20.566046 96.83832
77 80.11247 2.7629912 19.252146 18.252308 37.88668 0.57284236 25.98852 66.49475 48.319275 62.29534 84.27263 95.953766 88.41164
78 18.468487 6.9794235 33.23397 7.590151 14.138645 38.91008 96.63166 76.15485 20.045162 58.008427 48.990482 29.986864 12.365925
79 28.542816 49.98421 0.07843971 85.07411 77.89058 51.412666 89.709045 1.5743136 72.34203 56.544567 35.7476 90.916565 60.800137
80 13.870263 58.63207 55.657692 65.440414 35.37247 58.396267 79.5427 60.177578 69.682274 62.32438 13.868576 58.835594 47.92097
81 29.373032 30.984509 60.72582 82.85831 93.67862 75.25657 80.20287 95.02939 5.845684 18.421055 34.8048 68.99413 48.185627
82 54.07399 32.717472 91.90408 45.850014 0.66081285 91.27184 79.434845 27.399593 43.36885 23.537333 61.983578 58.60051 41.477264
83 47.178776 49.41671 55.287506 81.73869 28.773117 54.74488 93.43752 32.07034 65.72455 76.62138 65.92532 69.098076 97.57316
84 84.79275 69.86758 32.867783 7.4760017 40.423904 50.39799 31.316233 34.376568 9.984165 25.860554 43.94666 36.107082 94.08849
85 95.779816 90.71042 75.43865 14.875168 1.8994749 59.54698 4.770726 62.263756 9.716434 59.634228 93.40862 42.437393 84.23559
86 61.46556 24.70525 54.351784 0.39885044 37.7793 22.040182 21.776957 2.3836195 58.55971 83.79098 60.672993 73.614944 60.312496
87 92.04149 72.498276 13.098955 85.15687 39.510666 32.821507 16.082924 13.599706 8.62183 27.390778 5.910623 29.857523 58.130848
88 62.203228 57.416164 8.021265 81.467926 4.27649 33.74101 78.03528 9.909278 61.471706 41.838108 73.26292 38.68371 75.14158
89 6.225115 16.279299 58.747227 22.424347 95.16052 20.470095 17.653227 26.085335 83.04941 65.09082 3.9433002 70.894264 42.55802
90 97.782295 27.836985 75.15495 69.96219 77.33669 41.569065 64.27069 18.316126 51.018143 23.187918 16.794794 51.0645 64.27953
91 13.474834 80.50361 9.999889 89.66069 5.1738796 91.42389 87.57257 88.445206 3.0473292 28.795696 96.38437 49.7964 1.319474
92 36.565746 75.45002 93.15505 18.579203 71.65771 71.00803 40.290134 28.730595 61.98934 82.13963 22.241413 77.47373 85.60061
93 91.35451 56.232483 57.24108 5.48088 76.082214 20.281649 67.496124 3.460914 57.43774 44.57444 32.62145 68.15037 21.791332
94 93.62702 14.896417 75.2029 2.9601336 10.868687 6.7156315 98.587975 37.960426 55.56944 33.466904 56.01436 77.23269 63.165306
95 48.42226 93.71949 6.4103127 75.18031 63.46067 80.61001 6.690836 99.36385 77.113014 10.871166 75.64245 98.672264 34.785713
96 10.879427 51.10908 57.702606 68.3811 40.33873 24.345207 14.575708 5.002803 50.364006 11.512107 66.56966 30.938911 70.6658
97 37.407536 89.58901 29.393118 3.5200417 4.299617 49.44941 43.034615 89.8722 99.82624 10.65194 17.72535 20.322859 89.246605
98 63.572067 66.93313 5.0325036 32.35042 30.608898 20.33996 7.4893055 27.810347 76.71244 30.807919 29.890621 76.78835 29.7696
99 64.78169 6.443882 52.56993 15.588463 78.81562 85.606155 88.60934 73.741356 33.449745 35.12616 48.64363 51.438557 42.17635
100 83.26357 9.8049345 69.098564 32.598198 65.835014 83.574036 23.611086 76.75844 8.435286 75.93117 92.77122 53.507614 64.52769
101 73.44029 40.37784 45.967007 7.874984 57.835186 98.47603 67.76208 48.339516 39.851402 37.687492 1.6615033 86.327614 50.776928
102 84.0797 30.304056 27.562649 94.994064 21.204006 30.378395 57.477615 1.4884651 37.475662 86.30299 85.91981 90.053024 64.72855
103 87.31056 57.21729 7.1706114 65.37191 90.86151 18.691933 76.09145 88.982735 36.29617 19.701988 29.508465 49.328636 54.19668
104 92.10591 55.87347 98.73469 50.495274 37.0695 41.494595 66.45152 19.171923 9.361524 50.13026 13.378429 5.4831743 72.23555
105 65.18058 58.33701 62.918453 68.77429 62.416077 86.33095 14.165699 70.83807 64.43469 31.183117 89.77341 77.73353 2.9696643
106 71.99024 11.221814 23.187595 28.365475 22.420238 48.8751 42.522602 23.891306 65.501526 93.7052 59.991623 18.278027 74.78295
107 66.49421 88.52108 25.465225 10.207772 63.98703 26.655638 53.861954 17.435343 30.542862 77.90604 16.601574 40.414394 1.3979077
108 70.124016 82.76671 65.57864 2.6919246 82.69253 51.14177 2.977264 9.727854 89.50878 11.802363 14.911354 62.14003 39.800827
109 16.16552 80.22662 49.168922 47.16462 77.710686 25.378609 4.316312 61.810696 18.45734 18.868755 63.335747 10.403752 0.7835567
110 59.83875 27.661907 2.1606326 0.93494654 54.76105 54.67534 95.70403 95.56266 67.5916 42.123634 76.77273 22.111404 11.834896
111 44.87785 17.049318 9.4365835 80.15436 24.106615 25.4313 48.55749 44.944935 80.82624 97.95095 22.158295 17.237217 24.370789
112 55.71625 42.850243 91.05204 11.173212 92.73447 67.138214 84.56258 7.7195764 49.889763 77.63814 90.90116 63.80973 76.83578
113 28.824865 81.98783 66.31727 30.857378 70.22294 44.234287 0.29021502 8.136284 29.567455 30.333244 2.0849645 77.17259 11.452829
114 65.58265 9.705204 31.776506 44.06141 68.38274 17.863125 49.026222 57.740807 14.810955 31.543196 99.42287 69.81017 67.71706
115 91.89222 37.25991 65.66708 86.8407 64.75895 0.62265396 37.99357 62.354885 35.651035 75.66557 74.893555 58.358276 28.566551
116 58.667107 70.71488 92.61901 51.20571 63.180202 87.01298 5.817616 89.40118 26.292807 77.80617 18.21118 10.960621 27.058321
117 45.475273 28.67586 58.044262 27.586878 39.202934 64.17049 80.06571 20.701742 94.8774 34.554653 91.08267 31.621313 37.35676
118 25.206608 89.72308 90.54924 86.67337 68.89852 1.6731381 10.627246 88.23615 68.840706 48.2488 65.276184 2.7549148 0.7054627
119 96.0091 30.929916 69.17314 45.85306 45.984413 17.52684 88.3735 8.034187 3.9377928 48.40034 57.145065 37.728065 70.01578
120 23.500008 21.51814 42.24599 64.85121 31.839825 72.03808 45.103413 95.14508 98.93078 97.13379 88.31838 63.275517 17.498558
121 66.02088 48.67205 58.675312 21.359407 71.458984 80.07133 82.5089 5.8398724 12.364298 54.55142 58.30462 58.050583 94.2813
122 73.77606 59.209164 47.696613 24.874258 69.826355 34.791363 6.5241995 55.05368 31.37011 77.00747 31.126469 82.56287 40.78814
123 14.038915 20.381271 82.583954 15.3813 33.026196 72.55821 43.26411 26.33373 86.86248 36.95651 67.40486 51.66719 47.603954
124 36.23082 4.6081247 72.0555 98.9386 45.301414 20.95099 73.20553 64.58199 54.462833 11.099445 96.74337 8.301229 33.099716
125 46.313763 18.425066 7.1819425 97.949196 12.0022955 2.3375273 43.23651 29.339397 71.61521 20.944912 12.805528 50.068295 46.317474
126 70.811264 59.541756 15.91338 88.935646 94.09486 69.01271 72.09174 68.342834 17.03006 52.852356 15.79343 49.249935 83.21748
127 12.485588 7.22481 30.141056 25.32428 29.103619 78.01973 86.97165 31.507313 32.960995 60.565598 5.695719 9.329337 74.182816
128 70.4709 86.47391 81.02072 44.915646 9.35598 75.61855 99.58855 92.4401 60.22733 57.350075 9.494561 51.213478 43.30779
129 90.97775 81.48031 2.965039 8.312803 55.197346 85.74013 24.975454 8.322549 0.14939904 77.22274 92.399025 30.697632 70.35038
130 11.633163 78.60809 28.58364 53.551037 90.0251 23.54185 80.66873 8.262092 7.0994196 72.227585 11.784381 97.69828 5.8969793
131 90.12428 89.01988 2.1228433 85.999176 37.64227 0.166291 32.23274 79.192444 89.85659 57.988186 30.829132 65.44311 58.606953
132 16.076385 31.401194 11.657852 60.226143 42.460167 63.55718 48.825775 53.238297 64.912926 24.92324 71.568474 84.50591 67.693756
133 15.9665165 23.741829 50.281483 0.6139815 92.26653 89.48026 29.048443 26.650143 82.45309 19.954079 37.34383 29.253365 49.055843
134 10.189814 17.178513 72.00179 3.8908958 79.71132 86.262085 24.843729 94.67418 76.686745 79.860916 67.98109 40.945984 2.9678464
135 28.445799 58.106632 46.071114 71.19923 48.80795 95.45621 49.315674 43.435467 61.33994 93.75472 4.375851 40.874767 73.80462
136 9.968871 95.140945 47.902607 16.075724 94.74113 88.11902 91.204765 52.767765 36.94107 6.359047 50.884205 5.9294043 82.96646
137 19.69986 38.992786 60.418682 50.85555 28.90808 59.419888 5.384618 45.094025 70.19198 78.48286 49.43693 25.937574 45.464943
138 88.716736 80.39448 39.408695 51.663216 29.205555 76.57652 64.7131 18.792313 38.337166 1.8656194 55.065544 95.891945 2.1660209
139 75.463776 7.7910004 41.79004 30.760843 26.437056 98.60898 73.694435 42.189407 57.65952 3.3150315 11.990899 69.40413 21.30242
140 34.303658 90.03464 78.55583 74.05652 67.75333 99.50996 11.558771 43.12513 84.60348 36.670025 43.49805 9.796429 1.0414183
141 44.35162 93.21595 55.02166 4.9949465 96.29405 98.70176 17.62858 28.56707 1.4977634 87.37051 80.1389 83.48676 69.96778
142 43.639584 16.996605 30.082977 50.344894 25.154072 45.527435 79.17716 43.090405 66.38646 99.12671 81.35609 98.82797 60.024822
143 65.81318 6.616062 14.240158 37.505287 82.0051 78.20989 41.96285 9.245295 52.595947 93.08911 85.924576 40.658283 53.370102
144 34.58878 79.55901 64.00896 12.553853 84.48572 56.610584 79.790886 24.70783 46.370953 58.498585 19.829638 14.908546 52.073627
145 59.362263 2.0513773 94.72867 90.87953 81.24747 42.187374 67.206985 57.287453 63.99616 28.05081 86.91493 88.388596 14.158594
146 48.927666 37.30118 64.548996 96.870834 86.63432 82.468506 86.39387 36.647106 60.540325 98.95822 53.172016 35.259583 10.026205
147 17.350418 40.01555 95.461685 42.19795 58.70847 68.56471 1.7121851 57.027634 50.09272 52.622932 67.045815 37.312824 42.34097
148 70.22787 17.893589 96.88719 35.676205 9.618711 85.37727 71.375206 80.880424 79.457085 77.094536 4.53096 60.00578 85.293106
149 62.693657 86.96461 37.931293 3.1925976 59.940994 89.03009 99.37876 27.75578 16.156399 56.07976 62.95006 12.120265 48.786503
150 1.5004754 69.82941 30.176168 14.775067 4.3117943 38.307697 80.912544 92.85344 46.070194 22.34639 77.910385 77.80846 72.889015
151 11.929935 56.408413 38.396294 48.117184 21.698301 20.565731 88.3784 39.25078 71.85397 5.5663586 65.99199 17.67071 18.965317
152 55.65125 34.176804 14.5614805 24.215757 9.184617 70.519485 82.68668 90.86366 26.185585 50.9159 37.45507 81.9831 9.668183
153 78.47272 56.84852 72.5627 28.48108 23.566364 87.30399 58.175217 91.53212 21.95819 49.61108 54.93268 98.29552 95.44723
154 47.43558 84.36055 71.86586 79.06034 22.397392 52.024673 93.640785 45.876385 58.972828 42.900146 4.64353 46.21498 44.17358
155 70.0722 20.760303 23.359686 19.355179 9.704828 57.55007 29.813135 2.069211 25.417631 56.134613 63.191414 96.09925 53.20012
156 2.903694 31.464535 78.27659 65.50458 1.847434 75.85827 45.987885 24.743652 75.289764 54.182167 13.153905 44.440712 74.24186
157 65.783676 52.63013 5.9156475 87.68172 75.20622 36.27361 92.62392 66.51923 28.71864 21.21358 48.90371 65.10973 15.267956
158 62.098686 98.53777 44.780815 80.47996 98.2743 57.629078 50.347878 83.80071 15.0359745 90.060776 33.984993 89.756165 16.43868
159 9.312212 59.625793 94.93783 69.80723 62.496906 25.390493 23.346054 99.34524 8.851326 18.031025 30.093742 67.39462 51.023502
160 90.27871 63.464153 0.33347607 1.6883433 84.05327 69.506905 94.25936 86.3656 16.095818 23.642094 89.99071 44.762527 80.63207
161 27.330154 93.097885 4.244292 90.62814 72.27441 52.276737 49.702686 86.104416 2.6859581 7.0920286 1.5097499 47.421883 71.00161
162 96.70003 67.58484 2.6092112 2.5613844 46.4257 44.858128 51.38071 48.893208 44.898254 80.38284 11.790335 1.4992654 5.7819424
163 41.644512 47.32292 62.78767 3.9794862 0.6653607 48.0505 77.74943 54.60097 76.54266 16.25188 39.165855 96.10984 58.143288
164 68.1431 5.87554 68.07078 2.6652992 84.19159 53.57917 74.08663 69.34748 72.54939 91.77051 66.138664 51.247276 6.661749
165 79.922935 16.01556 45.017643 38.873653 7.6150656 80.273315 90.106895 8.214176 33.74032 58.71403 88.70859 60.39891 21.521496
166 73.273254 17.839314 90.92536 41.261353 99.091675 79.671425 43.98115 19.436216 96.10939 28.058857 38.337414 89.0265 65.51313
167 13.242412 10.62004 85.33226 77.6052 15.995705 32.06237 47.71332 37.026997 92.773506 59.329285 39.804398 7.700038 28.36539
168 67.11248 18.179708 67.34875 28.564072 0.33994913 36.88704 93.10701 76.6681 98.99178 17.75645 52.61432 1.3042331 37.205307
169 84.24665 35.368626 43.937748 80.68182 10.4665165 67.17503 90.21592 79.03572 82.85798 5.629569 15.449524 50.877266 86.117966
170 80.08343 49.378593 93.877396 78.85487 67.887535 55.00726 16.174412 10.111868 56.42327 39.652397 72.159134 82.45394 33.04933
171 30.170918 29.388773 98.32629 42.26641 88.16222 55.16583 36.68103 9.811014 62.14726 3.775078 19.581717 29.792326 52.481888
172 97.6583 12.087756 55.197 39.05538 18.646019 91.96304 99.98591 12.458688 76.04377 62.72719 17.53484 84.89184 65.733574
173 18.66765 44.332302 99.043884 23.911459 3.3649206 7.708323 20.758522 57.609474 4.0686073 74.05685 96.54602 75.283226 58.23373
174 30.723429 89.7797 69.57892 1.3266981 35.71205 22.39936 22.588951 87.59709 58.937656 42.62283 14.684492 69.15437 65.292305
175 96.84056 51.161797 19.968807 30.744982 96.65117 57.804688 57.22931 29.56109 63.812714 94.958626 5.0432086 14.074868 88.474365
176 59.304214 97.27482 22.904217 13.966388 69.24575 55.222046 82.75532 37.02653 1.2909234 49.968803 10.776674 90.803215 75.150635
177 62.081676 15.60626 22.28973 90.25681 46.61254 36.689423 31.8084 38.26527 58.205826 43.071026 63.393738 48.728188 68.885216
178 38.68653 7.84418 38.89692 44.516438 34.26009 49.06162 5.5228114 30.029303 53.391773 76.12713 15.09729 18.567074 38.472534
179 33.233715 69.30946 56.4569 20.957958 54.787994 71.2613 20.220322 69.57734 59.19088 23.387987 20.036293 42.63087 60.31345
180 4.8716364 57.71286 49.07772 16.61132 10.95553 38.212715 84.14388 23.095053 71.87564 89.3186 4.248375 67.733376 89.597534
181 41.636734 62.788074 10.861331 47.216087 13.652736 51.42677 1.1601031 21.339327 7.1182785 3.7565053 44.944828 1.1976719 65.116
182 81.35607 84.82969 30.317163 67.49388 2.240461 90.136696 4.655987 20.061153 3.4187376 93.28898 3.9750993 39.38906 81.75914
183 35.30709 96.30627 93.97018 98.66608 78.64583 35.666634 54.877598 96.33323 59.020596 94.18398 50.262897 77.74066 39.43899
184 6.6378593 43.68369 84.36691 92.051506 9.749651 47.314972 39.1048 17.153008 83.5915 88.84266 45.48133 47.004723 28.015608
185 21.84478 75.42961 16.21818 64.37872 70.6305 78.04695 84.17366 49.962173 44.036316 81.565796 0.07471442 38.838535 21.091806
186 84.7908 22.317488 54.54627 82.59666 76.20851 63.24281 44.401897 34.640457 26.60858 83.215675 26.765394 86.40414 61.18512
187 17.329098 86.800644 18.976778 80.59059 79.65869 15.525209 23.484945 7.2362127 57.513 65.068825 24.959528 37.2743 17.9595
188 30.468952 17.763245 73.22632 95.294846 86.996666 64.09042 54.26529 88.12104 60.462254 89.361694 36.912567 53.150894 86.295166
189 7.913786 68.62209 57.471115 98.08695 35.18641 39.71565 17.228699 55.951893 64.90296 58.77965 66.87643 84.28272 83.11243
190 25.378948 35.329514 93.60621 47.300167 38.28966 52.573574 45.18543 15.292704 82.96816 29.162693 14.244848 72.89557 58.28526
191 81.20541 79.24637 83.945786 88.35505 62.220417 23.116398 94.87616 93.33127 90.82723 66.87658 36.43426 75.14535 67.60924
192 57.4859 16.644436 86.20018 76.44764 17.145765 25.528168 55.952465 93.78827 99.69848 27.90147 31.117857 45.095097 36.47527
193 5.454564 57.984764 70.402214 35.99342 93.308365 82.15211 92.45169 2.7999282 4.6664596 33.10568 31.26046 85.60805 35.68484
194 83.670845 20.771582 55.333637 22.221397 51.842552 57.00215 52.933075 81.97302 33.17566 26.102251 64.8587 16.241968 93.261116
195 16.099913 61.829018 82.089096 3.3205688 31.752645 32.369186 40.137566 98.189255 89.5937 15.685863 68.30509 69.55445 34.502785
196 74.93355 35.098736 61.964912 62.30916 89.40563 95.947556 12.579703 60.22557 96.80217 5.832541 4.699582 51.303356 0.21055341
197 94.96928 90.69858 96.39191 11.070376 90.589294 71.98993 20.893883 23.026705 66.34501 6.1224103 80.35641 72.61781 86.238144
198 87.07691 2.8658092 13.16613 77.26142 21.4481 74.37145 6.5801086 4.4810176 96.64276 0.3139913 74.127686 44.716232 17.759848
199 50.95327 68.26903 16.25135 26.752937 4.0667953 61.559856 48.410816 24.193233 45.52452 50.2424 87.92622 92.89127 91.75033
200 45.776146 80.71533 90.302635 7.18357 60.135197 25.187433 88.60322 11.2907295 64.6866 24.004782 17.201727 93.00146 28.898436
201 18.199093 10.953278 73.01525 86.60637 43.808926 11.200899 6.4233484 73.25271 25.226456 67.81922 87.50119 68.1251 99.98875
202 74.54422 76.15203 28.448122 40.902542 51.987118 89.93504 36.068596 7.5463176 1.8525243 8.316809 87.83287 70.05635 60.0775
203 85.98241 44.556625 23.694838 8.008087 21.781868 34.267555 68.348274 80.52459 39.032524 58.25866 98.45983 73.47027 94.12415
204 25.082743 16.915619 74.14659 94.16982 91.17189 2.352208 56.39044 4.111248 97.06221 69.81292 23.286951 0.3376186 86.593475
205 36.54838 87.39832 55.435925 90.84463 50.238842 31.072277 48.897945 58.43168 38.53213 32.56092 6.0144606 55.171562 74.37366
206 11.024648 94.154434 26.59822 19.297426 82.76896 7.331872 80.56975 50.10805 19.081884 59.393513 69.94682 6.981075 3.6848426
207 79.11778 29.340803 32.026215 45.02128 60.612625 89.07056 26.18839 59.38987 6.062579 74.14182 13.713205 98.34815 99.34216
208 18.24324 12.294817 4.997444 45.334225 30.975145 3.788501 94.90255 85.83138 50.88785 45.650776 28.75293 76.33187 74.06609
209 63.024776 74.753365 54.356705 46.177586 91.88675 12.519705 7.4131846 49.892433 76.49296 59.39077 23.52404 65.722694 51.409954
210 71.054794 78.2582 65.53943 96.88161 86.79437 36.175175 48.769165 53.70353 25.106495 61.083065 12.589723 22.970749 46.645504
211 85.87152 71.93259 80.18389 61.120193 69.09311 1.9172132 70.697235 74.76906 99.916664 55.21372 63.141094 31.217598 26.365131
212 27.03936 53.33091 55.83106 2.4926782 69.88927 87.68187 51.11838 39.77493 44.092567 11.987662 26.38501 25.723202 75.84476
213 18.614365 60.80227 40.63654 55.03022 28.037638 66.551384 71.33973 66.0134 84.858284 22.963434 31.395727 7.3035 4.923892
214 17.930794 51.11577 23.80798 80.23348 47.687946 81.020805 78.06975 28.488743 67.79307 50.34682 5.780178 81.374756 48.289036
215 61.659813 93.88377 2.1121502 95.15077 65.39245 46.214485 41.04002 52.863724 8.683795 47.862427 5.798483 83.01697 63.65989
216 42.961536 88.2236 18.888313 16.411728 15.472871 46.805065 62.96376 2.3970425 24.538357 55.255993 24.049223 52.613335 37.38029
217 53.487865 73.03914 21.275967 17.370533 56.465755 35.509396 86.31201 33.200882 13.7468815 78.16641 92.986115 29.024256 62.999027
218 91.939545 75.460594 33.541042 74.785545 23.341763 75.92007 38.37353 54.036407 67.89736 53.73876 69.36391 1.8558145 64.26179
219 63.522667 36.87067 75.91669 28.516764 89.02139 37.50957 40.242405 47.45456 65.98767 96.4359 7.5713215 23.973042 59.99317
220 69.10545 36.946697 92.5538 91.72455 48.954372 13.193112 17.818815 11.935461 63.638283 56.363045 63.047443 18.381046 49.966724
221 61.207073 91.039536 7.887113 15.619678 67.697014 98.64819 56.195713 64.86183 2.3810863 14.556206 87.18192 53.062023 90.957214
222 22.374928 10.067534 59.72822 29.308254 36.906845 79.79097 27.391905 63.059513 28.500568 40.968494 0.993073 84.512695 90.96726
223 1.9489825 42.963165 25.914299 3.712982 12.187791 68.07552 45.07482 83.825386 76.219734 90.99215 44.324463 33.15226 81.38496
224 61.503708 87.94167 97.30256 77.45601 57.522476 33.104115 95.428986 65.54231 45.292347 31.982714 93.11896 5.0356746 7.9372525
225 10.034627 56.29445 62.64551 96.85073 60.37052 86.32911 21.306192 11.571396 94.10697 29.325294 61.28416 50.288265 50.010838
226 23.407799 76.345436 59.137226 36.95625 83.80139 7.3528585 9.707642 73.515625 77.24492 59.947784 42.961376 9.476233 44.897175
227 25.646173 77.92318 93.607506 50.312378 83.16997 15.44146 65.30899 49.373173 13.379467 93.01466 39.863384 59.394615 93.82213
228 14.665866 68.23647 91.14562 32.5307 90.22461 43.3496 60.528458 72.9652 47.800415 1.4580965 15.428793 28.38661 9.929525
229 5.970579 61.176727 42.776585 52.630596 73.32038 97.58577 92.790016 53.763435 98.24737 58.164215 40.071754 15.55841 96.27174
230 73.39004 72.32319 50.44456 11.761999 34.533195 74.320465 10.387802 43.64745 71.09147 94.02556 30.4537 40.648224 46.229862
231 94.17164 36.39313 82.34694 32.496895 44.23237 24.43561 30.278576 30.411798 32.302135 76.44991 38.547695 0.21665096 89.73401
232 94.0421 10.69243 71.17052 84.83022 66.41752 78.3068 91.29508 74.69424 75.90854 27.329004 65.592155 8.585328 65.49853
233 75.23343 73.634186 61.628544 69.55284 92.27401 43.332966 87.201515 43.95961 93.3726 10.936296 10.232555 28.208817 5.498123
234 6.265789 25.30291 59.38405 35.02229 44.332703 3.9631486 17.953396 37.45983 71.25675 78.97492 75.53598 90.41354 34.431873
235 41.013763 94.959854 21.965063 18.76108 20.266151 88.95184 79.01457 96.21218 3.6882937 13.306856 81.32012 72.680504 63.641495
236 67.53445 90.67751 21.000402 8.166337 16.495783 94.584366 62.80349 53.1076 72.71038 18.928093 94.71881 15.266019 84.676476
237 24.123425 50.15387 20.158028 32.121593 28.405745 89.64997 52.048595 6.5541687 35.683136 27.701885 74.73576 53.35706 13.79357
238 28.159767 53.97256 20.04804 82.84929 44.14586 84.08688 20.890778 88.53475 91.135666 87.79319 18.99445 78.02741 36.851547
239 27.679693 98.1773 88.2138 71.33856 56.51666 54.535683 38.971584 1.5400887 90.28976 64.766266 85.688484 52.43293 19.456285
240 69.307526 82.41082 70.94437 69.90153 54.332603 92.88963 28.151577 82.80166 90.13676 34.46579 22.40765 32.253628 23.679066
241 67.66394 62.86742 29.099607 70.682335 41.318714 85.277 39.65522 75.0531 53.11594 34.786434 57.65953 19.301462 92.99321
242 72.9482 18.126804 74.53012 51.61327 96.042 2.1334708 69.394875 18.120844 21.54752 3.969574 57.75031 75.95065 30.162699
243 76.38498 49.58268 68.21541 77.48984 28.543354 90.95651 26.125532 86.70143 75.24893 89.28538 86.2457 39.53126 58.333576
244 60.06562 11.760062 25.25577 22.897655 51.631893 46.191795 27.438545 6.3140035 93.416214 77.411285 6.675452 18.26719 20.089281
245 57.789715 19.02638 70.1623 84.870285 90.84342 27.944351 74.36071 77.806564 53.813637 70.06756 33.061554 73.10712 22.793024
246 9.040922 86.23431 9.387482 16.01438 7.459873 83.62149 50.23238 80.84006 5.0222635 91.08381 23.65482 50.227608 65.037636
247 72.87908 18.235897 59.70471 34.64346 3.0894518 42.941727 91.184425 13.544554 28.388828 85.366455 35.622044 88.01522 15.538586
248 29.542805 3.20189 21.538502 88.088905 96.15234 63.403404 0.119405985 63.234745 23.180563 44.2002 72.37778 99.93015 18.581463
249 31.37563 54.443104 29.31491 44.69066 77.388084 53.94236 57.180534 69.864815 91.596214 11.55867 62.334846 80.60155 47.47735
