500
17
0 11.870861 12.412161 15.946108 37.849365 0.43936372 13.699806 14.794498 91.86743 80.68239 92.74691 91.347565 91.69093 38.558994 62.86743 91.675964 24.136936 21.044422
1 79.648605 61.24305 16.83259 61.511253 69.68555 74.5979 2.4830043 42.638325 89.46969 48.39021 77.48793 59.218796 33.113403 7.4168024 93.27122 6.726265 79.111374
2 67.92997 15.025407 19.830692 7.834542 58.806156 67.10186 5.4401517 88.49073 26.126307 41.46679 14.800829 46.496536 49.808426 86.53193 31.54729 88.279 39.521133
3 80.851074 90.502785 3.2171965 1.370424 68.812386 3.9423287 43.558754 64.77851 34.27246 46.71889 28.584845 1.3646126 80.357735 23.197222 43.98882 33.105396 88.24884
4 11.73541 40.38422 27.024715 40.074955 6.207919 44.13247 77.37459 8.049738 68.79549 11.408525 35.774773 57.214016 89.30846 3.7956417 24.938833 57.71054 49.305946
5 75.97199 55.10644 6.0623226 95.18022 17.538273 4.6130953 66.682144 84.46359 20.116203 60.460438 44.590706 30.466223 74.963615 82.41562 19.413221 98.86127 87.00742
6 28.993338 17.068619 18.207146 98.95628 97.3964 78.63461 37.15318 98.651 96.66223 41.70139 72.048035 67.73168 16.245157 65.71325 38.00406 67.80287 26.235056
7 73.50258 87.62155 38.37543 63.359016 12.165504 8.315611 49.837025 14.635545 49.899548 60.59563 54.493313 11.663628 65.267654 5.1187277 63.331814 29.457384 71.980644
8 40.580578 38.658066 38.7194 77.67367 2.539271 90.26681 66.53288 47.827404 95.42249 41.5313 62.508137 36.04831 6.8898144 51.97578 63.117367 26.035494 91.367134
9 43.85494 71.78342 86.94612 84.20919 45.380466 84.55122 77.31309 91.160126 84.94798 56.98148 99.514534 81.46629 15.533363 26.187325 39.955734 34.35672 21.91096
10 29.427517 64.072 55.164146 35.127132 36.922295 31.031721 91.94612 7.431698 88.93575 63.20976 69.22465 59.381695 75.84596 39.272278 80.85258 10.902458 62.889744
11 67.78837 87.80409 25.59923 59.32402 57.946007 82.957275 97.500046 93.50284 4.047948 68.08398 70.68121 42.254723 86.4071 37.992447 22.946602 94.19678 10.0236
12 53.10121 47.03033 4.2912903 27.54206 69.9907 97.860596 30.89999 49.555267 75.32628 27.514267 79.49742 34.999935 62.929947 24.923532 9.555065 80.40379 7.9676332
13 3.547126 76.20404 18.875921 22.796238 14.529621 67.23855 79.33273 42.874874 96.84812 82.76137 1.4286637 50.49373 40.15187 71.03417 11.48805 31.43298 25.066221
14 44.430904 25.4466 2.8632104 3.3495247 26.164007 94.00548 97.984344 84.21314 26.838047 57.038803 37.527573 40.15823 82.87052 44.498085 24.084854 36.726265 52.206474
15 91.911064 21.364582 15.545583 10.15541 23.924112 6.2948647 22.986597 6.0215235 69.59797 32.114475 20.681328 73.719635 80.30784 10.225355 46.246166 63.82037 23.656977
16 97.96178 8.962613 15.312422 74.88401 79.2042 16.172863 80.482666 47.490715 0.88793635 81.05138 81.18492 25.458754 7.19685 74.59989 17.696148 35.24864 16.173214
17 56.622185 88.45797 33.127964 52.510483 68.57059 59.19732 65.16959 72.633514 51.08529 49.951256 67.966286 51.329983 80.398636 77.938286 28.761929 96.00964 9.241051
18 0.38474798 76.89799 88.27881 72.217384 74.50656 73.37781 41.38375 34.638424 79.85142 42.683315 94.967186 53.370796 1.9252658 18.023735 29.579485 93.35133 34.073593
19 66.80174 76.884865 33.002834 28.387213 22.659325 77.2097 63.95346 85.19349 70.986084 14.014732 77.33052 66.52693 39.77157 50.367294 51.663185 11.711949 12.259316
20 41.188725 51.34025 15.510559 53.671932 77.91207 83.94694 51.677376 84.5482 90.476456 88.02542 20.524252 17.748945 31.88836 57.310486 9.340501 36.29598 69.79182
21 94.78789 53.16766 32.818855 19.815153 10.574282 2.22857 67.96852 59.422325 76.25398 55.809612 70.75224 36.42275 58.62022 32.95609 85.94648 31.330322 25.51037
22 73.13917 36.71469 90.866646 32.413704 8.077282 80.01826 34.84494 11.643511 14.945709 80.64453 59.53174 36.046173 54.899048 60.53649 46.758057 70.47066 55.58784
23 14.001125 14.246583 49.60983 6.4110336 38.273262 53.857082 87.47895 77.661255 61.352093 41.05991 77.90755 34.35314 55.10702 21.572 47.243465 10.051942 78.02813
24 95.688286 69.317474 10.928869 76.89682 3.6834657 11.973471 93.861534 94.85925 38.325924 6.573147 70.78608 41.247093 64.93353 83.34063 33.61754 8.91633 52.714783
25 1.786381 26.62533 12.338793 20.899796 96.37126 55.732018 25.217129 82.20512 11.73172 64.15893 32.600647 47.638607 91.93904 1.3479054 68.51601 8.993429 26.227348
26 5.13227 76.716545 77.372284 15.273279 26.5131 26.581848 61.807163 72.38914 80.73238 7.3130426 75.889885 91.90179 69.04814 56.778538 62.012245 20.600582 1.94664
27 3.643489 92.3507 39.576435 68.5241 86.29804 8.451718 74.232994 48.298138 84.68293 82.82398 84.98313 93.4431 63.055737 57.280777 74.46671 21.872408 76.27069
28 35.168148 67.41706 38.014656 69.04306 74.64537 54.005264 29.66335 78.28506 64.74704 28.107988 99.84678 90.84287 27.25885 29.041237 64.004715 72.307274 8.000618
29 3.5090208 39.421646 53.047592 28.76289 27.523607 48.216515 72.82964 14.031583 63.616478 52.40129 59.48088 78.216125 13.592911 2.58438 65.78518 23.1395 62.267296
30 56.609745 54.408382 11.1359415 82.99205 64.40267 97.02396 25.627935 95.36414 6.9635572 11.333418 33.225777 72.32678 65.05092 70.333954 14.230174 95.10761 3.673762
31 80.508575 22.25247 46.241535 26.936172 89.70173 79.14325 23.568552 51.71778 77.9544 64.495255 0.8924544 93.62211 33.731182 45.92976 67.31262 62.880833 78.56136
32 38.76969 49.541058 47.5792 81.48597 23.441309 76.292885 65.59194 83.76167 73.237404 36.658264 1.7283738 18.49414 11.437196 34.855484 2.3306847 70.29251 78.044014
33 60.61999 73.31397 39.25091 15.716142 0.4570186 49.55632 90.732376 0.2849579 71.891884 61.629982 28.278393 32.348763 96.571266 90.912 88.77754 56.88092 53.542183
34 54.736965 45.64861 91.99272 0.26694536 10.882258 12.635678 75.65151 83.9881 84.54523 64.84883 0.292176 22.066868 53.13307 58.448895 15.207892 28.072525 34.50312
35 10.965883 71.00773 35.95292 5.439222 52.318478 40.24224 1.8842876 79.61773 25.388891 24.792337 80.760155 31.404818 84.289055 0.37363768 9.176535 4.648262 39.57721
36 18.4236 20.707136 68.10833 40.559723 97.91739 52.80431 3.0510128 74.913536 76.82192 22.438782 48.354385 41.225033 32.77657 83.293686 6.6178083 98.25917 23.328949
37 78.711464 86.39049 80.00896 81.111595 58.471363 33.73835 53.551613 42.489933 84.72954 86.7473 79.73983 98.52585 53.02495 72.82989 58.632095 63.97847 52.145912
38 97.28719 22.724712 38.212307 74.93048 36.716206 3.463173 26.321262 27.868563 29.596455 88.71665 39.837963 16.875374 33.60103 10.994559 64.725494 70.06843 12.5321865
39 34.82837 75.900375 95.12121 0.76919794 25.157524 68.58048 22.163374 28.03598 81.53137 38.87204 5.6921425 38.262497 71.816315 71.10028 17.056633 2.2520304 26.789165
40 14.655894 58.341293 61.514854 97.97743 66.09295 38.537014 89.53811 96.408936 15.706992 32.438828 64.29547 32.155247 94.9872 64.5022 92.133835 52.855843 40.632427
41 35.74167 46.296196 24.515312 11.01631 17.54524 4.051179 27.059275 86.1637 36.946487 13.313097 19.264109 6.8538904 52.44838 54.178112 8.150786 62.102818 85.993744
42 2.210331 83.72685 87.015625 17.257124 50.636967 24.60838 50.17518 32.28216 17.717617 68.652504 76.98557 34.86144 96.115 76.941986 3.679657 0.2693057 93.60114
43 2.5078058 87.295166 65.38989 52.185303 36.84024 6.4080715 84.37541 6.860667 28.869884 92.67762 26.226467 79.56196 10.608732 96.51346 80.67389 80.34423 80.499535
44 43.939972 66.08848 70.78434 75.76511 13.838416 81.543594 6.5348682 46.27505 3.3394396 12.358368 22.000975 38.816452 47.67188 21.274042 13.252187 27.888948 83.02044
45 36.740494 61.32433 29.529821 45.98493 75.55639 70.624855 2.057898 70.462975 13.318497 62.653576 42.416454 96.90281 85.859314 7.9283953 0.9684205 44.912903 75.21725
46 25.91328 59.68589 8.502853 0.88029504 68.74586 98.778984 24.408716 11.327666 97.33158 41.5861 93.984726 1.579386 83.39741 45.221405 34.289444 82.93137 36.682415
47 49.830723 15.841543 3.7436366 78.69791 18.69251 54.962517 81.56612 12.341857 77.72516 54.86737 12.597156 76.840065 80.699234 89.229996 94.1018 19.559723 96.63786
48 47.6689 37.662815 57.563896 1.1184096 87.61631 88.75102 72.52313 92.62379 79.80567 62.898277 70.761505 89.45486 83.909874 86.61653 16.5896 59.291756 30.765755
49 7.070321 90.279564 11.129117 22.525764 37.382336 43.49304 33.417957 41.69037 2.3978114 93.920105 89.79905 4.3159304 74.88401 69.37677 8.342677 17.093372 65.685196
50 39.50348 96.81665 38.098145 88.5473 53.183468 36.84779 77.7782 35.484634 82.34562 7.144809 61.444317 10.063648 91.23264 39.99742 53.737164 1.2665153 45.615242
51 57.405663 86.16334 81.17456 22.742361 71.33456 43.02489 56.144215 11.774445 76.20546 31.433142 38.06608 20.602114 46.861458 65.42974 63.390644 50.669987 69.47805
52 30.681324 20.628292 21.880156 40.39185 8.224094 38.800396 37.830334 34.312153 37.08298 90.71384 73.34904 61.14809 95.35646 15.892678 45.13725 43.574787 6.939125
53 22.5331 28.738821 75.88664 11.155283 79.01676 5.2785635 90.6164 10.218543 10.45307 36.478527 11.370301 74.94652 20.612913 61.252476 8.440495 3.1903803 24.720175
54 99.361824 74.66583 93.94387 3.1983078 12.681699 80.943245 99.34446 34.006905 70.87404 58.53086 18.352848 84.08881 61.809128 45.17661 91.69066 5.185485 76.84302
55 57.063847 84.83659 91.43389 43.78513 43.060608 12.048411 85.361046 15.627569 2.8263986 62.32376 23.83321 98.21961 18.56845 61.081696 68.95051 95.232574 50.80704
56 7.5953007 82.62027 1.9604504 72.13066 6.6046953 53.47234 11.540937 76.880974 97.16965 35.83925 36.673157 77.85214 27.077549 91.71624 58.278187 28.83036 26.712233
57 56.008213 9.034806 41.10861 72.23136 55.0908 86.37635 66.524826 59.527706 69.95281 76.2187 24.186718 23.406006 33.20093 98.079544 54.52211 61.650066 8.311337
58 54.834373 95.85459 62.454014 8.085847 69.43438 25.133919 82.62796 44.753014 7.600957 67.097305 99.95808 58.05241 43.7343 12.912167 28.309626 70.518364 8.770084
59 59.72446 71.02947 65.66725 28.03743 72.545906 24.763554 58.58128 86.67785 17.154758 80.09907 27.225399 55.053608 31.31957 90.92858 33.54932 29.793697 7.40481
60 64.88232 86.89156 43.496853 94.56811 21.668535 78.35987 21.247238 87.15759 54.093925 47.714622 1.4253438 17.974876 32.614124 76.8964 36.052353 92.75807 13.507545
61 43.844456 69.14185 84.09322 33.506306 12.840241 95.11131 99.08165 10.60043 93.53416 90.90319 72.13301 77.71287 19.390028 20.569742 40.443295 79.29239 90.88985
62 37.98825 89.838234 82.17165 1.9219697 78.20663 19.063318 33.18298 35.833843 79.59967 44.19224 24.22096 36.23085 24.28201 36.078083 58.210445 46.376198 12.625307
63 63.72229 99.6098 78.682915 96.62788 67.68171 13.8003235 45.043217 16.461205 49.334873 69.437645 11.428147 2.756554 74.707504 85.3413 62.190754 94.89863 22.899157
64 32.855255 85.76109 61.3737 77.80559 60.220314 52.9337 3.5034955 63.205254 37.06535 19.785416 47.921734 52.345474 44.66861 81.5523 37.967415 67.45976 76.493866
65 52.72913 79.64242 97.27065 99.314705 87.48956 76.585106 53.140854 38.959442 57.5737 51.135784 10.3542385 47.610004 10.433078 28.314024 19.820572 28.251087 66.10158
66 97.50604 58.652733 3.1872869 18.478453 36.79757 23.471855 29.730732 66.03324 18.922884 67.42771 69.731674 53.00047 30.28413 76.81338 88.409546 88.616104 47.790546
67 63.402515 90.08836 76.61191 87.55008 78.40499 37.403923 16.844189 77.704636 98.94411 60.10099 86.46906 10.735446 90.49213 48.759087 9.428823 1.9905269 52.607555
68 77.06873 34.186638 57.426865 31.007307 78.33509 53.706867 28.855007 48.453598 62.730183 75.7538 86.373276 18.672419 41.782475 31.864702 50.046467 61.647034 86.32626
69 60.097122 13.89538 11.8052845 89.591286 9.172326 40.406914 81.06668 14.564115 53.31471 61.350937 11.219293 45.779747 30.363422 56.81265 81.005035 32.19831 87.110214
70 97.9435 55.515175 36.995472 40.863758 86.73849 13.5086775 9.465504 14.58394 47.713192 23.098904 66.63444 33.26146 69.04385 70.5078 40.75288 54.292267 34.723736
71 69.42001 82.03982 56.22939 72.56726 80.60625 42.650486 4.3657064 86.26083 70.2098 41.924774 13.050974 71.72902 99.25078 78.93195 12.479502 0.28271675 11.908949
72 15.87056 19.967503 2.580303 22.971302 75.02778 94.59978 10.414535 69.0093 38.082962 90.75612 17.59991 8.480942 95.19976 5.682242 49.453934 34.69466 93.54753
73 63.26422 83.02847 5.648148 81.89456 78.87903 20.656078 25.950712 36.305714 86.06743 78.64298 19.700039 98.64947 66.31357 34.992016 67.22424 26.781416 38.984608
74 66.61293 2.4893165 75.442085 34.111893 62.12516 67.74694 27.919085 69.874855 93.44254 35.25448 28.52114 87.13309 73.026505 46.79944 18.351984 91.95783 76.99196
75 6.025815 15.524328 24.720102 22.949718 28.476131 64.90082 0.84014535 9.18333 3.6773443 91.08425 57.796394 34.9134 22.921658 46.410324 38.496906 74.23634 47.597378
76 48.14263 49.762524 95.888176 34.54502 36.263245 52.649117 42.140656 47.048275 65.83777 78.900894 70.562515 89.37749 31.868195 74.29367 47.5613 37.50836 36.09957
77 58.375626 70.861465 53.525524 65.999954 63.58452 5.4861903 72.636795 7.9810977 91.418564 93.31876 22.580301 47.07777 54.829643 46.663177 59.974873 71.27515 83.9212
78 50.95311 97.880264 53.29927 65.06007 78.23758 16.094662 99.108765 84.40633 81.47555 29.683632 49.004658 17.44343 87.989 82.62884 82.97835 72.232025 9.455448
79 99.59266 0.7277131 70.75626 14.179981 88.46298 23.082214 68.88462 76.498375 34.981842 45.09755 39.195133 97.26698 65.34449 81.827385 4.3460073 30.540144 96.71714
80 1.086551 32.99868 14.587617 24.25961 69.031654 30.774801 83.03674 58.11382 25.057512 49.668606 74.62624 78.15311 3.611517 39.11952 1.1310339 97.865204 78.644585
81 98.01929 13.573545 52.912487 88.44124 0.7860422 0.80252886 62.585266 16.710001 42.85204 93.63361 63.011395 42.587746 26.110464 46.55757 15.642804 5.450267 16.741444
82 49.89571 40.80459 58.270527 4.1422606 43.392963 78.125175 49.18286 57.23755 70.57593 99.18935 88.66543 64.121796 27.56682 85.0549 38.42628 92.72923 24.047392
83 76.19604 27.065516 78.03984 24.136257 25.39224 31.593328 18.280357 65.31575 57.043053 7.9319715 5.796009 41.27231 7.892549 47.94976 73.941696 64.46025 94.289055
84 46.012287 69.726585 14.038139 96.54665 80.44716 62.35825 0.048691034 49.938168 30.97272 33.65134 93.6177 89.1184 33.621174 19.932629 51.64802 64.701324 11.8863945
85 53.092773 1.9072533 70.20309 53.953117 86.3719 7.29053 19.089645 38.438087 57.950165 35.93354 56.26601 47.92509 1.1365771 74.11899 88.613495 73.851105 26.664639
86 11.73771 64.28034 76.455765 92.12668 43.422127 11.083346 58.31126 11.790382 83.16511 77.868744 73.4859 11.881619 14.885437 77.856346 81.0577 80.89121 57.426826
87 55.263382 61.189907 19.636547 29.120344 32.845158 14.329332 43.810265 56.34954 21.933878 24.62163 3.7696064 92.39809 13.20321 73.00086 47.614906 39.906162 17.393356
88 64.55959 88.490776 3.0031085 93.82323 90.01121 33.897472 16.920364 20.47739 68.89901 71.064415 4.733765 4.1334867 39.582317 69.61661 16.764063 60.30119 30.144941
89 91.42397 99.81669 70.149025 97.74531 82.29285 85.417534 31.135303 89.39284 44.728924 50.864304 97.33258 2.8358757 53.125824 99.43774 68.600426 5.6399107 9.230089
90 89.49328 50.542686 67.39018 47.47963 62.18112 11.866933 33.35283 76.75127 27.834957 6.194133 97.26694 91.186584 58.053062 71.95493 40.924007 41.16112 38.4072
91 48.728474 93.84121 33.24865 92.60675 49.765907 17.981117 21.401066 27.680265 58.590065 50.759644 70.76964 38.99023 99.13703 0.47126412 69.95097 79.15757 92.12577
92 8.016539 50.330215 44.54097 9.994423 89.023384 45.056145 82.90568 85.173996 93.00482 1.5216589 25.253313 94.59184 48.299416 5.6052504 0.2058208 21.581442 60.715218
93 2.9832482 90.39459 95.85643 52.876884 21.24049 34.36291 95.48382 43.401726 29.04198 94.72195 1.023215 88.662506 77.097496 91.69597 61.90896 33.80088 75.93234
94 11.552191 36.025345 27.91847 92.513985 20.347286 14.10895 55.38684 20.57761 56.363194 36.51712 70.69009 66.11259 8.786016 48.000153 18.16395 22.043312 67.65589
95 39.94197 85.75563 5.8545947 10.745043 74.18787 19.142796 36.027016 69.48175 19.717974 90.17597 1.9778788 38.818295 16.275002 22.915531 76.12794 98.34153 87.39816
96 78.10387 53.173595 35.05893 90.50163 49.64052 22.143429 76.0866 21.573597 46.71983 61.922665 83.6572 96.23526 5.266118 45.26847 50.005333 43.321915 69.99325
97 73.604485 78.13998 59.428967 11.967778 92.82822 1.4522672 47.164345 39.42473 45.806683 93.52218 61.887432 35.542255 51.052483 45.179237 13.779521 25.007635 99.206184
98 42.453796 58.02854 60.897236 83.40494 2.9527187 76.132164 9.353632 19.458216 13.644255 27.800728 36.794247 24.108833 37.09299 84.21038 13.259345 50.721245 0.70936084
99 39.514072 96.64712 91.76479 72.24618 15.22504 61.948074 45.762463 30.07415 99.56571 63.448067 76.33524 17.001122 5.910081 37.802593 15.0294895 87.678474 47.38785
100 63.78762 44.273983 20.888836 41.47268 27.612173 47.640736 25.97015 13.419188 8.454561 1.2081206 66.85297 21.777433 0.1888156 60.937958 5.0340834 95.498405 45.24621
101 49.333717 4.4556675 39.50876 43.664986 72.061195 84.69382 24.800938 53.389137 77.565315 74.8838 47.340984 50.866867 74.94756 38.035427 86.28779 28.364939 26.483334
102 65.24642 61.55565 65.864426 49.221676 1.0417223 30.608046 0.95496774 77.2524 56.705208 48.08079 95.13144 23.637241 7.888335 64.49422 44.962864 23.937393 98.655
103 63.587082 42.70584 66.04526 86.94122 34.912247 54.342884 2.0231009 49.472977 79.06089 50.322575 74.306145 8.608609 28.575676 12.356734 62.4471 73.280205 96.184395
104 10.69836 98.12922 82.93856 92.90615 32.901157 0.08448362 71.71036 77.88824 74.979645 30.514479 2.2167742 47.12007 27.29302 68.37694 59.856182 53.60205 93.82219
105 69.287994 11.807269 92.84379 38.568115 37.677567 66.36502 27.0137 15.65268 64.16371 71.09221 52.507584 89.744514 83.88687 49.080437 9.557957 15.369839 32.830723
106 35.60505 60.74113 12.520891 26.083935 69.67784 26.390642 42.074406 50.756653 51.314823 9.090858 58.524483 67.111084 63.417797 93.26432 55.374664 93.714035 2.507323
107 97.60236 46.49335 29.449028 73.44147 42.506893 66.39592 39.47812 95.82249 78.15861 65.67161 20.223433 92.95827 84.21455 11.829549 15.710765 94.74546 83.93728
108 38.216324 3.8126826 73.227 24.805569 67.18925 14.736784 41.2121 26.948357 41.55883 8.28073 10.406953 29.241932 48.899055 82.735085 13.977903 11.335665 5.4332676
109 42.73759 20.156765 5.510455 63.919865 30.808836 77.01279 53.97377 27.679115 56.734077 45.28425 10.365659 40.32812 8.464825 65.422264 25.864147 97.94452 29.926283
110 18.801367 23.871565 12.592352 26.224035 41.25895 27.932453 79.06144 40.499104 22.414297 16.939777 41.25041 13.401466 27.076525 93.05116 72.13323 24.217236 38.779144
111 40.846462 18.272156 49.534885 91.191635 62.459545 83.269966 2.475649 94.77995 0.62081814 46.59938 13.508576 15.3575 19.225723 17.426079 27.350801 32.636105 35.233032
112 85.18686 53.10942 22.916132 73.993004 47.939636 64.40753 25.822264 16.669596 19.325382 89.56919 83.484634 88.975555 49.14199 9.895497 77.58456 97.26927 50.109768
113 36.58835 38.843983 95.016014 33.801197 17.973064 1.2627304 80.10291 96.621666 31.402832 13.937294 3.4902394 7.181859 95.72533 83.67849 60.71575 69.72922 46.647106
114 86.74761 39.942272 35.14896 8.996862 75.526344 90.210686 7.3626223 76.08275 91.3137 29.55497 25.012487 30.438787 36.0038 39.436375 57.706505 64.70349 19.255543
115 45.909657 34.704227 52.673615 82.8436 1.9542038 58.95731 84.29407 66.91952 93.96061 58.397846 84.110085 63.46161 59.49303 92.125725 39.21142 47.61648 35.748035
116 84.8276 42.694492 68.10956 47.761147 76.82132 23.973412 51.414413 83.09563 88.330765 63.76334 51.722687 2.769816 39.03855 44.18157 88.560295 75.38673 92.03335
117 42.16673 17.578197 38.2329 4.6702743 55.37063 96.84452 32.485493 37.618168 35.960205 42.93113 3.1424224 62.807125 70.56938 28.084028 22.967302 6.758857 69.21704
118 94.469986 95.27986 98.837875 36.673283 54.38903 16.045273 65.57305 84.891754 89.73545 61.20828 18.948162 82.17118 50.99111 91.92732 45.34232 15.169519 9.57098
119 96.20041 74.821846 94.33451 19.14906 69.81096 30.266195 56.365074 56.225197 68.59316 50.1814 92.66895 10.011875 75.32065 96.16185 58.18863 81.90148 32.218994
120 89.26068 27.244871 98.30681 9.91515 32.790913 63.075237 83.35117 57.849796 31.385506 45.464355 33.333458 3.6399782 86.88905 60.277855 69.53241 9.999191 65.544495
121 38.888805 63.983284 29.572815 82.99378 51.553387 61.40749 18.964159 34.16462 2.9428363 94.36729 33.407177 14.810258 60.52479 75.62748 49.64716 96.26302 16.626347
122 77.12259 84.84261 51.124596 56.18137 77.15341 48.485058 6.7285776 76.80811 92.58226 88.79702 67.16847 2.4830759 59.78936 57.72124 80.693855 2.2407174 93.73091
123 3.9295375 94.85864 90.66374 28.153347 22.292631 89.78999 56.127964 19.231628 3.560114 83.47924 58.58201 9.787911 78.76325 80.53416 22.892385 89.79849 79.7944
124 76.14442 52.347576 21.912872 8.0213785 14.18131 14.731789 6.801921 35.5104 36.773468 39.45434 53.748615 53.86719 2.078843 76.62028 66.23245 30.835842 7.3298573
125 39.780903 2.3890793 58.153374 50.894962 4.600567 86.011856 50.843037 35.720432 1.0728776 17.879313 39.800835 38.04846 91.5307 20.128792 39.410484 91.02035 8.900189
126 71.4533 49.797256 9.249735 66.88993 99.18941 0.5482495 74.58398 87.58662 59.813488 67.196045 27.269846 2.8146446 93.71163 2.9568315 43.121456 18.237686 97.88435
127 62.168648 3.886485 17.226875 43.855225 36.186695 82.96513 72.74689 32.64798 41.323185 15.412688 16.734112 37.2678 57.48857 13.51968 38.53913 31.47043 7.7875853
128 36.296318 86.92079 45.34046 37.292065 52.28421 87.81428 59.75358 13.965517 24.985117 55.718 47.404903 58.222855 43.854195 27.18246 64.797745 58.408676 61.584408
129 26.729452 82.2671 47.66649 40.955544 48.836834 25.436283 79.90897 67.79144 3.708303 66.961006 27.109247 26.832836 92.78824 10.304081 31.699478 36.172424 4.820502
130 13.719016 42.834427 85.20798 21.190304 11.527645 76.563065 58.05522 95.89712 57.894073 2.024901 56.545395 0.4122734 85.17536 29.682827 67.14298 55.56918 81.93183
131 75.920555 67.504196 84.27087 34.98212 90.22856 9.410673 21.995193 83.47924 47.40168 84.2273 92.71122 21.663374 44.95871 8.928853 60.832817 89.329636 74.21744
132 19.51214 84.231155 66.559616 97.527435 23.965668 37.17255 61.142097 11.050683 18.92696 27.471615 45.402687 75.72131 78.05049 70.3428 73.73685 83.70847 61.58145
133 87.650116 35.671467 95.51089 6.6393557 99.81191 72.25604 36.950035 37.529682 56.89318 89.30509 15.586805 81.60456 92.85453 30.593145 83.81177 5.6782303 74.02725
134 51.467705 98.960915 62.9776 80.21542 40.231937 68.761314 93.5915 99.016785 35.609417 9.247625 80.20701 14.696145 55.9998 19.610632 73.73116 29.992039 95.24407
135 8.401078 63.649284 9.405434 13.228059 3.8404465 39.435883 76.68788 3.6651134 89.96872 31.09346 27.356476 9.42536 23.836254 8.342134 33.11903 64.24664 77.332214
136 83.82668 62.15986 12.808598 82.5086 0.966537 24.445915 26.027525 39.941532 82.0803 70.75298 19.898897 25.868177 77.81447 38.239265 71.952286 32.208538 50.65298
137 93.42279 34.87869 22.34866 69.6494 88.73047 80.44307 39.511192 12.089407 23.82021 84.51895 70.018234 2.4519324 4.1387024 34.9031 23.669916 57.000065 72.23102
138 14.224267 32.293022 1.1169136 71.79458 70.30244 96.29271 38.939796 99.059456 33.106266 90.3636 54.08164 23.53418 1.1729538 12.5458 24.719738 82.29696 88.984726
139 66.26825 34.84778 94.71601 71.139984 70.19166 40.10921 22.690231 57.828426 14.394426 5.7538805 44.21761 0.54415464 19.146591 25.591469 83.38881 26.386583 1.1622429
140 74.375244 79.89707 85.75729 35.345024 57.168777 7.0441604 31.624567 92.74195 33.572163 94.259056 21.472532 89.35792 93.169785 52.648335 96.066246 48.879528 92.47714
141 78.4435 75.549194 44.997864 79.5939 46.841915 64.25824 77.25244 97.60646 49.159176 44.91892 56.053543 83.73445 49.98715 2.3100197 37.25032 50.800602 92.813255
142 60.61033 90.33139 28.654558 95.993866 69.826614 94.672714 53.84285 3.841859 90.125244 99.34252 69.54658 76.70186 11.539501 19.558996 48.374893 70.12556 6.200266
143 69.25805 87.08798 6.5650105 44.55403 88.21296 74.122635 37.377502 52.413307 34.166145 72.61373 21.448915 36.370403 97.45751 38.46517 66.521095 38.14547 6.199312
144 45.256966 36.544853 78.6982 24.25223 76.02413 83.32766 38.084404 78.760475 72.16721 12.719727 62.57305 67.02951 78.22051 7.9637647 54.75612 88.861755 59.496925
145 58.06281 51.396984 86.45251 89.64017 43.60162 26.4979 82.49984 44.05465 21.956509 30.262566 22.770697 0.5691886 97.87479 27.835941 13.027006 43.354763 22.689856
146 82.28403 4.5467854 13.204455 8.715635 14.40686 16.637182 15.250963 86.44981 5.646944 79.25102 22.81447 46.98961 10.363227 51.371307 37.42272 65.466896 38.70131
147 90.06685 34.520046 72.34531 22.628939 56.456715 41.690838 46.157997 4.6611013 95.224464 31.383902 25.82848 93.42107 87.33017 28.470331 54.300655 22.336727 76.27638
148 20.142794 53.061794 70.13055 8.354509 42.625954 13.589597 54.81504 9.951914 7.185328 65.17103 79.95499 80.02387 13.57758 16.367548 84.11486 84.57503 99.27315
149 61.142574 45.60247 60.362774 49.70987 20.888937 6.584251 26.50277 81.022705 54.92571 67.93615 51.259357 29.972416 98.16629 41.16905 64.63902 94.30931 73.34719
150 31.60516 59.6333 54.01393 13.265819 30.670475 1.8010318 33.524864 16.78462 60.50815 10.624152 96.27575 40.859764 94.72287 80.563995 75.014885 3.548777 61.36158
151 45.39578 59.177147 82.90979 62.46094 28.181261 79.04035 51.05434 45.69557 59.688007 35.85701 77.546875 72.70917 40.27569 38.254135 82.11189 13.276023 90.90659
152 73.89323 62.529694 80.01424 16.220306 97.951416 83.05345 13.252467 41.327732 78.00346 84.104904 45.95479 90.47394 40.248062 81.907326 73.25678 32.903713 1.937902
153 22.65901 26.900894 13.610196 6.8603697 59.467255 1.228869 25.191074 57.60636 40.243076 91.75907 24.375957 33.304256 53.85449 19.920975 92.08334 12.939715 41.867794
154 16.226864 19.837982 81.10131 70.050514 89.83337 45.31501 59.067028 82.40795 3.6943078 74.52412 83.97385 59.882027 12.759513 13.113904 2.097249 44.02166 77.16793
155 81.43803 69.03051 95.06857 85.17006 30.914295 75.126114 55.181187 71.45618 87.92419 74.58854 16.197252 88.34045 77.70294 72.046074 21.728527 30.3433 77.5825
156 62.548393 3.8677692 60.42781 96.355774 76.318985 92.810425 79.592445 5.779445 15.130865 84.755066 94.628746 69.232765 95.07845 90.11376 3.3563495 30.775558 13.306397
157 54.965527 47.10006 81.334076 11.760545 87.513824 98.93791 95.08638 17.390888 75.81693 18.500656 92.48017 38.91898 40.06425 22.830809 2.4169862 9.051734 73.05087
158 93.81328 57.2644 86.962456 26.198895 69.58377 4.3576183 8.362365 49.49061 86.53077 76.93613 64.25925 85.0822 44.2704 58.00078 49.563248 3.285998 35.342182
159 40.907974 89.38599 2.2362828 99.20958 40.73763 84.83153 29.14117 44.12992 17.240894 27.254612 20.889027 6.0700774 11.714399 86.631424 68.29945 39.389843 81.24571
160 57.433582 33.929108 25.60581 90.77691 36.11162 64.56403 43.112038 29.250235 45.18635 41.92028 19.007004 85.20428 17.535751 78.26163 23.710812 10.61591 13.582289
161 46.31848 17.215275 32.130222 86.876366 7.810527 92.76808 25.248384 8.49213 83.85195 27.539413 40.27324 46.472504 69.43309 61.155396 76.13138 7.3621154 97.9658
162 10.521471 8.444548 37.04534 89.55674 54.525192 36.823357 47.36805 86.29892 4.2414484 70.27533 53.38607 71.576546 15.213192 92.391846 38.882507 59.352547 8.111906
163 64.70235 0.67456365 8.906144 85.26912 38.92022 86.14536 94.82619 63.702087 59.97394 34.65702 29.622852 73.63401 81.50702 58.61007 74.538055 86.2447 65.285774
164 70.80528 74.51669 59.40817 53.587997 43.644917 46.41342 7.21634 48.628544 5.0999403 29.981821 72.70433 91.44622 64.1006 62.71602 85.746376 42.027454 62.224155
165 59.94303 24.756735 36.935806 62.712585 7.513547 34.59677 56.07589 75.72423 6.888509 29.757381 8.729911 39.38859 41.310318 85.06918 44.51347 9.087944 61.084427
166 72.31646 77.81379 77.13867 58.84592 84.43356 56.571205 46.710934 29.175394 26.495016 6.4789715 7.7373624 77.25069 79.33589 89.90418 19.36583 68.62898 25.033295
167 61.734592 49.164467 46.06475 89.13112 10.154999 80.05884 92.86134 10.699433 93.83728 93.45287 98.069084 14.200264 34.53846 13.05244 93.384865 75.60849 78.55093
168 35.77916 40.44342 56.049454 86.31118 41.3528 69.94774 8.912987 57.783134 13.464421 19.457066 48.35139 14.587003 96.104836 7.3891106 28.441673 77.40483 67.01007
169 78.71527 11.0784645 39.681995 25.107527 88.81259 67.664055 13.345289 44.375248 70.92514 43.489857 28.020388 47.05642 88.684616 25.784111 97.464325 44.409466 76.2115
170 65.97308 22.605515 3.1399906 46.593117 65.81723 3.239119 35.686337 26.204432 5.6040525 55.157383 18.261003 82.656 63.180344 27.963001 92.94104 32.436836 95.77768
171 44.24126 60.423428 78.94751 65.625916 12.938595 64.896355 70.03146 26.374584 40.05927 78.72016 17.814928 24.276234 76.05829 24.46912 73.223564 37.667595 11.049581
172 7.876253 37.586456 95.06535 92.19964 55.180923 57.95658 98.53503 80.03566 50.446884 38.9255 90.071594 46.023857 96.05388 98.604546 47.5361 8.390373 86.53884
173 50.965076 79.024445 99.05055 1.3544798 50.816734 4.017049 95.527626 15.318817 45.36035 2.6955664 58.291935 71.25546 30.545849 75.65478 8.0069065 2.5913954 68.525856
174 61.93415 7.265133 74.81758 30.513132 98.708176 77.63351 94.37405 47.578133 88.78279 61.8611 17.650383 79.67961 47.735603 11.160177 57.666027 13.883286 89.41095
175 43.334026 3.1930268 28.734499 42.65014 35.543293 26.50271 79.61291 72.52853 18.58514 98.76312 75.177864 62.72267 62.1796 63.906128 97.34071 41.493225 43.950016
176 45.353813 25.266493 49.50605 91.147 98.48744 30.466152 33.500874 62.858677 43.616165 26.907707 43.64184 92.19556 58.226162 63.130127 35.048805 50.02287 7.5460315
177 97.52792 54.124546 93.08278 3.3458233 82.29196 89.28819 65.215126 2.1016061 14.008689 2.8363526 77.819435 55.22508 71.76548 37.931812 78.23935 71.30988 27.974451
178 22.028893 47.490345 28.92797 68.26614 8.059859 53.352673 19.377327 19.032955 7.91654 24.536823 3.2063603 42.900116 62.46682 36.183964 28.90191 1.0102272 49.65936
179 87.73533 3.7223697 88.02969 81.11846 69.10375 87.49105 51.78868 59.751816 9.579486 32.757904 9.079033 30.838644 72.03626 46.921562 46.048367 29.196823 30.370241
180 51.82309 43.597393 10.521579 64.8639 57.435234 32.027573 18.832964 44.041676 12.344867 55.7765 29.965675 74.85996 3.8452506 8.360624 76.79583 89.59757 34.011513
181 83.622185 91.85129 67.99531 19.836044 25.116951 41.332985 39.00649 50.36853 48.109703 98.43503 66.499985 72.17099 54.35702 48.05516 47.50081 76.90564 68.90573
182 97.209465 66.72101 87.479454 49.837082 11.194497 85.447845 8.144379 69.61909 13.077563 51.102566 40.876762 42.93605 89.55418 2.308786 17.130207 97.04616 88.517075
183 96.025024 37.877644 2.4443924 79.571884 82.67374 13.252515 23.505896 67.760956 13.274455 98.89573 19.546062 0.28281212 41.9592 12.460667 49.113113 16.195505 27.074343
184 99.07879 66.141174 47.95634 75.076355 87.71346 71.71768 61.97887 80.896515 25.31138 14.598406 1.7936349 15.226799 96.89414 46.241314 83.30815 88.678185 86.92344
185 0.0923872 56.311863 81.95469 30.442566 12.272316 41.814423 93.60759 56.97585 52.873093 40.903847 97.68184 81.60053 29.03273 80.240295 74.300316 26.950443 27.130228
186 62.55036 30.175346 18.436092 20.211136 60.856037 42.974125 29.254395 5.5574236 73.77552 74.74455 28.70686 97.658325 19.995434 13.139856 19.155794 64.28707 24.674023
187 24.437069 16.142124 2.5718927 53.64381 75.36119 10.599226 41.55838 5.2021446 89.1012 49.868004 75.54985 29.186226 8.796459 28.807276 65.297386 21.913015 14.904636
188 7.46938 42.772068 39.224537 73.520546 76.65584 59.729237 81.9295 24.747217 6.5769315 84.572395 74.79811 74.035225 11.518204 69.20928 76.18671 46.977783 89.88713
189 34.79326 97.39345 57.91142 94.604904 8.651185 63.83921 24.923325 14.167547 44.56821 31.803793 15.167123 5.7832837 74.246315 60.21645 2.9607892 95.06931 32.55716
190 85.20094 73.76952 13.4429035 25.610477 21.822893 66.20997 76.46331 35.162533 21.706617 44.56058 51.17978 81.06011 3.618157 70.39826 25.5359 64.88387 86.30222
191 54.93998 80.90461 51.41173 36.17511 36.04591 3.024733 82.72202 77.09107 24.799717 15.437084 74.514565 33.3027 96.84289 21.744759 91.4231 10.728174 80.48987
192 32.730507 2.6680827 94.333244 85.93644 85.94882 60.35636 12.25853 73.004974 38.577824 38.142075 9.512293 15.820587 99.087074 99.94882 87.65542 65.11584 24.98238
193 8.208757 11.792475 57.616997 38.173748 13.853693 5.026227 78.83169 27.33361 20.41257 43.82102 53.758907 19.239449 70.40818 18.753845 49.362576 5.1100135 41.24468
194 25.023853 4.4376793 20.24169 51.44059 19.767778 14.662367 58.038593 96.95591 10.42757 52.644115 85.3258 56.115128 84.68958 80.66765 42.47234 3.932774 30.223728
195 55.234337 7.4730635 60.257042 26.773232 41.508026 71.203896 97.878235 87.06834 68.1727 75.342224 57.479446 22.361696 1.248455 64.01601 45.979595 66.722565 92.95187
196 74.5053 37.437164 98.00685 39.134556 65.97611 94.31301 86.87902 28.16285 53.29792 88.66181 15.450567 83.84674 65.81456 23.92485 68.88134 45.285343 99.149185
197 48.68627 84.34068 13.929433 27.682966 63.34721 67.53282 60.991623 22.525288 62.545532 65.85623 81.346504 96.17131 32.745518 35.303585 9.604561 12.51601 52.244915
198 4.3421745 63.024616 46.669197 75.46348 28.98339 28.823322 10.612369 44.415497 38.604694 81.28076 30.989086 66.421104 89.19126 59.427685 47.36856 51.130474 99.69373
199 98.19113 11.625921 73.63872 36.140614 25.394785 0.410676 49.735115 97.80041 81.24285 87.10997 89.10075 28.672504 4.7095895 61.64913 61.546974 37.322636 58.02102
200 85.61651 38.239807 27.80741 23.12318 46.571655 86.41168 76.20303 26.217949 44.328064 23.512756 90.92949 3.2105088 39.137638 10.3537855 63.31914 61.91228 98.00207
201 56.857086 98.20561 79.301926 42.064774 66.94097 46.00651 73.85032 71.778534 88.257126 78.9544 45.210625 94.193 99.4837 38.72118 84.372375 10.469807 43.216167
202 62.41916 36.150383 24.130482 40.821583 83.3988 78.66201 79.406 40.621864 24.76173 58.83626 32.53094 0.20120144 12.243491 53.156017 40.367214 74.308815 42.08249
203 74.48291 34.121048 22.62966 44.48009 11.238605 40.215332 6.5635085 87.88504 8.263272 44.991196 65.09132 10.029584 99.75277 49.54532 39.88334 32.64262 5.7629704
204 70.68251 16.14468 95.11791 53.39762 54.008137 4.492646 12.986189 82.063194 36.247425 70.66996 47.504467 15.740132 31.914103 23.435349 38.522697 12.307829 0.73079467
205 59.916866 62.317074 35.355175 48.307903 94.50496 95.40529 93.95792 15.412861 28.506094 93.406334 93.51775 57.91319 58.83927 87.51532 70.40953 17.675173 44.666843
206 99.68263 5.9066057 37.176983 9.698439 28.479486 43.2484 0.49481988 27.746588 41.075333 54.938347 59.100933 31.761438 60.733734 16.137774 61.342113 77.90831 84.55399
207 51.636635 83.62861 51.21748 31.458569 7.1830807 13.651204 96.93423 67.07758 96.35095 61.06508 19.995249 99.449036 38.590252 39.05274 96.18406 89.38832 6.1746597
208 36.33693 53.66428 81.84573 62.531586 69.20218 98.009575 82.24246 3.5722435 97.858025 91.85911 75.14144 10.356199 12.306947 50.30634 94.9713 15.510863 36.348312
209 52.51843 0.99146366 58.62945 81.350044 90.38731 5.1913557 15.3013115 66.15992 6.797695 34.093792 89.95861 38.527374 13.991821 38.03341 50.38875 14.497 10.205102
210 66.76869 89.15936 43.560528 27.997625 13.436043 38.493813 2.3726225 87.327286 52.85547 56.04092 82.31626 91.28211 10.849875 81.78967 25.228191 82.45255 52.157463
211 34.93458 56.558544 77.183395 52.12472 44.2109 90.84775 56.46562 65.904755 58.063663 35.678417 23.140162 55.402374 60.52512 87.53176 31.579596 13.56706 74.95024
212 6.89162 68.34361 5.5138884 97.45862 36.451805 59.78706 51.837837 93.27674 11.663347 18.613422 19.680601 66.95216 28.689688 18.353594 77.72384 87.96809 23.014038
213 19.213795 61.24421 99.53346 59.67168 16.243626 89.41248 44.733 0.8797288 60.954243 68.70191 21.827948 51.540314 29.059649 0.95289946 91.90022 60.844868 92.67407
214 22.49838 46.38959 97.46351 66.892494 19.77467 40.10867 5.335265 64.088135 67.82707 74.31865 70.9626 19.421595 99.681595 93.257645 95.753006 76.97535 48.11931
215 31.543476 18.048042 15.670633 76.19612 16.0963 89.05519 79.82063 80.95024 8.178597 90.28343 82.01543 75.9932 43.929005 22.922342 1.2744129 25.766516 47.031445
216 82.85573 81.35718 67.651 98.13585 9.932386 81.17323 51.141445 32.11525 13.311237 68.81578 87.058624 27.55543 93.050156 24.368446 8.189088 60.9359 13.824547
217 4.8641624 27.559822 30.249512 22.26234 72.23918 56.319473 45.355503 12.698823 25.516092 32.274544 22.766811 35.33193 59.519653 67.69312 74.99573 49.25376 80.996284
218 64.02873 14.745987 64.41608 99.94957 57.533447 94.42909 0.3387928 19.263071 56.935883 15.54535 44.68562 23.2606 48.881943 90.816536 96.416695 8.820242 72.91226
219 46.55967 71.10409 68.14054 82.43118 62.184673 70.49449 66.44612 96.27088 57.981895 35.168594 21.070862 24.747133 38.196476 14.135671 79.784355 0.02772212 51.99054
220 74.68451 79.31211 11.4924135 55.054127 11.369735 92.18225 8.666813 95.690765 86.540306 7.815683 86.188484 44.083004 83.52223 47.728996 63.84928 66.610306 84.9686
221 54.469257 59.605038 79.580864 5.8202863 78.13728 71.9145 11.148596 35.923813 85.83717 20.041067 45.676537 50.085785 49.928623 75.00998 12.10041 61.9766 6.4359245
222 70.56253 24.227577 66.91042 80.32372 41.29979 55.222916 91.51937 28.588772 55.687515 76.196335 45.41375 73.3058 13.939643 56.787556 21.097273 67.032555 67.060585
223 87.47928 79.017494 23.516209 93.37002 64.15605 70.32306 42.703484 85.33358 76.82445 21.626394 84.95805 52.966995 69.64236 35.10403 93.50775 23.771185 18.257015
224 40.18779 3.9248884 4.203737 84.26995 86.80378 6.3866377 88.02519 13.343221 56.809418 71.13807 34.213932 2.5067925 22.4809 4.614729 56.07217 59.65804 26.44664
225 56.767593 36.01161 51.65759 44.491474 47.0237 12.485117 0.9820223 14.62751 53.827892 39.610203 60.315968 36.511475 21.72317 42.010437 12.03807 23.766148 70.3812
226 30.896872 99.12658 7.4300346 45.893814 98.847244 65.98888 66.32184 79.04772 14.35656 44.07996 94.583855 15.357101 20.07696 56.451122 98.39333 53.51305 35.60325
227 87.660614 53.44764 82.87967 44.36679 97.44249 8.294809 96.03997 30.16454 76.39127 12.164867 82.54942 30.371613 4.462743 1.2421548 87.43279 6.0785713 84.66433
228 36.198013 59.06434 43.184376 67.82049 33.485012 71.4692 99.60094 44.22352 30.896503 5.4037037 91.7361 65.35204 27.052284 19.505554 65.68219 36.257256 7.9254627
229 60.105705 55.22226 25.839293 39.73565 7.7785196 77.86518 18.787039 55.267864 66.25388 32.433 46.718376 74.017876 79.86675 15.86433 5.8824835 79.90694 48.279102
230 84.290726 90.08137 83.35946 59.84315 13.327694 37.206985 37.315655 19.8125 16.949017 29.508102 74.589455 27.839518 23.145473 76.49559 22.524231 96.078766 70.48283
231 96.925514 11.103267 69.0617 33.157337 55.789585 73.806366 47.698074 36.50073 83.477196 93.151985 59.735004 31.223906 38.599606 31.919426 99.268814 26.935555 81.295654
232 28.715414 59.025764 75.36612 9.642118 5.353236 45.732273 55.820774 14.105261 11.282319 34.676517 72.039604 11.391443 15.186721 32.274227 76.03562 93.74393 89.319016
233 61.90866 3.5992384 38.412315 31.921227 19.397419 33.80272 56.976543 46.289085 0.087845325 74.62252 69.28565 71.05375 33.802616 65.147934 82.38364 9.794241 69.71363
234 65.998634 62.912743 84.17298 87.84513 60.58266 60.64368 73.73822 23.486614 95.553375 71.080864 68.005516 35.58729 66.94489 93.187645 48.37283 29.52236 84.46817
235 22.395832 15.109044 21.846502 78.63578 23.989683 49.667145 62.223095 19.865232 14.034796 46.80413 72.14229 94.414665 67.16784 1.64783 26.88436 85.66848 7.245171
236 1.4553368 66.074646 80.46583 79.10385 53.190887 27.805317 6.2137604 60.113247 99.35736 34.420025 85.62649 37.951424 4.2017517 26.487844 10.069746 46.84868 69.2511
237 21.110064 0.4658401 35.687256 95.20307 26.450848 75.144455 6.6788197 0.88923573 55.26211 38.331257 58.269493 39.056267 64.25271 60.39043 37.419277 83.09042 85.5596
238 43.52806 28.003342 63.875095 82.50616 64.284966 98.885 97.36572 39.534042 99.47538 8.873594 92.146576 9.986294 75.750145 19.528711 63.470406 83.67952 17.98128
239 30.389357 2.656442 76.373886 99.29051 6.0411215 75.128746 76.834335 39.70608 68.3959 9.023523 44.742435 42.864727 40.120148 21.699184 28.893364 65.433685 32.344193
240 41.479404 53.588913 54.370647 9.213936 64.691444 99.66875 67.946365 47.668587 36.986668 22.024614 80.61167 58.765106 26.816887 98.59519 5.099386 89.20824 26.871258
241 86.68368 1.2254179 72.33139 55.64807 74.980255 66.11758 17.018164 60.851322 6.973654 59.294083 82.93044 43.98262 20.628893 35.18663 89.45094 21.677023 96.48344
242 70.219124 94.0542 24.651455 41.925285 49.087883 80.05011 65.55285 12.680685 40.931225 42.020966 8.780694 96.8341 58.92599 4.58163 70.095955 64.47205 72.6197
243 62.68089 3.4111917 33.786995 79.92466 72.43978 83.79112 77.76596 51.9038 34.963287 26.899136 14.049387 27.81654 12.699252 48.734867 92.86908 57.73188 61.35188
244 38.665752 46.91607 95.52897 89.24494 11.918473 54.364212 24.282097 11.096579 13.633627 17.96341 19.668156 11.696684 49.38144 94.05846 3.7523985 95.81832 21.081608
245 44.589787 22.730225 69.255684 2.2741854 0.6570637 67.1651 69.13584 12.670058 50.204514 94.018105 63.135166 64.20064 16.00983 66.17508 42.041206 85.032394 8.679903
246 89.919266 89.89735 65.168564 97.09324 54.35875 83.9733 58.598698 74.059525 92.500015 32.80456 69.057304 35.33283 32.57422 35.886417 6.2114477 77.01999 64.29775
247 51.20199 38.719864 30.437094 39.721424 96.08352 72.61324 39.21231 76.74341 18.985008 25.668133 74.605 57.594227 52.18141 49.03062 29.362846 69.82227 52.36413
248 9.747106 14.78622 36.504776 23.298 5.847788 60.89274 21.381783 84.42563 48.286118 25.61416 76.9737 45.399033 40.75866 9.818667 65.921074 89.39633 93.921906
249 43.698547 22.01804 79.714714 69.80483 13.826662 4.7475457 33.055897 5.6205807 85.15554 24.432003 49.234188 74.352165 98.664536 92.06164 27.40028 8.382475 92.56982
250 53.943993 11.508268 18.327505 66.37757 64.8318 97.44528 53.69591 35.02461 0.2466023 57.33895 66.93234 71.41583 8.247244 25.968903 95.01293 15.401822 9.634608
251 84.40635 70.5691 5.270469 13.087172 28.026855 20.352184 22.846 65.34914 32.481773 25.860632 8.050293 86.52057 21.235306 77.590965 5.102211 84.71463 82.59808
252 89.41305 26.288723 23.651773 0.1003921 87.09072 25.379288 59.768414 16.396309 99.36626 40.275265 33.55254 93.084 61.007084 11.456388 12.321013 3.8398445 54.79645
253 91.33438 40.572388 79.63063 38.96775 0.9421468 69.2485 37.58567 13.679046 49.728752 49.39444 71.04012 5.7584705 35.912125 89.30666 60.52423 96.39031 77.24264
254 70.60513 13.856381 78.2393 62.59165 88.86993 39.347565 23.620356 55.00501 52.471584 57.352276 35.920685 47.31761 20.736212 21.477825 75.08957 66.74115 54.171574
255 37.726013 22.460438 28.704136 57.50226 75.286 28.605473 50.39514 25.896454 70.78459 63.800232 87.75342 19.002289 54.253273 27.76606 56.944664 32.048492 12.174946
256 32.74194 32.594513 61.916 44.575214 31.010496 84.23347 65.17962 39.633614 39.47116 62.599163 18.89025 52.681458 14.7376 85.775696 50.36946 35.2609 42.867638
257 97.81536 34.38216 64.24143 38.85681 89.740204 32.41645 97.48572 58.398827 33.975346 94.91947 59.449203 34.406197 1.7019093 71.51624 92.17234 84.975395 10.776705
258 92.587395 0.72804093 39.766342 6.2511206 47.027824 60.230583 85.353966 61.701088 92.28944 18.46835 94.51859 27.180689 83.47828 35.125916 32.504993 47.326897 95.692986
259 8.009833 98.14068 53.724754 68.13287 87.84642 77.82013 60.90839 7.7586594 16.80165 54.50225 91.20168 25.25826 9.168363 6.115967 34.935333 15.36578 44.522007
260 52.517242 48.417877 48.631912 59.472553 17.097706 70.45345 81.78459 0.9111464 78.32992 31.317823 70.90202 64.89867 13.278538 57.117607 45.60908 66.16941 15.055466
261 72.61979 66.0778 15.284962 80.30753 51.26579 88.252625 76.99478 62.36588 90.555534 39.730774 24.12591 17.240732 31.743687 0.2218306 17.681807 0.10637641 36.336052
262 60.413647 43.690445 11.497366 58.77568 33.12241 30.17667 27.646965 59.59468 25.353891 89.478645 56.074936 19.869827 71.714005 69.58063 33.818436 93.81233 33.65516
263 17.354988 75.05421 58.560627 98.319405 22.316807 91.05159 39.608955 61.040325 13.981188 57.506813 46.734745 50.506477 73.02301 21.732944 2.788949 91.59568 6.58204
264 99.62566 79.35144 92.200035 53.20577 54.809807 26.157253 64.026794 71.612724 20.229889 41.560722 28.243393 29.7886 76.32205 39.37679 32.612038 23.556196 45.75352
265 22.538572 92.91838 94.910065 78.807526 39.516727 26.340855 94.86453 57.408844 27.800322 34.045254 99.674835 31.422508 6.445116 13.64938 75.968025 55.42252 72.31926
266 96.02265 34.033733 25.138123 51.848083 44.717007 70.31131 23.074621 20.46922 77.5308 92.56625 95.51833 98.41203 48.46309 33.535637 66.72761 75.62626 2.6094973
267 81.66181 89.35439 86.583824 7.1839275 8.211857 67.11455 12.205869 97.435776 17.443562 20.82544 10.328144 18.195856 35.93855 1.862675 85.97862 9.364289 35.751354
268 57.874172 90.42998 78.90098 27.155096 89.56053 54.698605 39.656807 85.59798 90.13142 4.144037 99.36813 95.67962 61.63399 90.39526 86.815575 5.7355523 55.99253
269 3.3719957 54.822094 19.766743 89.87845 67.12081 13.54838 90.31654 48.34353 70.05221 39.360058 74.39047 84.7014 63.51183 57.13168 34.106617 75.95391 77.075424
270 71.76521 90.49247 31.96194 28.214735 0.3011763 10.30401 30.698162 45.79416 34.462852 36.096268 54.7504 18.0417 7.787758 74.743065 99.53708 17.071968 97.46533
271 81.473114 70.53364 33.66463 12.229813 9.106893 64.584694 81.8231 90.578064 5.955225 63.798344 45.721413 2.4312854 12.747002 54.60624 49.12159 39.189316 27.527487
272 9.656983 25.399858 26.798136 27.805387 46.936996 65.21307 71.64254 87.988686 64.83768 67.881516 75.27413 35.55703 70.08129 35.141247 39.490646 6.2585773 89.061775
273 24.468475 44.210148 93.23871 24.145782 40.204983 65.85742 20.317274 72.01955 39.78316 20.339458 90.102425 18.780375 89.09093 51.682137 74.298546 18.986607 24.122084
274 42.394817 89.029526 26.444715 88.28028 24.799133 71.41875 91.58081 77.86129 11.891383 85.764244 62.587948 68.207565 12.60482 5.708379 9.241158 24.752426 28.212727
275 61.67304 33.723595 55.652763 55.490673 5.9232593 91.71751 4.0148377 17.37569 27.908802 39.40132 39.977467 55.271084 73.54763 63.191723 17.320454 8.712816 58.956463
276 74.72161 41.069298 70.511185 73.461525 44.608105 26.084768 89.199646 91.75951 56.308956 50.23795 28.960222 40.62998 32.372864 46.918423 31.267284 22.97436 86.55392
277 81.81 26.22198 99.081696 98.78942 98.660446 46.679 71.37221 78.45354 42.798668 19.34449 50.480206 52.428444 13.105667 66.41282 85.00566 86.524536 0.77842474
278 4.187131 78.75032 65.08849 33.35497 84.48046 63.480145 28.032988 5.9734225 86.22379 34.50822 6.0851336 88.65874 32.226192 34.517757 33.178757 2.5725663 15.866834
279 8.45334 24.313528 52.690178 68.88748 70.97373 32.8926 46.412933 61.447163 76.415726 83.86149 63.376396 84.062454 59.56352 78.548225 31.427145 35.661537 0.4123509
280 89.90691 6.731886 8.217848 35.781105 89.161285 15.62931 74.59913 99.851204 38.215782 44.580193 18.483807 80.83669 38.541687 28.917854 92.38501 64.932175 83.76361
281 96.61597 8.720875 35.91485 27.385176 39.602745 99.02906 70.32878 51.835663 70.95125 65.20719 26.651424 33.4347 54.318203 74.24458 61.39501 8.417874 74.10592
282 52.282513 6.4506826 96.61163 26.861174 35.80172 27.426697 65.77278 21.343834 65.89895 21.111423 75.411285 55.499596 27.406485 46.917023 23.80157 11.32263 57.266426
283 69.20355 5.8769045 55.4234 78.14703 88.28085 38.125526 25.216358 63.644375 82.73449 5.1107526 3.265214 53.224606 76.18284 61.777107 59.78679 8.819187 80.86696
284 87.55037 63.99641 23.987282 88.38923 28.972965 6.320423 51.920544 55.79799 4.1327357 27.008373 34.21062 30.973743 36.64818 42.91473 69.96771 34.380985 71.98862
285 97.81743 29.119783 50.74269 32.263138 16.28859 56.900414 21.670872 35.453636 14.58599 43.823795 82.905014 34.85138 51.108223 9.8370495 73.29472 87.95257 84.5314
286 18.633234 99.2978 0.35882592 39.761395 51.916325 62.397923 88.70754 64.29771 20.158392 17.888142 92.0319 33.57895 10.316669 3.88875 28.240501 40.494537 99.13583
287 57.80735 31.943916 77.69436 27.91109 73.80178 32.28481 1.8614233 8.607006 75.83356 90.70636 6.048143 37.503345 14.823151 44.990395 32.89438 39.37328 0.024163723
288 18.993484 40.48552 68.70471 50.36849 99.201355 0.27575493 3.5777628 84.10941 36.7159 18.462164 89.248764 39.07689 64.104515 48.077305 11.814755 42.293804 73.5107
289 7.5641212 4.904956 89.18202 58.69186 65.46006 44.343685 88.27212 97.67272 51.86454 55.140053 17.944014 33.24948 41.473816 12.7851305 94.551834 79.73374 35.081184
290 45.289783 85.17359 50.47995 75.562706 45.102192 8.584243 11.603128 38.565125 50.241226 51.852398 42.88486 69.5124 3.7213802 10.74124 42.515816 18.342417 9.4899
291 14.951235 83.67851 86.82821 64.32296 75.83538 98.990265 24.74699 8.923758 47.770584 84.7735 28.912533 41.13138 4.6656313 27.581305 40.62427 10.799408 31.47533
292 27.27329 43.913723 43.462257 24.981588 36.419563 19.651735 50.11444 97.96842 37.426613 53.747463 87.83327 22.293901 14.361393 65.0136 62.942814 16.84574 44.142788
293 57.545765 70.1218 50.11912 75.030205 0.48372746 50.28855 49.89709 92.93686 45.66738 23.05342 86.53187 7.112068 50.9117 9.626442 65.4661 45.567764 37.407528
294 45.73041 49.30796 11.975533 67.17401 85.53651 51.95409 64.65246 37.673622 93.96119 55.476643 75.01774 1.8431902 0.7023871 94.85099 68.183266 93.14762 62.826366
295 12.760866 48.09564 66.144424 29.032158 84.8989 40.145485 16.834545 76.218575 60.169212 16.983593 76.21055 63.773144 6.3414454 0.32650232 41.400677 22.018845 32.913475
296 90.00523 27.212614 15.230817 13.684911 68.92754 56.33362 36.122833 12.861032 71.8198 17.634768 45.06504 42.99467 9.733504 81.71067 43.706375 39.89121 79.799995
297 82.77853 7.1251154 19.473194 99.365776 32.240505 11.9203205 1.8100917 19.520664 86.52284 18.398602 16.913372 49.537857 29.247343 54.6305 90.88842 60.584312 63.43302
298 27.886879 96.59385 4.252529 25.395561 56.869537 13.622152 44.341873 99.50264 86.083954 3.280419 44.524532 17.20652 54.342766 66.97569 11.023808 89.12924 43.223114
299 24.220402 59.48164 33.798588 11.631602 49.152817 55.37899 8.365929 20.569397 23.36446 84.591965 6.7848563 91.66319 55.850506 7.1255803 0.05734563 5.7741823 47.52303
300 65.28462 45.892292 98.56623 23.985952 85.35028 75.15999 20.671272 63.76214 77.375534 67.61972 6.2083125 24.04738 94.449394 96.36319 97.88242 28.066147 24.479675
301 50.131172 55.511337 69.504234 13.287014 25.068539 81.21329 4.142457 36.985493 16.584755 15.066868 7.1226892 78.95288 80.851746 34.059196 48.21601 17.18688 81.226425
302 51.624454 75.56728 81.834335 83.7227 99.903366 50.759007 10.812605 27.831734 49.701454 71.33003 69.673874 23.815601 9.478527 79.32392 36.46249 28.457504 52.86398
303 40.81311 4.865885 30.58238 70.27612 97.995605 71.35445 51.96951 73.15397 25.3017 31.45308 94.129486 5.825549 48.450756 74.30557 56.44095 29.688513 21.598518
304 86.11527 25.028902 34.52927 65.21104 25.015646 7.2704134 32.63325 85.25186 30.90012 25.751192 90.82777 63.398296 72.49013 13.747126 24.552261 95.59401 94.52749
305 86.80945 95.08178 81.14849 14.835125 30.794918 27.562916 22.21712 83.80614 13.769627 72.79729 80.813156 77.67567 29.75548 21.774775 81.04884 67.03345 37.473934
306 8.68224 13.175291 19.093412 2.325195 98.16744 44.85 37.206 59.14066 96.51221 27.128786 65.2496 25.138956 87.36304 77.74192 34.4507 34.444897 11.895299
307 63.618614 72.75326 78.99803 64.6748 96.28111 44.29336 6.2512817 91.76523 7.111245 21.3544 86.368164 71.36406 20.63409 91.21356 54.36113 51.794426 80.46274
308 63.686623 3.5278976 72.213615 68.56549 15.3916 42.4528 10.907591 59.77438 97.55263 79.625984 90.32622 62.237453 54.635643 7.335573 20.689129 54.673542 80.64116
309 73.91075 21.483051 63.228798 53.183758 53.703613 16.716534 46.429996 77.58312 4.523164 32.447197 24.717337 84.408035 88.76814 18.714655 1.4157295 14.899283 87.49911
310 90.27354 51.42901 5.4046926 55.462246 6.914383 80.63866 20.66136 13.005579 52.98694 87.74263 58.036186 0.35415888 93.11245 47.42865 42.583084 97.33911 75.91638
311 12.24922 93.19849 42.971306 86.66731 34.826756 70.77708 43.84379 52.52362 3.0999541 22.918575 96.92888 28.029352 71.82604 39.558037 43.66021 13.740587 52.63713
312 98.344246 30.072826 25.392025 83.33549 46.442383 48.09544 55.63069 52.08739 70.77048 40.78893 83.66371 72.58557 5.8887243 48.408043 51.614742 37.50695 17.553484
313 70.695816 59.19839 66.6673 50.343426 5.931258 32.553238 86.70342 5.0957146 70.131096 8.586603 55.993645 1.7997324 85.71109 85.652336 83.51923 17.042095 82.15654
314 25.296217 86.69547 63.348736 60.215145 31.461733 20.646603 97.409676 13.249188 74.06618 71.311195 22.094744 66.17191 87.15847 95.05433 45.580185 14.412117 39.694233
315 67.60252 12.327379 17.22908 13.861286 61.1417 52.916664 5.1296115 4.223323 37.926014 60.987038 97.873375 75.8962 45.895077 89.22273 34.4082 54.51942 42.312897
316 26.230091 89.93338 10.73454 97.60782 31.344742 88.08623 0.8467376 37.25732 44.294506 11.990606 19.750536 35.134327 75.92437 19.661171 56.284904 49.185764 19.88641
317 84.15305 41.99636 88.18425 93.641136 3.0751348 86.69556 66.6781 30.952246 65.89936 65.86829 70.82295 63.241238 80.21566 91.43438 48.733364 69.97108 53.080715
318 66.83839 10.129565 70.2314 3.330028 16.117699 77.720955 10.795945 61.671234 33.35191 59.873997 67.32317 53.11793 30.49128 95.13071 72.59266 70.486885 57.54159
319 65.10966 71.54538 46.958714 26.811897 45.83294 50.56914 42.846565 22.585333 7.738483 16.399288 38.54568 7.140869 22.282045 96.9577 98.02807 14.335066 55.390312
320 86.5132 50.14149 31.561804 43.945194 65.10747 57.375492 21.270084 56.368626 36.960117 71.73507 93.57325 29.209972 74.56339 47.04348 63.878925 71.94992 39.7343
321 7.571846 73.77002 17.12283 15.653049 99.61786 12.24972 13.984024 5.8393536 49.8454 98.41552 74.53255 88.3719 60.230785 8.949762 60.528027 3.0227244 11.780352
322 95.62036 80.56077 62.252106 69.292625 13.200676 55.15642 26.39842 57.90225 98.58115 14.794272 51.41963 63.591778 21.906513 56.625294 82.03174 27.982145 92.69639
323 88.19121 22.188986 10.267287 3.2677352 94.72873 12.016964 62.95949 41.364746 46.416397 89.31423 64.03829 99.515 5.470419 23.660915 6.0887156 53.88442 44.168194
324 11.409664 17.078066 16.722197 64.08389 85.0923 70.621056 78.11026 36.03225 66.07291 93.04929 21.709263 7.9698505 14.948833 36.52471 10.389012 54.49511 70.88791
325 22.071434 8.720839 43.27922 24.751133 63.06284 15.780854 48.9732 17.754667 21.769464 81.86773 58.655704 69.15448 81.49017 42.689186 41.06053 4.887116 1.057589
326 23.243904 27.561838 21.476454 62.69555 97.75846 10.670895 83.34012 97.94022 81.18249 66.6476 19.730537 38.309074 19.26341 65.348236 83.07114 60.366512 18.290102
327 31.780857 21.852911 90.60897 50.201233 60.74136 47.311527 80.05352 4.699576 75.6441 67.89154 16.50458 65.9115 34.086823 83.417015 93.197235 28.406841 61.211926
328 71.63368 13.938445 55.286972 84.51661 33.386528 69.11922 21.608692 23.959225 54.480255 35.241776 89.50163 84.104706 77.88288 18.150974 69.6338 2.309692 90.33203
329 1.293999 37.670677 31.78944 13.858533 63.436615 77.360146 10.619873 51.83522 72.77846 4.9704256 68.656075 87.78412 37.83871 16.937923 11.903948 35.540604 30.39291
330 75.48429 57.53689 23.996883 86.76074 70.18747 58.53952 96.3626 24.564583 39.404434 92.48337 60.83087 80.453835 9.218055 8.354968 40.181698 17.036247 72.206856
331 44.388187 95.96002 65.254036 29.613537 90.78408 7.515579 51.63102 12.030977 67.88197 46.78008 12.200552 61.957203 93.18368 30.891497 59.570004 50.733143 91.60263
332 51.674652 53.614098 39.518555 60.945362 63.88428 25.908302 13.946581 89.03277 73.65514 33.468575 92.6007 56.692345 60.74152 17.971504 55.968876 80.32315 19.134182
333 35.768013 73.34789 3.6378443 32.09948 4.115808 36.41103 46.868088 51.4863 96.64481 88.73827 46.09133 14.500302 71.70169 77.28069 49.871082 61.569386 50.524044
334 34.03796 96.13436 69.25309 86.86227 21.535278 31.736761 55.52494 8.452648 74.1682 99.64763 69.638535 25.463873 27.129005 44.8479 33.944557 17.571146 16.238165
335 47.156326 44.538696 44.59796 34.19125 96.13384 65.884865 4.7094164 52.92171 75.37069 21.2807 57.00959 37.211777 17.80938 6.232238 64.21706 33.407257 53.83413
336 50.815075 17.059404 78.9717 74.76071 65.56372 10.392695 36.32568 27.751255 4.306388 26.132261 58.44748 97.27795 17.919563 78.2555 77.36192 92.85332 1.7960906
337 17.847103 11.028242 84.181015 23.797655 22.90613 83.18176 11.068821 70.80437 88.98918 76.12527 55.85875 53.199547 37.353207 2.8560102 36.802174 35.56977 0.7769406
338 14.615679 49.33833 16.702349 81.43528 8.140159 12.7832775 6.0826063 86.892494 76.55048 38.22518 51.300167 90.34728 54.76833 11.736393 70.14996 69.645905 48.170765
339 29.20087 62.15356 10.284185 38.346046 45.52645 91.437294 3.709823 26.513666 33.73931 91.404625 90.84366 80.47727 36.97637 81.76357 38.05274 79.75349 38.79915
340 70.860306 49.08332 23.43685 51.209076 46.884026 11.015081 51.911198 3.4730494 16.615707 8.507156 95.00027 13.1528015 1.5764654 70.91417 61.67909 89.921974 40.58379
341 7.759464 28.968472 95.75893 12.054289 45.13024 26.845652 96.39551 86.417564 68.43382 91.47628 49.51618 51.56128 64.31726 18.168789 97.73662 45.455162 9.158146
342 68.348595 58.005627 48.460323 85.198524 9.534025 14.492268 72.08782 93.99619 14.569503 46.52586 65.21018 45.348644 44.84751 25.59858 97.34537 7.2093725 53.355198
343 41.22784 71.331566 26.429737 86.35193 11.582166 34.5133 53.552063 39.372208 74.7343 63.795704 98.54114 43.91665 65.31679 81.240036 93.527115 68.31841 60.878437
344 44.225693 67.658356 10.341919 35.597206 48.86248 36.407425 23.38509 15.982044 83.882835 50.57841 43.829937 75.139656 91.572685 30.333311 98.0438 87.00325 94.617485
345 57.35498 45.51406 49.09121 65.56767 8.424145 24.153078 57.919163 76.79544 69.89839 77.300735 22.727716 21.46927 72.596924 64.55524 44.869076 33.668613 67.23174
346 53.26683 87.74288 22.070211 22.663069 0.1347959 57.86872 25.740124 62.83589 16.468615 5.378538 81.85725 67.27876 52.73549 2.3165286 88.3814 87.58243 82.25652
347 41.618908 44.781693 85.45317 37.3838 17.047882 51.290737 72.94526 89.0536 44.769352 52.39223 42.572548 29.942656 97.353355 79.3398 63.497715 48.043285 68.96259
348 5.714369 3.2773077 69.61971 31.162405 0.93660355 15.143508 24.326002 78.483215 91.15547 25.03304 89.6805 84.50387 2.240622 16.096395 13.841831 77.27387 23.233913
349 60.865273 84.26734 8.389908 43.397522 1.3146639 2.7201176 95.58419 55.07516 47.48171 74.400925 3.4301162 96.418205 17.913025 8.705097 31.44614 21.387577 5.8847485
350 32.041992 70.7678 13.4088335 39.015938 7.9197826 88.50724 8.024716 35.580612 57.516598 98.34038 8.565545 16.582716 44.468803 73.72559 87.260925 40.620796 82.65899
351 80.00129 77.67951 9.926277 5.2440286 18.528456 18.551249 85.9651 89.70197 41.70065 84.8552 25.963665 17.785185 65.25872 90.816284 46.034492 94.24565 53.70728
352 17.726534 59.678024 95.160904 17.081224 74.18726 73.826065 39.56069 40.76478 49.662857 28.83805 8.573943 83.99359 56.66596 88.59127 89.03374 63.10956 50.288517
353 55.712242 15.75759 70.18395 64.29872 52.83215 83.73763 30.438732 54.09689 60.33194 11.218548 38.700424 2.2334397 85.24981 52.91058 28.201157 31.021912 94.7983
354 92.994896 58.24502 8.422625 35.28276 26.553608 80.99483 2.5368989 66.1948 59.836006 83.87729 81.75564 27.001822 1.4068902 51.38926 12.1827545 66.8585 62.57441
355 48.510532 32.0472 65.3824 54.240925 74.15132 90.38447 55.079258 33.948307 45.306343 0.57930946 86.35351 79.699615 55.638485 49.997116 6.7381086 12.24618 62.42051
356 16.787846 23.526978 53.85792 26.033247 11.229145 88.9617 55.883564 91.0264 89.20484 59.13936 89.20764 18.128056 82.42343 90.561745 18.385338 65.13918 76.91201
357 24.492615 51.96051 60.529823 16.632837 80.844444 16.234964 7.487321 51.530403 16.058796 58.358772 15.438503 23.009789 58.316402 75.66554 49.524967 39.16595 97.41782
358 53.10901 61.56435 36.735798 93.87994 88.70583 65.65199 26.749723 64.326324 0.10589361 21.283531 41.54932 69.30203 43.657536 11.805743 27.856768 60.469364 83.288246
359 57.792007 94.88719 61.05776 20.668674 86.81135 29.356522 44.825912 23.770582 22.802711 27.236795 22.090118 59.180813 41.225124 82.14255 28.082687 68.319145 18.241268
360 74.50351 69.594986 10.766542 42.878212 56.708782 15.160054 93.792175 46.430542 55.029564 95.63095 88.23664 70.92525 57.484013 13.667369 2.3398876 62.414574 21.357853
361 79.17051 9.884733 50.92552 78.60594 93.9843 52.960564 9.357584 0.91601014 93.15021 16.350513 62.331802 88.210556 15.668333 86.43477 13.363814 89.503265 68.144035
362 6.820953 46.734535 48.33215 67.017784 52.71065 37.599247 76.794525 95.47548 1.1520684 20.306873 13.153976 99.87337 42.48889 47.25632 64.033195 26.90028 84.98215
363 47.118694 99.61873 80.12041 58.05681 16.687881 80.66628 55.433292 36.020786 61.335205 91.30298 15.857625 32.34683 17.946947 18.882322 42.459045 61.435997 35.78874
364 18.97893 69.82731 19.745277 66.00375 82.8448 89.95741 98.62541 82.009575 59.43148 10.455692 37.353344 60.07191 92.87066 43.491806 44.645344 32.52471 7.868159
365 6.7311707 31.202728 52.76061 93.88551 51.548897 83.18534 0.08081794 8.653963 26.15189 78.354324 99.17991 92.194336 99.8854 72.21355 30.420458 74.12271 52.10319
366 12.859106 86.661354 84.93838 85.72852 40.282024 65.33824 81.86097 97.279396 81.23605 22.416311 52.56592 95.993454 14.968991 10.966283 17.13028 53.143036 91.42286
367 61.23958 56.226818 6.1223927 73.048584 62.58592 18.987804 81.91887 18.080908 88.27591 19.20759 21.716213 58.716805 71.73536 96.18517 27.248692 66.686676 32.90244
368 74.35587 43.82115 63.56568 53.98059 2.069658 92.38707 79.01771 78.93986 27.900188 50.549335 99.985954 26.439493 96.48158 10.696673 83.44188 53.69063 24.152905
369 52.653484 28.291851 32.99676 77.036194 12.206322 54.844646 23.71254 95.29132 98.742294 17.099821 62.11996 32.197834 72.12324 51.07955 98.770996 45.7439 77.01463
370 26.356363 87.28461 54.198803 12.445211 35.503204 47.073864 51.665615 84.70706 2.8983772 63.2389 51.124836 16.197294 78.45664 54.677444 52.56846 13.89038 69.542755
371 92.68633 14.383554 5.3212824 54.480873 19.8627 74.38023 32.81765 70.44014 37.43705 30.291908 27.875555 16.604973 59.315765 51.036636 25.717247 7.791191 85.67662
372 72.66309 97.956314 34.22109 17.106987 5.1688433 90.741104 68.011894 2.7233005 77.04297 32.630592 26.861471 9.747993 7.5307665 85.71953 89.04769 86.49276 76.64049
373 34.174854 12.6182375 11.01625 59.51708 54.44068 64.77455 20.86178 75.01632 73.04244 16.99764 78.77196 33.455383 62.36374 17.288471 70.22007 41.2382 37.2365
374 55.67612 52.652084 61.312668 19.991749 93.37294 86.72209 39.481155 27.14432 12.926441 6.3116074 84.03837 74.57106 57.54742 8.09834 46.945374 91.39272 86.40778
375 20.79221 60.973377 6.351 60.83801 8.358294 71.48382 18.913143 58.56464 56.633713 91.58639 74.32859 61.77487 26.314783 53.476406 25.158781 85.054955 41.50379
376 20.255816 18.219763 64.10922 37.58227 25.25702 96.295456 61.428875 57.40669 78.897896 38.339764 14.355839 54.549206 5.794096 84.19125 40.705204 6.9416227 71.948296
377 43.14183 71.505615 35.797108 28.345186 77.15935 26.543432 61.617035 23.536676 75.35481 21.115726 61.53699 34.450375 6.662023 59.384937 46.886707 87.65087 1.9766033
378 56.47329 84.85608 18.898886 88.56304 46.237934 98.35904 68.66906 80.82175 90.64181 99.91557 77.19784 39.01917 58.706264 31.54105 11.845607 96.88807 94.93779
379 77.712975 89.59166 49.7308 38.41306 3.5134912 1.168108 95.49845 81.74843 7.6198997 73.82507 55.02544 4.146087 9.094119 45.46032 25.990284 62.58924 48.6292
380 52.612244 74.12664 50.85236 46.33081 42.68764 49.66672 15.914154 38.092678 11.169088 65.964966 67.035255 6.576669 87.12879 58.789974 93.42852 27.703493 65.18539
381 91.01662 74.158394 92.93445 24.409473 99.5886 78.519005 16.574896 20.257776 34.90879 9.336126 47.517513 65.35071 91.56688 85.90254 29.489677 80.07431 11.910343
382 30.891258 72.76004 41.16675 87.84589 57.70978 44.742287 52.5357 32.929848 25.28661 64.91899 19.754278 26.832455 67.95676 10.468274 10.51805 92.2721 33.48757
383 38.94595 5.646765 84.203186 94.721794 0.9534061 87.12622 0.15810728 94.988686 13.066554 14.664918 46.007603 57.333015 55.137398 24.056679 63.892536 28.538149 38.690914
384 48.376118 88.635445 44.48491 8.374852 46.083115 99.56632 30.019718 6.6882553 93.182785 69.45999 78.44093 75.48875 4.697627 38.311268 70.00248 34.59426 34.191578
385 3.1602442 70.34223 68.24935 19.584883 76.37719 16.144592 40.979755 4.972613 23.041607 22.13087 33.634193 47.876167 6.68118 88.937996 42.994545 90.89957 4.1157665
386 21.709406 80.57228 28.024704 60.98244 83.20674 71.01036 65.96879 55.26721 59.69661 22.348606 77.66324 86.465 52.32247 80.321976 70.82758 71.524895 68.502754
387 99.44225 72.94938 78.26456 57.276344 54.02582 33.19877 74.27427 47.435944 63.29462 0.6736994 90.354744 28.547466 33.48046 90.97054 57.186127 91.16431 95.35138
388 53.8002 51.211643 75.133644 83.163506 2.9281497 98.70503 83.09722 7.6948586 36.128147 17.804754 2.1611154 95.27479 22.435211 98.13193 50.111897 21.680922 52.40898
389 11.716175 66.16566 66.09551 65.3303 41.65127 0.5400121 49.21731 86.52141 94.568794 5.4382505 30.898624 24.885868 7.095128 83.44241 7.667822 12.202329 56.44822
390 31.754297 27.115423 73.883835 71.802505 13.937998 83.83951 38.350887 10.632002 59.356094 66.49889 46.694344 96.62402 6.7164063 25.107824 64.06728 10.693699 77.23412
391 36.184227 12.700921 20.938133 47.852253 76.456985 7.357788 31.92818 41.55354 15.832204 36.497498 18.486732 13.652027 1.0608375 75.8315 88.04842 76.49775 93.4512
392 69.989746 31.90421 14.50296 19.001883 67.73448 86.23317 23.852253 86.028984 36.86527 25.005554 1.5565932 73.824036 27.31096 58.858406 74.3271 22.765148 50.853996
393 66.215485 24.567818 89.83706 29.750998 48.624832 46.91763 28.480833 55.782516 83.96185 70.32379 14.438492 37.878616 65.297195 56.52861 52.69182 87.63274 15.423298
394 42.835075 49.19154 55.253853 76.90032 24.637772 25.866884 36.647636 3.7120879 68.824715 60.994827 98.50667 45.970726 42.950558 88.55304 30.983616 85.389946 25.039541
395 30.402868 25.490314 72.34125 95.79864 31.334608 72.49119 50.1557 87.52074 38.003582 85.23609 57.940483 83.46052 4.0031967 29.912674 47.61021 97.2095 11.731863
396 0.71125627 66.217384 65.63341 0.8508444 35.117615 62.195415 21.12655 58.0959 56.026077 9.055394 61.96121 5.65868 33.953743 76.7206 63.852768 78.51562 36.00567
397 57.41951 4.8243227 84.73863 14.873159 97.3306 50.151306 28.32017 57.936893 38.48327 38.522785 49.295963 75.70069 18.336946 56.309998 10.424209 42.81997 51.612026
398 98.53494 69.4154 91.74316 64.02429 15.146059 8.300209 96.599014 8.332264 84.70968 11.133885 16.895521 56.36108 57.60331 53.586792 10.615331 77.296005 63.051105
399 85.348236 83.48177 22.484571 82.48566 92.52071 44.921787 94.25312 92.18017 42.715805 66.27554 73.896996 65.10845 62.35274 28.115976 79.173195 72.60867 22.241861
400 41.477364 60.500793 25.513172 14.005434 92.994736 87.91268 59.636803 62.907207 2.3826718 26.91738 77.37853 20.45334 68.60173 14.201755 63.98611 17.474794 90.05652
401 75.97546 69.87499 91.65388 66.13463 49.22943 88.2057 65.524445 59.53806 74.820915 16.447496 76.32985 28.697855 0.73420405 11.440116 8.799529 29.930002 22.792202
402 76.87473 68.50206 63.031345 71.26155 40.32308 46.110184 60.18505 37.02114 21.941513 52.393364 35.11535 96.12832 89.56241 67.32218 51.4836 1.6606629 63.67405
403 13.172924 90.94587 45.638268 42.206753 76.37123 1.8037736 69.70745 78.32627 12.982231 58.794785 3.2215178 66.63576 51.77737 28.617144 2.5786757 84.16853 81.78212
404 99.913284 41.424976 34.991234 79.794304 31.600302 81.9187 61.618446 0.7825613 0.906831 31.059402 96.06739 50.113827 88.83465 30.552614 19.36673 62.564724 42.904133
405 35.312855 4.6040773 86.955414 67.173645 35.07039 16.889359 76.477554 40.162636 60.26911 98.47796 99.406456 80.28892 71.21638 51.1005 50.488514 13.897026 56.023563
406 45.46191 74.03852 46.36364 95.075645 2.8890371 21.39116 55.887108 88.46802 52.024155 0.11044145 81.48352 77.98971 17.894793 24.11945 40.815903 30.819654 38.064133
407 13.078964 14.482885 31.200981 65.11875 87.89177 66.30825 56.09849 33.533012 65.67297 24.335402 87.41638 76.82497 22.00498 35.284794 47.011322 45.56247 87.44744
408 82.135796 80.797134 23.680109 7.3215666 46.51575 78.079315 78.02621 73.51834 26.301247 94.32302 20.189762 40.840797 26.153397 66.350105 59.384434 51.090057 11.827982
409 24.045961 87.229004 90.217064 15.54178 31.664324 49.212284 8.4218445 52.270622 43.43906 20.828115 2.6866734 28.746515 55.200203 48.988937 35.0401 16.569012 37.86367
410 29.362297 78.586624 7.017362 75.89903 38.525097 14.288366 51.929127 19.118523 4.907876 63.49695 26.7905 18.37796 95.83205 29.717182 78.671745 23.101265 88.76555
411 35.010403 62.857185 3.0656815 35.286488 95.35099 43.29468 39.804226 76.014534 60.23141 68.96982 49.550255 16.621082 96.52938 21.951258 24.182665 79.449875 78.32847
412 14.426172 47.50754 35.57132 32.80549 38.129913 88.87502 39.368217 18.812061 7.066864 36.082268 5.93521 87.29391 95.5266 85.32128 22.406006 0.6826997 40.640854
413 2.2229195 82.3531 7.8962207 29.934036 38.516796 99.99687 70.19148 27.638172 81.225426 53.29057 74.99209 52.42848 12.455505 35.003716 25.67802 17.458677 18.619574
414 54.50823 47.469013 90.2171 48.25766 33.69395 46.798428 54.18011 31.535965 14.728111 24.374168 31.215889 35.043835 39.46476 92.42867 98.20836 89.82019 47.256916
415 33.006775 43.759876 44.808167 54.588623 56.62615 21.737194 22.414948 44.0023 55.929577 73.805016 86.86031 76.73738 75.25512 89.21448 42.909496 11.619181 39.16337
416 18.562435 14.847046 28.156656 57.229267 50.90618 79.66011 13.448733 81.73832 37.71335 49.9307 37.100582 73.797226 10.16931 90.513596 45.463665 92.81141 91.18462
417 67.39313 3.500092 76.894684 73.18902 39.920406 79.60886 16.719086 85.92219 30.750298 43.826286 33.309277 53.705185 17.102295 53.727734 68.619606 73.181435 47.404057
418 63.72385 55.25213 84.64779 77.94371 73.68988 93.7897 62.560757 62.92378 51.22741 79.90256 83.62034 0.40488243 20.386797 62.175213 9.336561 7.2424707 18.237406
419 0.59013367 29.814833 53.508377 21.938038 36.4556 87.6149 55.367786 43.420094 80.50102 36.211502 93.33009 59.751 6.6674113 83.39709 67.65021 85.809586 86.14288
420 42.81102 15.929234 26.003283 67.341866 28.863615 30.216927 45.128197 62.27579 14.16626 16.780865 39.667446 24.146944 52.01261 24.871212 42.2047 32.61366 97.62553
421 29.028713 58.37357 56.184475 34.246464 19.573761 80.85809 51.323933 87.46838 38.754417 94.20609 27.377892 52.581726 85.563705 31.22815 49.200447 44.510006 4.4636607
422 52.95686 35.79647 32.865017 15.243363 43.771996 15.357346 40.76925 40.118443 68.40739 13.297081 55.709213 36.14238 63.00943 30.389452 34.440468 56.298477 95.888916
423 39.524532 37.821503 90.59317 60.58785 20.167225 31.67836 92.45392 62.669765 14.096808 57.976894 78.19104 48.350983 30.781979 58.599823 14.715248 46.6451 38.711716
424 9.097648 38.678707 63.83403 34.62982 49.426277 98.35519 69.35524 96.94644 35.731323 86.58651 42.970753 65.22039 54.8344 61.751442 44.534206 83.681885 59.677017
425 95.77576 7.7868404 44.01904 88.35293 69.57791 19.19108 28.368599 5.591482 71.974304 0.46664476 6.47884 58.037395 76.95585 80.65255 76.76149 13.113838 44.4597
426 89.419014 56.391586 75.67454 43.425625 80.045746 44.285454 62.37955 54.23673 57.831116 77.78421 96.41247 5.8532953 40.376312 30.854357 45.751507 15.372557 60.687344
427 11.810255 17.982174 62.765366 75.65729 91.75089 90.1779 78.59407 2.3438811 62.433113 60.570614 89.1089 46.470432 92.08506 71.79384 31.818455 43.48753 29.170937
428 55.925144 70.06312 16.892159 33.384037 67.21542 30.979437 93.67092 77.770355 97.41337 15.282381 57.892017 30.026531 54.432285 66.32801 83.60438 50.399048 41.53238
429 90.82964 63.112778 30.519789 10.286385 34.32791 39.99793 85.79473 5.7555494 85.063034 4.3664455 24.02749 51.23214 3.3324182 4.985523 66.780945 77.624794 6.8673553
430 56.231777 46.09212 29.404778 32.420654 52.026314 37.65746 35.64061 99.876144 61.81436 99.15541 26.980913 27.087706 50.666733 37.195976 83.77188 44.708805 95.0312
431 33.26559 88.39748 92.92454 23.659832 74.319275 18.301762 12.751269 98.70757 90.27054 92.20198 78.989914 21.676964 33.01484 78.245674 29.637497 42.32464 0.83078146
432 92.13923 86.26799 13.210094 30.63141 78.72194 4.343158 48.432045 37.746693 50.536686 53.42174 50.251244 69.42974 90.425 80.68154 82.54064 71.37932 46.132572
433 21.9936 23.948925 15.106392 7.7458024 71.99588 87.73612 43.35434 63.197918 26.271313 68.67961 7.982129 43.103474 46.97091 72.30525 73.273994 59.135864 49.22821
434 7.835799 62.644093 95.696846 44.740765 26.342028 39.82173 63.698364 35.263706 60.120083 40.053547 69.154045 10.848755 51.602024 32.429756 84.5426 52.91103 41.248466
435 82.47878 54.452766 62.118866 37.79886 52.58959 81.05657 56.245827 2.703917 86.085236 52.00346 8.12757 8.087534 54.921036 21.214962 2.4204433 46.544846 48.61271
436 79.93221 79.71841 86.65517 57.27505 54.6839 44.565308 43.26121 70.29212 4.369557 40.880733 12.140518 16.431177 19.474905 34.24012 58.284367 5.001897 31.946022
437 89.31806 32.029224 61.36043 49.155487 35.68398 61.995007 55.63682 24.71475 83.16006 65.222824 99.559494 62.955868 75.30504 57.93684 82.759766 33.3661 66.52648
438 12.655097 63.622517 2.0684004 24.166615 14.431965 48.829304 95.868576 5.03 29.130184 45.001648 22.018124 38.66812 25.90704 51.644176 15.565038 83.808846 43.48274
439 69.81791 63.19008 65.185585 61.97785 10.11774 15.272665 65.30918 28.711075 7.618904 99.43104 48.127983 84.70301 53.093616 62.07963 51.790928 78.9101 68.140144
440 8.100146 67.6819 27.405775 27.63632 71.30108 48.409725 45.63167 33.41198 14.025295 73.45854 32.07639 87.07799 27.451366 76.73148 22.725498 92.9641 34.528786
441 73.323494 36.605526 41.07555 5.1092386 45.66523 45.76509 98.415 93.01816 82.88103 87.962715 50.029766 33.19704 47.05336 89.83824 30.3935 74.59476 40.40115
442 32.92196 24.440653 22.46455 6.537795 7.7830496 75.5253 68.71504 44.419044 4.049933 46.12113 67.862686 86.82413 49.875797 44.126846 81.14624 76.802864 75.410614
443 62.663765 45.011818 10.094881 45.52797 20.284616 0.29037595 32.77736 9.803182 19.152618 43.113792 39.07684 7.7254715 25.15776 71.40749 91.20716 57.338715 81.83552
444 15.426636 32.14653 41.74381 91.62729 66.35092 23.384941 93.774025 77.319 82.81508 66.8614 1.0988533 93.82506 36.13466 56.636078 6.25968 17.821598 95.90981
445 8.433664 35.743607 48.611195 98.98473 80.24296 44.02224 8.117991 47.05287 84.91734 20.197021 7.728368 47.483643 5.5083036 51.98918 33.03 24.475979 19.257975
446 32.591934 89.146935 54.99882 69.21835 96.478226 5.667371 18.053288 59.85859 79.55475 54.02478 23.79331 0.33330917 73.810974 16.094452 18.489563 45.94413 26.380379
447 21.74093 45.048637 53.423553 65.07428 57.696205 99.949196 41.760723 97.14179 29.622334 34.48709 49.186863 63.24063 24.239815 39.90113 74.52486 55.174137 86.268074
448 66.36257 52.323006 52.47275 64.47577 9.349262 15.0415535 60.799362 37.785732 53.29612 60.108715 63.67516 53.094936 61.63735 47.039574 30.207909 64.78953 9.764504
449 71.20719 65.21929 86.95577 58.66211 81.52544 87.089935 54.67015 93.00699 53.563034 73.25683 43.718647 99.59761 85.83714 6.909174 48.431374 36.697624 32.674587
450 82.14916 46.371548 59.128685 13.582158 2.6385248 44.298565 79.937386 77.10219 22.27919 61.604565 99.71048 41.273434 90.32698 51.339577 46.952534 66.76244 49.875034
451 22.587788 95.51605 40.230793 3.0435383 25.498354 51.34251 91.37455 61.46346 7.43019 94.50309 38.19424 92.544365 87.7271 82.80288 41.36676 4.1840134 23.444515
452 49.42569 54.09938 69.435295 19.312727 83.95564 21.616852 22.43337 44.31609 68.63656 21.594286 84.652565 53.02859 40.25156 39.59226 41.172356 22.370838 73.16935
453 52.130867 47.760445 30.40266 86.86579 93.7719 36.716705 51.36071 97.86068 26.842808 10.865128 75.17841 83.09063 15.672874 86.94576 86.532196 41.16574 47.926037
454 20.870281 40.95491 16.935652 99.37204 24.60147 38.2164 50.840836 24.866486 57.34999 27.027613 80.478096 86.103424 39.713566 42.776634 30.811066 18.614042 28.491169
455 20.611786 99.962975 58.32921 90.17499 80.47236 68.31041 17.68021 93.35776 15.91534 13.734638 37.623154 83.104744 53.64578 9.776539 74.14113 15.155178 80.93822
456 65.78847 73.772026 83.87399 60.610096 59.001724 84.65642 27.224201 91.410515 23.063452 58.69161 94.53406 0.71619153 31.686068 61.86819 11.169004 27.941858 30.553347
457 98.07072 18.873756 24.296999 76.808716 4.923564 44.825214 37.2393 89.89631 26.097656 97.44629 97.53659 67.12715 44.36782 76.6994 91.161804 84.30969 54.190308
458 52.64457 86.783676 68.634384 6.284362 23.062193 38.41387 75.56898 3.3421159 31.266897 79.42671 21.948177 13.311422 64.053154 32.84146 67.18666 81.5129 70.00345
459 49.170708 7.376182 16.044443 35.956146 39.578365 62.029045 32.434757 37.88694 42.403305 19.795204 27.337032 78.2298 65.70133 42.31582 0.2695322 28.98947 9.310359
460 49.5025 14.142025 95.92852 35.587437 65.279465 25.746185 88.51069 28.49902 50.841404 86.78851 40.825104 32.827293 98.71854 13.722229 55.89059 77.10894 81.6733
461 13.969213 97.84695 60.333054 17.260683 89.555305 99.69382 79.739685 13.662213 83.21666 87.36357 28.189898 42.358727 92.237045 0.75027347 28.995472 45.85812 21.275633
462 58.41397 64.835335 36.874683 35.93297 12.40046 8.045668 2.2093952 86.53296 53.138004 61.31049 58.563988 8.388477 89.68198 61.3222 57.40444 46.544926 68.47698
463 0.61278343 35.854034 64.6024 32.907124 53.322975 14.837069 57.70645 27.63424 94.58962 54.018253 17.236073 35.31959 27.462584 55.509686 71.23474 0.837338 49.3478
464 30.178946 21.41711 59.38172 27.009624 87.332924 99.89459 82.61928 6.8134966 11.529118 0.9137571 91.73201 68.37249 50.54987 93.27094 41.136955 64.86294 52.74563
465 65.09679 42.965733 63.342983 76.9076 85.89844 3.9707959 61.353935 15.772951 21.67253 65.129974 71.38011 57.718105 2.1865547 34.400337 18.423569 87.98893 98.86195
466 57.18766 25.613672 49.095547 24.83294 82.326294 82.57766 33.220886 52.51714 16.69318 16.970253 31.425964 59.296097 64.81035 63.382595 74.1625 48.607857 74.535934
467 39.671677 44.520294 55.903053 42.62993 68.980385 54.44891 79.57742 18.845963 98.32868 39.92102 83.295975 11.295634 60.182877 43.97952 94.25836 74.01939 51.9503
468 27.477396 82.17604 17.655165 96.56137 32.035023 95.35485 51.309578 23.412031 44.573486 66.681496 46.508038 27.732832 99.317154 85.94032 28.543299 34.2735 43.288136
469 82.24087 95.58141 90.95414 72.246765 26.984936 48.25917 34.30905 73.2852 73.3712 71.76798 12.171107 40.687855 1.6192019 45.929398 82.71236 36.377068 62.645073
470 96.70271 71.828865 63.722084 68.65618 32.913666 3.658682 2.4740458 92.929016 5.5559993 89.03567 97.180626 27.83646 62.407642 82.75625 6.0265837 38.99994 59.346626
471 98.082115 51.346786 12.326086 0.88659525 92.89067 87.08696 51.775013 68.12855 39.853077 27.575415 70.1894 12.408125 38.06424 1.7616212 58.644444 40.08151 67.329636
472 88.53161 95.87495 38.626076 82.05428 3.0946195 6.775302 29.836172 69.16364 88.33368 25.19403 23.481161 85.062614 85.31761 2.7587414 58.290146 48.217655 26.0921
473 12.838006 88.271996 6.0008407 91.92088 71.60164 15.722269 52.997883 89.16833 70.17167 10.173595 40.653736 11.144781 30.817627 40.18808 49.06848 20.934397 52.856606
474 95.25857 56.685593 21.260273 51.251514 83.9804 34.82006 81.89613 52.799786 65.68965 55.30234 2.4019778 55.27482 42.364525 51.37592 72.75004 66.98893 99.9904
475 36.354576 1.7364562 85.11923 20.848434 9.954434 53.275723 86.967834 75.16422 68.76448 24.393154 59.368534 59.92421 61.666183 21.922947 77.02102 59.92012 71.382195
476 23.854929 24.008625 19.517553 64.509735 17.534304 86.578606 99.376884 90.725 82.39952 95.938995 49.30814 60.239887 66.85165 72.91868 13.355768 21.524984 4.7030153
477 91.47806 35.634304 59.817593 29.286242 93.93579 2.7347386 53.609062 95.86068 30.148584 20.87139 50.310795 83.88998 67.56079 21.326096 44.357265 58.85032 4.908353
478 36.97374 78.40051 62.54658 84.35831 24.352085 9.833378 25.857645 13.995182 81.29621 36.056908 58.10925 2.8948784 48.831738 99.65436 32.90271 56.6842 89.8619
479 72.48495 26.542694 53.66209 16.05525 70.76274 57.851112 5.509341 30.918365 83.09954 58.085106 26.65527 71.81062 3.4888864 68.16304 80.87975 49.925632 81.075294
480 14.027119 20.149963 96.14052 9.637528 66.627884 70.52592 46.044945 39.92598 12.9121895 83.784744 21.145523 66.805855 80.85162 55.838966 49.747936 6.604159 2.7947783
481 97.75014 92.71339 75.73778 15.408707 29.92081 1.3418317 23.771393 74.649635 91.70014 0.042015314 78.242096 74.339714 18.041384 1.0069728 67.17478 56.10765 21.944029
482 75.437256 92.04942 66.07063 40.20341 12.368751 99.475586 74.400696 93.542534 36.10493 15.955788 22.84901 87.64388 53.67682 65.411026 92.73001 35.124046 99.51964
483 33.6984 2.4369657 20.355356 3.3402562 4.8302293 5.229461 8.552718 54.44137 98.23149 91.070335 31.089138 79.86813 39.930767 22.27745 63.021885 10.764045 9.41819
484 93.58799 62.806297 30.190628 0.9321809 90.11785 23.712545 83.11851 7.6265993 79.15468 11.171317 74.88682 90.458084 66.582695 38.84807 85.51573 93.3164 49.14555
485 91.43722 14.020819 51.058598 18.166113 95.79275 27.30425 48.424488 7.529646 99.949684 93.08885 92.5901 12.7814 56.783188 4.329258 79.206085 43.48468 54.501976
486 65.00568 56.579296 57.23969 57.947857 73.418816 22.160376 80.99448 54.90076 61.10936 43.23389 68.821075 61.4617 83.18621 54.767353 10.8253 65.35768 1.8394411
487 3.4221888 76.26592 49.99893 9.62553 30.985153 96.54674 83.69955 36.044086 2.729255 17.096174 5.088699 11.091012 17.804962 38.1572 28.894567 96.79772 97.60726
488 35.383408 16.54458 73.988785 43.633068 84.39389 48.020668 1.1614144 24.672884 86.91259 28.83038 67.87309 81.86745 7.9513907 16.555887 1.4940262 93.36483 27.147324
489 42.041035 66.62735 83.75875 96.60271 81.74976 16.722965 89.45954 91.48457 50.11886 21.023434 43.493454 67.61097 77.83856 33.409054 42.353584 76.99377 16.991812
490 87.19127 25.40928 82.83983 23.996008 68.491035 82.55595 0.16726851 62.511833 25.393694 8.3509445 27.614605 1.1651933 28.270733 17.49419 36.166256 54.38763 83.99019
491 5.396843 17.65647 92.296234 81.500885 83.52293 41.62797 79.747894 74.58599 98.53476 15.305734 62.017982 88.36331 89.933914 25.307518 0.5371809 26.101667 87.3377
492 68.770454 46.401344 91.67603 56.8015 58.659218 80.638 77.861496 88.28831 36.28072 21.225262 81.84344 62.658047 11.919695 9.429437 34.787075 37.12302 20.798695
493 18.035645 92.86474 60.278477 60.336876 36.433636 61.395973 40.414993 20.32895 61.291267 73.141495 89.26364 29.896046 74.76802 35.543716 94.58719 93.8932 7.019639
494 1.8757284 12.647259 42.226273 27.312643 17.710274 40.644867 53.878056 73.65969 89.52627 31.41123 74.32735 38.81835 17.120897 51.139313 21.733856 69.14706 9.091276
495 85.57942 70.33963 79.622856 52.104134 52.222294 25.897438 34.80174 53.911053 33.47016 29.786062 22.208178 8.828342 68.12343 78.33089 46.206593 7.235879 11.7226715
496 49.54775 80.52457 99.92118 37.980194 39.213104 34.01929 38.979332 17.873144 15.29141 43.822037 12.464881 95.67315 68.09041 13.539082 15.878516 24.540907 22.14924
497 51.67231 13.473386 22.16642 64.187065 40.853703 22.708183 29.69569 54.158485 24.93043 50.195705 76.826256 18.595934 45.520676 44.246704 71.01189 67.30032 88.57643
498 42.453106 89.28805 36.714302 24.991035 50.367504 83.97595 1.9345045 96.694145 14.706159 46.665 40.55911 24.362696 59.93042 63.198246 97.00831 97.28541 56.660706
499 42.23904 27.490568 66.55418 33.07318 94.29077 90.62539 55.184536 32.96034 61.24759 44.392757 42.61874 56.054054 59.70739 69.39204 85.0292 84.87609 66.977
