500
2
0 9.374678 21.439766
1 83.51016 7.048106
2 60.70451 76.451416
3 65.78816 27.15062
4 35.474323 0.8952379
5 66.646996 27.860468
6 81.197716 88.7652
7 55.818493 21.900946
8 92.13105 71.28433
9 57.592384 38.712074
10 7.900113 10.621983
11 79.7073 67.48781
12 39.09928 79.10013
13 95.776245 62.964947
14 9.248614 80.86459
15 43.693073 4.390645
16 82.58377 54.085464
17 40.150948 99.31676
18 77.71247 45.941605
19 51.56144 41.404873
20 85.40768 85.50284
21 61.029457 99.74909
22 22.240084 60.77898
23 69.16762 97.369255
24 63.214077 94.34937
25 10.78602 41.09307
26 29.205305 79.87326
27 40.045834 83.19183
28 27.26292 1.2268484
29 71.50579 17.583483
30 92.50322 82.89635
31 84.420715 57.453865
32 93.46765 79.51851
33 31.283361 75.620445
34 92.839966 83.106094
35 0.36141276 59.281254
36 2.022612 26.590275
37 85.10822 83.929886
38 1.2807012 73.98555
39 12.870246 20.708305
40 82.30458 81.92594
41 91.138596 82.412315
42 92.76437 79.78779
43 84.37316 87.41866
44 53.68861 70.42177
45 38.65333 81.19147
46 81.56328 89.04211
47 8.380204 31.533432
48 74.50046 51.507885
49 0.08470416 87.72251
50 32.560326 66.58132
51 57.010025 23.026705
52 38.535 10.329765
53 46.2735 24.291807
54 59.736027 59.278656
55 42.623108 37.383904
56 71.401886 35.91488
57 1.4508069 60.83821
58 96.402054 33.43686
59 83.98432 16.278368
60 97.4169 93.06576
61 2.439338 28.748215
62 10.48761 7.650876
63 38.176018 65.32693
64 31.839418 9.662258
65 5.180377 0.12513995
66 42.579388 73.969376
67 70.90889 68.39521
68 2.9633403 69.122154
69 50.93068 14.00516
70 64.43556 32.309456
71 89.92833 21.458738
72 23.901112 18.960583
73 64.337 6.09054
74 91.338486 98.33256
75 58.890068 40.68595
76 14.857233 80.70539
77 6.084144 51.793247
78 32.920753 83.36867
79 42.379463 79.19433
80 23.269802 73.866615
81 43.92578 63.72962
82 33.993317 86.479744
83 6.6746473 94.841255
84 1.4057398 47.224953
85 37.645454 94.27952
86 39.42424 83.38222
87 15.404582 47.446068
88 78.8272 44.395447
89 55.8586 81.42105
90 15.261084 44.70235
91 14.428824 68.00016
92 10.603916 17.438805
93 55.55461 41.77457
94 72.059425 66.91702
95 96.06642 34.70695
96 91.228 42.234516
97 58.891254 58.637226
98 65.77455 53.336643
99 69.227486 11.10394
100 98.89501 82.396034
101 55.992073 34.762276
102 96.592926 39.615524
103 39.051407 50.053925
104 75.147026 94.69995
105 47.360664 79.73471
106 86.72459 18.529224
107 17.331701 44.052887
108 50.830334 68.317184
109 15.013999 80.01753
110 94.44704 82.13707
111 43.30817 7.08704
112 0.9026885 42.57604
113 77.55023 56.090782
114 13.585901 65.95204
115 93.33276 6.1817226
116 47.83193 53.552937
117 41.10477 45.577854
118 15.137023 49.369175
119 97.46657 21.820038
120 36.159683 18.478363
121 5.511546 63.851475
122 10.879194 39.35747
123 61.240726 5.5692315
124 69.26121 78.76186
125 22.974878 84.33431
126 57.596397 40.29915
127 11.615348 20.537949
128 33.414207 87.38125
129 35.17045 49.556797
130 74.922775 91.86417
131 47.595745 95.697754
132 33.996536 44.447742
133 33.93225 71.007484
134 19.843208 38.93669
135 78.01661 98.63735
136 33.964825 55.950104
137 0.5456984 0.90883374
138 46.526848 82.86412
139 71.68014 32.978153
140 15.723038 14.997112
141 79.15525 62.274055
142 81.44053 51.678223
143 28.335089 96.46497
144 84.071945 82.31938
145 30.908298 4.9482465
146 60.583496 18.441826
147 2.9094994 93.65587
148 90.13766 73.357704
149 97.19534 14.809668
150 8.204317 91.50343
151 79.96054 83.17014
152 84.00923 42.956657
153 72.709595 40.904854
154 84.505615 98.195946
155 0.4808247 53.613766
156 97.27262 95.49843
157 52.03771 21.01363
158 93.61159 84.39476
159 89.0012 64.58681
160 15.709949 38.253582
161 67.106346 79.98796
162 22.467773 56.354202
163 15.355879 59.58721
164 27.14048 38.79137
165 77.04777 47.181206
166 76.36232 98.37037
167 52.526558 56.16077
168 19.7114 43.484188
169 6.910789 89.38191
170 87.402245 10.072142
171 59.65789 45.307266
172 61.903732 63.456608
173 57.13182 83.88897
174 98.5479 20.521307
175 27.637512 86.93762
176 17.100609 36.77132
177 21.793915 62.71269
178 67.703285 52.806316
179 73.55966 71.08742
180 32.77231 31.210386
181 60.440018 43.35893
182 93.87946 32.443436
183 59.942013 25.62713
184 97.16432 60.70173
185 65.57005 24.25102
186 40.592777 55.652607
187 44.741344 90.369484
188 74.8319 50.25728
189 55.93953 63.567085
190 20.429165 59.45471
191 39.01438 44.759727
192 16.446484 99.23042
193 4.3908176 79.117714
194 9.1003895 64.540184
195 60.495804 71.74452
196 88.006386 60.76695
197 78.18638 3.8619459
198 77.337494 93.98857
199 23.416393 63.950573
200 79.91634 76.51503
201 29.676706 6.756812
202 64.61135 6.17187
203 97.55992 29.96403
204 37.35734 79.976204
205 25.623756 41.858696
206 69.939766 18.553894
207 2.8582454 38.286964
208 99.95023 9.320677
209 44.61425 19.942158
210 1.9349754 40.601463
211 79.7498 44.457424
212 50.923897 51.056843
213 3.7351131 6.3746333
214 12.76502 78.65231
215 90.07752 82.85463
216 53.830223 69.636024
217 98.04705 36.583115
218 38.847084 23.338593
219 58.478016 68.8711
220 98.30596 64.890114
221 49.38012 6.1714706
222 84.86019 81.04335
223 60.014362 49.4186
224 85.46272 39.141148
225 64.58872 36.594868
226 17.059404 64.871864
227 96.23118 60.144978
228 58.194042 48.888123
229 97.64163 39.270176
230 76.893036 17.748106
231 78.86082 96.27421
232 22.020208 62.16786
233 94.78587 1.0991752
234 86.56911 0.5007684
235 58.08572 80.64191
236 8.048588 42.00319
237 77.51173 92.6039
238 94.48658 41.182148
239 90.56266 17.283922
240 1.2091637 28.793043
241 84.15924 56.220955
242 0.34160614 8.367104
243 41.34018 51.84575
244 94.13229 0.065398216
245 47.744995 66.77473
246 7.2385073 40.808098
247 53.35169 21.11553
248 29.867332 44.705685
249 34.951164 68.74651
250 71.27971 38.576473
251 98.342064 63.14369
252 65.098175 0.5892277
253 9.207177 85.67977
254 57.87841 96.69868
255 43.88668 76.69743
256 19.593494 69.488235
257 9.407467 65.90894
258 68.432304 41.300488
259 32.587433 64.20834
260 77.33674 41.189785
261 55.047333 75.77227
262 71.016136 10.40073
263 71.5811 65.90659
264 70.112785 29.952902
265 98.421875 76.56635
266 54.395615 6.7503033
267 73.17127 94.49542
268 5.285299 50.749294
269 45.021584 24.723333
270 25.93432 38.49094
271 70.69572 9.504694
272 96.080795 40.173443
273 54.37113 16.03855
274 90.86031 54.912155
275 57.666885 28.372414
276 14.902555 57.474434
277 15.29656 54.249985
278 82.87822 79.213806
279 62.77421 57.338356
280 18.029427 84.8532
281 61.96888 61.867756
282 64.25738 37.935413
283 78.51226 39.394085
284 83.511635 82.985176
285 60.06082 66.87501
286 77.29601 87.59249
287 6.9999814 58.818752
288 63.157845 47.66994
289 45.9665 92.76909
290 8.456051 43.06392
291 72.98178 12.240255
292 74.2146 56.57574
293 46.27211 51.384384
294 21.482635 19.403273
295 81.05215 54.696487
296 46.67141 91.23808
297 39.52899 88.036285
298 26.466906 9.001136
299 61.821144 55.831593
300 98.08167 68.78831
301 47.868847 56.747795
302 78.08033 29.404032
303 60.039 56.147224
304 29.37187 20.329016
305 62.113987 9.668482
306 38.103104 93.59974
307 66.6238 96.13902
308 22.318172 8.440095
309 10.773808 69.26794
310 94.88898 74.20762
311 86.08694 2.1837354
312 72.20194 84.9901
313 80.682144 14.48341
314 5.5531206 55.766327
315 61.026962 52.20234
316 7.612461 52.24441
317 85.01815 52.724213
318 15.439421 95.19055
319 46.16305 11.410004
320 33.4473 5.202937
321 53.066887 68.482956
322 13.817912 39.47183
323 35.80529 23.873632
324 82.86783 1.1663556
325 85.31394 36.2764
326 4.78279 81.82783
327 0.7095039 69.13296
328 79.299194 23.721653
329 77.33172 60.736412
330 7.965726 72.75824
331 82.94047 44.80134
332 90.52156 82.65374
333 66.40331 59.893997
334 54.949062 40.84422
335 30.667765 15.847564
336 3.4807742 18.731636
337 95.94323 39.04727
338 14.157659 19.632357
339 28.744661 79.17019
340 60.654366 62.883896
341 24.512339 12.076765
342 59.527935 21.573061
343 95.47087 28.110754
344 76.64028 32.96952
345 28.587908 14.669013
346 96.3971 47.73706
347 71.116104 65.71306
348 97.09306 38.16694
349 61.23775 19.632267
350 71.82508 72.91275
351 19.581848 7.8199506
352 71.214165 0.9449661
353 32.460796 8.335656
354 25.956184 99.69083
355 1.0048747 37.5101
356 83.70996 99.64624
357 71.19469 74.275795
358 86.04708 32.27188
359 50.156395 20.911736
360 32.463383 80.90486
361 13.854319 34.87258
362 65.43233 80.98609
363 13.167011 71.090836
364 44.121765 90.43652
365 39.753513 5.8184805
366 5.967909 71.89351
367 53.407932 51.496307
368 91.3858 23.180597
369 39.875187 48.653324
370 94.3881 2.3370266
371 36.285072 43.35487
372 12.991357 99.34042
373 62.193893 36.709213
374 90.53034 52.949142
375 42.253216 62.443394
376 40.208054 31.558985
377 24.11763 97.16795
378 28.527355 39.367504
379 37.533276 99.82688
380 2.1354437 60.283997
381 20.604246 77.69586
382 90.83526 62.793205
383 52.816536 78.43512
384 16.159784 99.31753
385 85.12108 54.968624
386 9.360992 97.52964
387 81.665344 62.76137
388 69.641235 51.611866
389 79.85462 49.371548
390 17.971987 35.76849
391 12.370748 32.501633
392 64.23356 26.564621
393 1.4403641 35.257954
394 66.31525 95.14379
395 49.703194 32.61299
396 25.195295 14.382601
397 88.971275 39.37155
398 6.142926 82.953224
399 66.29316 42.054985
400 74.63343 50.52525
401 12.156588 1.3858378
402 78.23577 2.4504542
403 47.304565 61.38788
404 29.827673 33.804966
405 99.240906 29.9865
406 60.535343 81.2405
407 56.614388 5.436909
408 15.615404 45.412945
409 36.656837 25.520403
410 86.24059 99.564766
411 57.887733 1.3918221
412 73.274445 52.95567
413 35.372807 55.957367
414 4.39375 97.14053
415 69.7385 34.99614
416 7.4228406 73.528496
417 12.510758 66.75855
418 34.875095 41.224236
419 20.591438 57.890667
420 37.16178 12.919247
421 81.04696 77.21807
422 64.74576 45.696438
423 95.91225 67.71097
424 8.019966 94.22612
425 75.27222 65.94192
426 43.52206 41.22026
427 38.148106 99.19881
428 77.21465 38.49063
429 65.176254 76.35114
430 61.234642 9.904247
431 68.02182 19.372469
432 6.3266096 62.387665
433 29.034143 79.44371
434 35.02002 14.404183
435 44.748592 2.7112186
436 82.69339 13.581175
437 60.21101 15.5222
438 87.51174 71.027596
439 72.29508 73.34426
440 43.65726 73.04552
441 81.564644 99.19219
442 73.442986 39.158363
443 88.97643 40.39472
444 96.26106 15.468603
445 28.813707 12.658763
446 99.64176 25.19787
447 48.4874 19.914228
448 9.067631 33.794804
449 42.852573 31.196266
450 87.994644 28.223026
451 11.889851 32.254112
452 2.4849534 2.0315886
453 80.232376 21.639103
454 50.974197 86.69036
455 22.129333 87.253944
456 79.31179 71.63554
457 10.890603 29.838985
458 84.9702 20.769375
459 25.329573 21.2888
460 18.175148 71.109634
461 22.700478 26.256746
462 37.93385 3.2670736
463 36.414124 30.001377
464 99.11305 5.885291
465 93.52402 10.20444
466 74.73898 33.609753
467 20.530594 48.45549
468 42.76346 36.128735
469 23.19157 82.72619
470 46.18379 33.976807
471 76.30327 66.48251
472 22.451622 43.80309
473 40.193283 85.70373
474 65.70091 34.435318
475 62.11605 31.152613
476 51.92572 87.1336
477 10.856831 70.49553
478 11.613626 64.80314
479 2.4281979 80.587524
480 60.572346 80.56509
481 82.39854 3.265655
482 2.1699488 24.971973
483 47.55126 73.74216
484 42.650597 31.366957
485 85.47357 36.131615
486 35.606445 62.55095
487 37.366264 29.317081
488 7.4154377 10.232657
489 6.7141476 73.35771
490 48.137726 46.945114
491 37.13614 63.624405
492 62.958122 32.536636
493 17.23283 40.043312
494 19.037373 92.362045
495 71.86903 22.0145
496 38.173496 79.353615
497 9.181422 17.103035
498 43.870384 48.743862
499 84.614 31.381332
