500
19
0 12.325263 49.555405 46.39939 90.68494 2.9824913 97.3969 94.37607 47.08574 16.765285 14.142525 50.60872 50.27205 36.471985 75.01036 12.171144 32.196606 58.859573 56.534172 99.71528
1 27.982235 55.71627 22.821676 11.759257 7.1140766 20.812637 10.574293 29.756325 0.8896291 7.4369726 12.831879 64.48516 78.84894 96.51449 16.846132 92.70664 74.87997 84.42834 98.167816
2 33.630962 70.144424 74.732346 63.006912 81.06616 20.22925 20.161772 24.054163 14.272809 3.6436915 25.963772 83.91296 10.189909 48.907333 66.89955 35.570908 25.046576 19.281555 26.694494
3 4.241061 84.217926 44.26617 67.6723 90.536674 46.8695 52.210514 21.30822 5.23755 4.372817 90.979485 38.041245 42.596786 38.137405 6.0909867 91.52439 36.77723 39.427853 55.93287
4 32.257725 6.957883 68.514946 79.71975 75.99403 76.09031 67.30853 39.220016 80.24872 59.199554 4.158628 43.7406 58.56247 55.31609 14.075875 48.483147 46.798676 46.206505 46.060448
5 18.575413 22.71186 41.46804 61.949696 49.542492 82.36432 7.5030804 70.17229 74.73337 51.825184 54.445576 71.5654 11.59184 6.150383 15.135354 43.069 62.300938 40.16728 51.403767
6 65.3179 96.19416 86.39083 40.734146 90.13092 77.68426 67.85762 89.092865 48.43144 35.893295 60.221394 49.505764 74.573814 92.570564 84.613106 99.705414 2.3043156 10.464901 66.095665
7 2.6353002 5.12743 2.5944471 41.66832 80.31937 70.712585 56.661613 45.388477 21.950918 27.760971 1.3396084 9.034437 1.2016296 73.617 40.76463 6.6466036 33.685566 72.576866 49.075977
8 16.13704 84.036896 25.602596 82.33592 35.8883 61.785995 20.841705 85.02683 57.876785 87.57283 6.3905773 42.272186 79.41959 85.45717 29.095692 26.980007 15.286016 65.22306 29.397095
9 78.59376 21.826565 10.4934635 97.38008 12.701803 50.208115 26.845503 80.97394 29.358917 31.119377 29.43635 96.84418 63.88169 46.805412 45.214092 57.751102 3.675598 45.44519 61.71147
10 78.34156 95.230606 89.205345 96.62801 12.411469 48.99006 31.353395 71.63641 68.09761 48.87492 84.22349 14.653122 29.262941 15.663785 52.288193 59.553593 19.128168 7.332909 60.855885
11 66.16601 90.13355 58.30695 47.79976 9.331167 27.811813 27.129984 4.112214 29.6722 58.400215 97.418945 38.90684 54.087955 43.865837 39.503487 9.764957 67.29545 4.371929 14.593369
12 43.1098 91.23679 98.94873 84.66733 78.71892 33.885998 18.783443 69.87695 3.744769 37.803936 54.209606 81.75144 4.95919 59.37158 12.815517 10.828978 12.685853 67.4704 20.327633
13 87.800415 49.41453 73.77544 82.843 89.409645 32.843643 11.89453 34.93225 66.11013 33.57722 18.251753 26.022333 15.033054 7.4749827 40.613228 91.767555 66.701035 31.349146 0.039327145
14 28.864908 49.95235 77.009995 56.18254 3.5619378 19.870949 85.337875 4.41041 15.103168 96.60165 10.9191 54.206814 46.286655 57.53992 24.705488 72.49217 31.441284 35.601456 2.0838797
15 1.5186191 76.334694 6.4942064 15.67654 90.26421 70.19258 47.84125 64.20229 80.01006 34.124065 42.656017 32.940865 11.086189 76.340836 94.38497 18.949955 28.479458 47.727055 56.15002
16 0.44038296 51.78553 63.222916 33.902138 58.93581 90.34544 28.349894 53.207397 13.408327 60.63579 65.81524 28.909428 24.931622 41.194065 5.834782 12.842524 20.033062 54.482376 93.51686
17 29.314507 41.421516 26.862473 86.82895 23.757017 10.7475395 61.82253 5.356866 24.586004 13.20883 90.12639 30.863058 50.070442 35.899483 88.82295 19.714296 24.330467 97.63424 2.0464897
18 30.30389 13.246375 48.43611 46.058678 87.923584 61.139233 31.900232 42.642372 48.99397 31.977177 47.2413 35.182827 6.548971 9.275156 13.063812 94.80097 21.36337 31.81029 78.8919
19 96.78766 16.646248 78.10122 99.450226 25.189507 38.896717 21.94348 40.853733 63.39304 39.990635 70.10991 26.557344 26.431435 54.06081 37.88581 17.517006 44.799267 32.034397 89.994606
20 7.9615474 85.91711 13.146353 65.57593 71.97436 96.96706 89.26832 53.410797 22.302294 28.359068 88.94944 95.06848 11.074048 90.13797 34.695988 71.90744 71.11412 51.565353 21.816557
21 0.04425645 39.034485 97.0849 19.290316 83.96552 29.09115 37.89224 93.29921 3.16903 15.785271 68.18232 19.586563 61.162914 98.31061 77.45131 50.51209 66.72067 40.203762 46.412434
22 81.976524 43.191875 21.008146 83.383995 71.261246 42.92362 85.545265 2.4736643 62.80364 45.78725 1.6894758 14.379901 10.106593 29.07431 24.618572 37.833977 40.01876 41.58082 38.67875
23 45.103653 93.74539 98.81078 95.63778 11.87222 26.941866 35.478844 67.64607 41.308167 40.451366 22.773981 76.18495 98.17639 1.584667 43.36741 75.22249 3.150636 62.776554 49.428207
24 52.34734 64.61868 76.02464 35.78167 49.502415 37.590717 75.32064 89.95222 92.84656 2.002728 69.4809 26.632559 96.049866 8.73869 70.095406 39.882416 63.856243 96.87947 16.027683
25 71.166245 62.96625 93.63471 40.859135 74.58388 49.208366 55.55362 33.291107 87.03887 86.64376 40.178543 34.769104 75.64452 72.8176 38.353737 2.0103693 27.721088 91.02008 83.79229
26 84.797325 80.932365 55.40669 55.914436 58.004402 18.403662 47.466175 29.88721 29.577673 2.325195 75.99502 12.520277 77.8703 11.158031 29.880726 50.318726 58.70031 22.016615 50.11618
27 55.48647 47.64999 28.312153 80.1308 73.752045 30.941582 60.821926 81.35954 4.102463 39.73678 40.834255 32.670067 72.224396 0.51561 10.051882 90.584404 86.84015 87.45344 71.97424
28 33.982094 59.17761 52.156258 32.29172 78.034546 11.329288 39.018875 25.494337 32.43763 17.848646 89.685745 65.81766 27.584637 28.028458 93.030365 12.527645 7.221484 73.143555 44.699116
29 12.402386 19.479073 25.57071 66.12362 91.435425 51.175533 4.9837112 72.09108 48.905617 78.17749 13.438738 20.133097 40.990795 21.721298 76.60164 77.37468 79.315475 45.30042 5.925393
30 80.86001 58.79861 26.46656 17.376781 77.0887 35.800808 34.172035 20.260876 13.465887 14.06849 15.667075 56.53993 28.06351 44.854088 92.086395 41.33894 80.54439 86.68962 12.405872
31 51.438435 73.912735 97.74932 69.17691 85.65011 98.084435 93.01345 23.168861 92.04239 47.84048 3.3085406 68.64808 17.83076 21.822935 32.832016 36.437065 91.98544 39.702023 55.36534
32 32.132317 34.66255 41.8952 91.746925 34.98213 95.672 82.22806 17.333185 96.06352 33.40776 37.226772 98.455986 18.743092 40.846123 36.420475 11.930919 40.213158 24.041492 42.770176
33 67.44143 59.47895 16.505367 59.35029 5.3873596 37.91315 28.242863 12.475366 54.12583 85.832825 47.15638 18.93595 92.341415 8.994299 31.932724 18.792885 11.768776 28.010029 16.147215
34 79.75294 20.173662 71.0974 22.696585 15.543854 67.209335 34.963726 13.174576 21.52319 39.6499 82.768326 48.606884 5.15095 26.016544 13.798219 54.052647 67.6556 32.52669 72.62733
35 80.75974 93.50992 76.69205 31.04139 74.44324 95.05645 46.163483 52.906532 48.267044 86.19112 88.27603 58.50419 43.48541 68.40129 60.205315 22.778654 41.49542 78.19582 86.03975
36 42.636456 78.12592 92.157455 21.044838 77.15377 47.01961 16.152239 45.904892 25.60479 64.44028 1.869142 6.04167 50.00001 86.05834 66.621216 69.81205 48.75961 8.347159 22.564316
37 21.371906 37.747746 77.08669 7.091844 91.46758 24.724848 44.85768 6.615919 94.8999 67.96598 32.869755 67.282394 14.73037 73.035286 32.363766 25.986935 98.609055 1.2533903 32.338036
38 87.52194 5.35664 76.06287 46.45868 34.511864 23.897964 80.16546 78.52597 28.27356 40.90343 26.914627 66.39554 34.714764 37.442665 68.00297 65.22066 60.269676 73.29809 9.051472
39 16.528421 80.63659 65.345345 52.416145 27.018625 88.265785 73.91326 68.568405 84.9435 23.242252 88.934395 24.03252 40.164345 13.078499 11.943931 14.392972 91.97624 58.200573 86.850105
40 78.6956 74.8449 16.35927 63.46498 9.100514 22.423857 67.177765 24.945175 33.40525 73.54107 60.46536 60.754944 93.610855 67.00046 53.25795 78.04814 90.67963 44.585728 31.824429
41 69.30342 22.72262 40.94571 58.70166 65.7831 33.812504 15.256506 20.349724 23.376919 75.257805 60.68604 18.976158 98.40792 86.37852 84.530106 19.74765 60.099705 42.5306 63.0607
42 50.838905 58.028267 23.342997 52.051743 53.96987 66.71337 91.92076 45.8633 94.22811 85.56381 78.261856 76.923744 83.59714 96.01091 48.52346 93.31274 27.812212 4.487854 51.310825
43 37.593315 22.602213 10.897959 37.163765 25.555641 56.272495 88.63105 86.26246 22.420061 0.7245362 90.61603 79.505295 77.41585 23.740929 73.23429 51.032967 79.429756 39.599174 68.36966
44 46.549213 68.34457 42.28782 15.955555 26.050085 93.311714 71.81805 72.93114 25.510878 72.88836 36.951637 37.67995 77.4469 37.89261 21.26137 15.253872 71.87801 38.980072 99.5259
45 11.751676 67.965576 73.12076 80.3225 95.20718 82.395645 29.971504 12.165886 24.641275 37.458847 17.020267 65.05955 3.2525241 42.78946 85.56447 48.850273 1.0809839 67.005936 25.125593
46 2.8421462 57.21321 75.23056 6.6605625 87.83077 72.34553 25.913488 52.582558 8.722096 45.246376 34.861256 69.63789 71.42531 67.6253 89.251205 57.402782 36.541702 42.708523 82.14251
47 66.67668 30.857944 25.333315 5.0754967 27.284325 48.703587 32.812565 88.3505 50.493477 53.321545 53.706974 85.12348 76.9619 34.56136 88.80646 15.2409315 34.207493 6.036681 18.209988
48 90.513756 68.22609 21.550089 68.86061 46.716084 60.050423 47.80296 97.009674 84.86887 50.55153 65.46129 33.933258 40.271248 4.2446613 52.38673 25.199015 31.278765 6.6999016 76.6768
49 23.589891 9.063268 29.613054 40.061657 43.452667 16.653025 14.714498 37.711353 15.085059 41.63568 32.34648 63.716347 77.45052 97.263885 5.398512 94.07372 46.97182 15.6509695 54.84401
50 24.165815 0.6718695 72.66076 2.6705444 55.241543 10.086018 64.42219 52.65362 95.65141 75.05806 11.641007 83.11603 25.45485 95.959816 10.602432 10.279596 26.98626 21.560616 73.590485
51 80.604485 95.06892 45.55083 90.08203 97.98622 46.401024 45.73676 91.2614 92.018135 62.366653 59.63013 50.959892 49.71557 38.86754 32.323463 6.9339933 10.938019 23.0165 16.254728
52 27.396648 20.85036 83.525345 27.115965 82.912155 27.560013 59.771393 90.45676 56.223827 53.791393 35.808933 44.495983 39.43237 85.163284 88.53994 86.61406 25.37452 39.18209 13.97121
53 74.59953 8.319068 76.13011 68.620926 74.92348 17.517544 11.101091 2.9211223 15.383804 29.098415 93.81635 64.677345 69.98057 39.718513 55.65716 19.641298 21.746874 55.786438 30.497843
54 55.936577 1.676172 10.517496 44.15882 93.924126 46.373928 87.19646 26.168716 24.138123 6.4525547 9.504479 24.394524 5.762225 45.127808 81.36444 28.143394 15.910805 10.418612 81.29024
55 16.547377 86.45212 33.571487 65.57002 17.214893 67.54632 84.906 25.711584 63.88178 34.317444 10.604536 7.4347496 92.54769 0.54614544 29.75468 99.17638 82.57758 17.930735 10.21511
56 69.70801 84.53435 44.854153 79.94877 98.24513 39.950626 39.810432 2.9936552 31.604988 82.52077 23.347193 37.18032 95.86237 65.78687 11.792541 45.323902 22.940052 22.60577 35.941303
57 99.501015 53.09242 67.630554 49.62381 66.06142 83.80261 79.64651 14.581156 99.428276 34.780605 77.60509 28.79625 88.029305 32.15165 47.151882 81.41565 63.70503 16.252274 5.708784
58 56.24008 4.80544 94.45892 68.92206 31.622654 76.368675 79.97853 12.515611 3.2153249 72.044876 30.40967 7.092881 79.631035 60.867413 66.07889 42.82464 13.589483 26.975859 61.673767
59 92.669815 52.898354 96.66871 58.597416 81.04001 48.661602 19.727129 96.88891 6.6866693 90.937675 51.13698 60.680614 98.9265 54.790764 25.7891 30.251581 82.80042 8.947104 38.414448
60 36.10127 66.874275 43.309498 10.180545 79.49028 5.4339647 15.180916 13.621277 72.01429 90.919365 53.55034 30.787462 20.499409 1.5045404 29.111147 72.89793 48.396744 19.50487 29.28657
61 0.85992813 70.541306 88.32639 33.463837 57.645027 83.31575 36.331303 76.48553 78.797516 69.67748 45.45183 7.37409 54.772675 59.98443 18.63246 85.99587 17.123205 10.969466 24.015825
62 30.189466 43.853516 31.507158 93.82672 98.637505 81.94053 73.99304 93.57506 15.861207 66.780716 42.28234 71.73186 62.135864 49.187756 23.339134 53.48284 36.398083 85.86404 1.2217343
63 64.3948 79.43956 94.64804 44.027977 3.51758 19.51772 52.254307 91.26214 31.075918 76.18345 20.94345 99.14258 76.7827 60.415405 28.1686 2.0866096 2.0409763 21.406334 6.635654
64 11.490941 86.82227 70.4807 93.59538 28.538645 41.551716 20.10578 20.075506 90.73583 30.446798 96.82709 20.991016 85.90428 7.809848 58.809566 13.788194 50.18453 17.940014 85.66019
65 19.935995 55.053467 55.59709 26.066422 3.95028 83.3099 73.11771 29.795343 37.80135 85.37342 5.9674025 48.6061 43.90943 99.07824 57.13591 36.04516 52.182655 51.493137 76.5857
66 80.89155 20.717138 47.288002 21.9961 71.733215 6.191075 80.98961 26.170856 60.883682 39.289368 0.3776431 92.37133 1.249975 18.64801 44.5826 16.988642 98.061775 10.079468 96.53948
67 7.6774416 3.3521175 47.81189 27.76661 40.454136 91.09023 23.042297 90.480675 30.239874 67.81694 99.472626 83.39445 82.64081 81.99523 73.188065 2.801001 39.956783 6.0982647 48.081387
68 98.41888 28.85719 41.312134 1.1687696 6.7113695 91.0355 74.79061 83.0403 94.814766 19.440168 44.387543 26.109934 41.695576 2.1796882 2.9937327 1.3587177 24.645775 72.527176 42.86727
69 77.2945 97.72193 88.03075 35.079372 42.589855 12.306005 83.80796 57.374306 76.32564 70.740234 16.71737 48.8976 2.2933304 43.158318 98.11975 17.478388 82.03945 50.453514 96.043365
70 86.12011 66.226616 97.107666 23.238045 53.28168 86.70835 64.73271 49.14429 36.202938 79.04993 78.088936 22.328484 99.29236 43.970154 71.5466 39.36941 48.361416 98.53662 96.015335
71 78.26346 5.7308254 16.437752 58.90802 43.696255 6.9851456 89.11277 16.424889 70.37061 65.01104 54.08842 86.09138 54.160816 95.08102 77.006836 4.878652 42.168373 51.86158 53.301792
72 75.25537 7.587111 87.617424 23.372482 58.106064 67.25722 44.39938 0.8095026 41.608818 5.3258123 62.053097 71.45428 31.95901 39.773476 40.441277 76.83961 32.386105 86.762276 86.86884
73 89.1984 47.42763 25.675863 8.436256 77.38296 30.153185 63.030075 50.581062 59.667377 80.2874 11.623043 15.624142 16.778553 64.34333 0.6671071 23.50068 68.19971 17.388271 79.31408
74 57.37381 88.709206 66.42642 68.87685 2.411437 97.46267 93.163185 14.90168 71.12695 96.21858 98.74378 28.608328 74.376785 69.37831 3.624636 35.451473 55.970867 9.504986 84.795135
75 46.844166 50.04447 66.359726 31.934334 77.40896 34.58657 74.01707 69.64259 65.28657 59.103374 23.37683 9.572524 45.64885 88.16602 70.77083 43.100857 39.05731 70.95709 7.077813
76 80.199776 65.92003 66.86504 25.827187 65.511635 88.078186 2.2140324 88.52455 29.495604 18.36239 28.456085 76.51361 46.154045 71.47448 99.253876 72.05708 93.57456 55.260353 86.06773
77 28.242981 37.72193 3.6444724 38.915504 64.38469 61.022068 22.310942 52.245407 77.67742 26.802635 79.56408 73.26156 55.207592 39.158268 9.422654 51.04034 35.50424 19.920938 66.44638
78 55.40993 33.50594 63.83007 54.424686 32.431854 55.23576 47.465633 49.051445 22.582848 82.08921 93.847534 11.054259 64.11016 63.214325 33.695126 86.74292 79.80906 77.08156 46.122433
79 71.20316 94.49495 89.39825 10.022426 51.81336 23.125034 68.72559 95.633125 0.6428778 77.83751 18.524063 80.908676 70.65125 64.65617 35.21895 85.53125 7.310873 27.351803 16.884972
80 86.94844 81.99835 73.619095 82.25528 67.02226 11.729061 15.542639 41.234814 48.10875 59.846764 27.071333 7.5230894 16.093105 30.23857 72.24657 3.2215834 11.587774 22.451008 72.14492
81 61.623104 54.726856 13.473344 40.374035 45.27387 73.388115 63.481087 37.53543 14.696682 37.935455 4.858309 36.938847 82.00827 90.45338 96.51829 96.17823 81.51496 54.75818 96.90624
82 32.6835 74.995285 51.095615 99.89631 73.32891 66.860374 31.314772 66.70046 7.4569583 38.115723 25.445473 85.3161 14.674902 67.739204 17.068695 66.189285 60.4738 15.759259 74.78514
83 90.71342 77.64058 9.296018 81.64721 27.78076 54.681377 36.761223 58.878838 15.534192 85.708206 97.257576 48.881634 21.215147 52.684456 23.243248 43.79385 74.87317 90.36223 41.31616
84 47.17223 63.805485 58.024197 25.418032 79.2095 47.8575 18.174702 41.06902 60.848896 42.874943 10.0812435 60.937836 83.84006 35.207428 41.58465 28.962887 25.889969 56.583046 93.47015
85 60.511063 50.351555 21.082067 1.0843396 33.14936 25.178015 17.321009 13.515133 60.28058 57.031586 55.11921 23.810745 57.239143 3.4128964 90.469864 58.244823 35.85217 52.47467 32.003666
86 28.95041 73.65003 39.86866 60.553055 14.3161955 42.880928 61.675133 47.949463 83.90126 92.575645 88.372406 26.678885 29.375708 14.767962 47.17296 56.15727 76.795 99.55893 18.199474
87 29.655993 16.58817 69.28931 47.27727 26.608706 0.7688165 51.23646 67.02096 4.278755 78.41166 92.87344 4.8958006 39.485474 3.2854974 81.026596 47.605686 32.017487 86.16928 3.7635028
88 95.12774 6.051731 39.835854 94.36657 33.670414 41.711765 89.56648 43.444466 57.53123 16.013968 85.5179 26.560772 87.0883 68.85338 46.02496 9.485549 39.85562 56.17347 0.27211905
89 95.38421 78.60716 37.658764 53.552185 22.342247 64.03259 31.612259 13.9624 5.2925053 97.29535 74.36904 42.838013 13.682116 32.34908 47.70404 96.02736 50.421505 40.124672 95.07905
90 34.36753 34.442966 1.9789636 78.91768 1.087004 19.516928 22.415913 36.88494 94.562035 7.101589 69.42919 58.68128 36.674713 27.516174 52.314163 17.253517 31.307602 88.52565 22.960102
91 73.50091 82.17474 85.71176 68.027504 13.254314 53.703457 67.30104 40.66859 34.078728 99.08064 75.257645 45.25385 49.659073 83.459854 92.571396 34.67645 26.350992 11.850089 7.2368026
92 44.03745 72.90135 46.098072 20.196026 67.74553 16.167301 5.9167743 36.590637 79.237595 66.502426 88.95246 66.42713 97.644844 92.75815 84.83024 46.91739 66.8589 32.80772 69.947525
93 79.32654 36.723923 88.1887 52.029514 38.479347 19.68345 25.741518 36.220367 73.78697 49.400585 2.6723504 34.41689 32.715057 39.962048 69.77581 64.88148 27.292103 48.650063 98.9187
94 44.682896 53.13533 84.36271 41.422535 69.554924 0.44438243 94.08648 2.615893 87.24411 54.688442 56.941257 21.296644 85.810974 28.809189 38.8566 60.69855 48.690342 51.51223 19.590252
95 47.160793 36.202484 30.768126 20.31942 64.228004 77.79792 36.447643 96.23868 11.3506975 41.3387 89.84411 40.364468 38.51236 52.45103 94.77051 87.01659 49.5935 87.27773 99.3553
96 35.225224 39.519733 51.223248 89.30508 1.6649306 62.469685 81.49187 2.274406 91.773254 72.6889 95.906334 34.415237 67.662415 95.63258 29.757357 19.81448 27.532303 67.917076 7.933867
97 82.326 67.857635 80.38744 44.54303 38.531982 15.030789 2.8057158 26.432116 16.810137 14.836126 2.345705 51.819656 17.632067 97.61477 65.170616 68.54092 86.48181 74.81819 22.608078
98 97.684845 85.68104 13.472504 85.373764 73.68241 12.770933 12.575155 23.293537 68.7957 19.07506 17.375671 49.209743 62.61565 76.10929 40.66767 87.21945 31.324137 33.383934 65.52112
99 22.88074 59.400196 17.94122 21.251482 50.15151 61.9977 73.08333 7.8609047 83.01955 69.8021 95.878845 86.7622 83.28019 91.76092 55.20814 14.437473 46.77109 83.21074 94.65388
100 16.982132 73.44405 7.690239 8.104509 47.494476 39.618557 66.79509 26.474888 34.30871 69.108215 62.01818 47.727318 79.512886 21.941025 50.413315 50.981243 56.485252 51.219593 18.469864
101 50.8246 48.82574 19.215466 58.699512 7.1915746 76.62149 69.79916 25.58784 16.869814 39.09391 65.32643 32.78684 77.67712 24.02234 59.49423 44.318836 58.747528 66.67921 73.62287
102 98.286194 98.64686 96.16023 10.302472 72.85858 25.967491 60.829853 96.16202 78.42495 88.713745 42.067265 23.292446 5.5985394 43.576645 25.597555 18.006277 21.660202 93.81816 20.490223
103 25.383675 34.991245 44.95821 79.53395 60.489697 11.6163845 36.116856 52.34275 52.112843 55.248196 87.35138 79.46853 35.046417 53.857082 10.602635 36.30526 32.800587 55.007343 65.19492
104 48.048622 97.49435 88.78606 94.80201 98.864914 28.646976 92.45457 78.29214 41.226257 1.5929759 62.882744 24.105268 5.6539416 81.021866 30.8563 69.31465 11.505497 40.245102 1.5125692
105 38.115185 69.63647 24.579609 75.05819 18.306559 45.517643 92.887985 65.712524 21.857834 53.509956 7.815945 90.22711 70.62035 80.37087 68.420296 42.637794 49.780907 78.629234 42.298256
106 2.9618382 79.11032 32.22451 44.43686 14.765143 90.171936 20.826996 71.03832 81.869995 61.428875 2.6671946 55.594166 76.4841 42.960964 94.6966 6.3404202 69.806816 8.915538 63.732094
107 76.605255 18.367117 64.829155 2.2188902 37.945602 93.193726 34.838104 60.761166 78.66342 79.19487 82.126816 49.05653 53.40637 5.1826296 16.639883 13.834429 12.019938 73.72329 4.311526
108 12.4056225 44.36421 28.904121 69.3664 43.10912 81.99188 40.213894 28.448862 77.985725 94.76581 54.635834 85.58967 91.1674 40.851696 15.909076 68.775406 50.56587 60.04194 10.449541
109 90.9175 66.35037 13.851219 40.91943 54.4057 82.36564 49.886406 69.74347 93.56988 85.059944 14.058429 11.400074 12.9718485 56.736595 21.51056 81.03879 51.524002 48.13898 77.73599
110 51.428265 98.31645 10.720915 75.11244 5.51694 41.37426 46.69415 69.66666 49.654644 26.31669 79.40046 18.787485 25.99724 89.32246 56.104763 66.13104 11.585694 54.49932 97.39083
111 36.22155 47.401695 16.60884 43.464767 22.169382 11.265111 78.31338 98.401535 47.244675 43.226643 59.21337 83.334015 69.30943 87.15687 19.759495 12.474507 98.687836 15.13862 44.80164
112 49.428825 70.11858 16.193151 52.531696 72.33008 60.972916 23.534363 48.6591 25.760687 76.739006 17.235147 41.909527 5.1903367 34.479362 15.752554 4.752004 59.735996 1.9904137 80.60511
113 77.34559 4.5168457 88.9696 25.597645 18.072813 61.858517 13.675779 93.883194 41.02531 47.290413 69.21818 42.933624 10.072506 41.93021 5.4012537 35.822685 86.63308 46.777737 0.47808886
114 55.328423 30.25164 60.024895 80.52212 40.022312 99.14075 8.17048 18.531084 45.077057 83.876625 62.013332 9.752619 87.90483 68.64149 85.049255 30.806816 84.404526 58.307148 64.04693
115 87.528015 76.58571 39.084297 18.316072 87.41917 9.247041 78.565285 48.16139 17.38329 21.376347 86.22106 76.055435 3.9562762 67.73264 86.54625 32.04047 2.4134874 94.95128 38.160503
116 2.7254581 31.474178 33.330303 17.665422 79.98394 3.306532 75.61875 76.63015 29.146994 13.381969 44.608856 43.75568 29.252619 53.490227 75.6696 47.37956 90.95003 3.7701309 83.64502
117 61.673664 16.217453 88.6107 47.439236 64.11503 52.453094 47.22148 33.34233 33.343155 0.11841655 55.860664 19.502699 11.938161 35.39273 36.25789 60.270584 24.858225 98.74291 17.601288
118 98.33319 43.4675 7.4866 69.31378 54.1077 49.788345 69.96227 53.272545 81.7892 13.654667 94.505165 29.491186 17.364109 94.972244 95.81877 93.76255 69.955925 17.763382 41.343224
119 92.3389 39.791893 95.85679 51.73482 93.20713 26.151562 81.06173 62.52405 49.512005 10.728968 32.831608 72.41937 54.616833 36.31928 98.485115 90.63535 4.4060526 19.600946 40.029915
120 58.175842 77.77918 38.560963 37.859528 52.387516 55.72352 69.90125 53.710335 0.5698919 90.55978 46.228687 1.2314081 76.301125 35.41847 85.192444 78.60414 44.79372 58.02685 67.77546
121 85.43278 63.47209 8.578718 17.01963 17.506802 47.568165 37.749355 34.476383 95.217255 33.429302 74.54282 74.099236 91.9124 34.05227 64.16957 83.167114 40.134438 90.790726 30.912817
122 79.74432 79.6338 4.9840927 0.12715459 5.306256 89.767334 45.24076 75.11163 30.210041 9.121102 96.15548 89.41206 65.953575 71.039566 57.292736 21.7476 70.49072 79.58559 46.327286
123 80.64973 16.666191 66.00593 75.36696 8.286608 26.072533 21.055538 86.820656 69.87267 74.84993 8.872146 75.90613 46.395813 29.243391 69.135124 26.273537 26.808346 18.763239 86.94651
124 17.566282 51.81111 56.784584 5.5071235 67.43089 28.214043 52.156235 21.808195 72.962975 51.693726 52.215935 7.1144524 59.34077 20.515186 25.437504 44.184124 7.0186195 25.179832 40.23928
125 54.475372 57.957172 73.55435 61.29659 78.858185 29.648483 80.18999 53.62253 72.73157 40.905045 67.43408 21.87019 24.393665 62.339092 7.5538816 83.48928 17.797829 98.04092 75.23714
126 71.82512 46.531944 23.114395 82.1189 32.826595 74.376724 98.44733 65.83403 37.141544 3.837186 52.45124 99.749306 99.99624 2.6210546 16.62758 53.03794 32.91474 89.4892 73.89726
127 48.986298 44.132305 55.87141 85.92153 60.043465 35.15426 4.0833592 7.460606 16.627264 87.53081 93.16585 35.541893 51.385826 1.3441026 70.87872 31.28236 17.596006 91.48452 27.112997
128 59.13458 8.58354 2.437967 67.14226 17.66904 21.213896 1.488924 80.23968 57.39534 90.17788 14.998573 73.06948 53.253662 18.345177 95.34284 71.068375 95.02902 22.05844 36.350487
129 33.2185 89.87063 36.878098 83.39001 14.949721 13.216573 9.764934 27.90066 84.47662 62.67077 66.616516 3.995347 4.069507 42.75888 50.88096 62.191433 29.28592 55.069645 98.89526
130 29.32263 26.069271 70.195366 52.68648 47.78564 23.185623 86.31313 21.095545 46.57758 91.364136 19.449324 27.91134 32.74374 1.6869843 46.76131 31.72511 8.103317 65.510994 24.930656
131 49.733013 42.237984 93.077644 8.432447 57.84108 50.062607 44.87477 88.5308 96.08762 88.75887 50.95988 93.9159 63.331787 63.91415 71.359924 32.573425 2.9138803 4.404199 93.159225
132 95.45363 33.93697 67.487564 55.118984 83.53831 76.125565 83.90123 52.096565 97.80681 12.874323 63.184715 62.91938 47.254963 82.90878 94.297676 25.799465 73.46517 39.553284 89.68238
133 34.244293 65.26625 54.366215 2.6673377 68.43487 86.82331 13.095564 70.48407 7.223022 74.19113 83.58104 96.71126 74.577805 65.139404 62.245007 37.766438 72.13059 25.169813 95.8494
134 24.795681 92.38768 68.408485 53.737686 63.188374 21.466042 58.853294 1.1307299 61.75305 47.44547 17.723316 12.316477 58.678543 32.513386 72.903145 12.691116 14.68246 71.21256 22.263062
135 57.31254 19.689714 0.8086443 63.596554 30.465895 19.021194 5.90384 78.740524 83.07956 71.00605 41.0809 70.88521 42.84299 39.319183 1.0245562 3.9557755 23.55473 40.9119 86.00505
136 7.1358323 96.36983 81.43312 25.902737 1.0451138 44.833786 33.378685 42.498146 3.783816 19.311958 43.26758 97.255745 53.080738 3.8857937 89.89869 10.311002 67.26051 62.042664 79.72504
137 61.16184 83.867874 96.3965 32.692635 28.311174 95.808525 34.91833 34.187515 74.76432 25.102705 92.21743 59.240204 90.12295 72.17824 82.59538 93.63714 4.6182814 81.495575 23.011219
138 14.430648 62.68453 13.702953 32.6702 57.433464 95.79651 91.03058 43.421936 1.1030734 48.802113 30.878443 96.07426 70.800316 68.70364 36.22394 34.46228 2.3436725 57.92513 18.327242
139 76.832535 63.235264 69.00435 74.05999 55.79813 79.62999 88.13641 77.906334 69.59402 49.339813 30.15337 17.224968 82.2239 79.75968 76.74558 52.72119 84.768906 94.978676 7.722574
140 17.325438 78.860596 30.474228 46.89351 32.937874 43.15777 25.211626 10.051805 71.9691 79.47177 29.785358 63.220203 79.538734 24.63408 52.10147 80.70762 1.9027472 32.78067 37.234886
141 10.918039 0.5464077 38.74175 30.287134 84.815956 21.843016 72.7854 56.666195 29.386742 5.74438 8.995586 6.120557 13.5418415 59.20232 50.807083 59.55825 64.22611 60.55159 27.223175
142 12.2017145 48.82108 58.603584 39.36916 35.570683 49.446976 57.462265 39.4623 73.30591 23.906296 46.893917 80.99454 72.671196 95.55033 24.341171 70.729195 31.98282 74.37127 23.308622
143 8.620292 63.064182 38.51935 92.86838 82.39827 72.51681 98.92491 82.50357 8.568162 3.1119883 99.788246 57.556374 82.9851 20.47329 39.71808 74.36508 31.87201 5.538148 17.896675
144 66.01666 80.79991 21.716034 47.783386 53.823196 85.25221 70.42427 38.80769 94.531334 75.23996 59.5654 20.830477 76.3353 49.139683 67.86025 93.762184 79.489555 32.414562 51.677746
145 87.825874 50.27365 76.89091 69.57978 51.061726 94.877396 80.347725 79.261375 67.61901 66.14191 26.69843 29.511124 1.3168275 88.76362 89.17872 40.40449 47.33253 84.36169 65.68965
146 53.895493 24.466663 17.602766 72.582054 86.575905 10.317553 78.31214 64.32001 20.473267 91.27122 46.180897 58.053905 96.76916 93.18114 97.371605 68.40478 3.2107234 71.99611 13.158202
147 25.762821 67.29633 66.72558 35.901894 95.997375 34.1378 60.655052 97.416595 8.338422 46.897324 16.595888 68.43212 56.809837 87.089905 74.44418 58.79935 77.27255 26.616175 46.01419
148 38.74054 32.98484 99.49463 54.897427 68.333725 15.532994 1.8057704 35.18641 71.09908 91.7667 57.816612 79.81108 87.656364 90.5409 59.6575 69.79899 5.6367874 22.982067 59.87176
149 93.13093 5.1153364 96.83856 9.812718 94.480225 46.594727 7.2294655 32.944466 73.76405 86.9014 33.575237 67.897865 56.182884 52.186405 24.289936 30.489195 93.67277 55.565006 18.364239
150 22.23537 77.15178 87.84402 5.5093765 52.170532 60.62694 65.40469 16.11551 62.517464 37.47207 10.822373 18.76654 32.09325 1.6360462 4.4660687 79.12359 25.890482 53.151047 53.44873
151 50.12883 18.296904 19.35146 16.269732 52.99151 20.681976 7.268131 24.74807 12.41129 22.936779 45.62425 0.890398 1.8973947 20.913523 28.934986 55.739933 67.59265 57.045998 23.9232
152 24.638199 46.260635 85.77694 17.639559 72.394165 97.40533 76.370964 75.46215 40.347248 86.04101 47.412045 79.00489 92.04944 94.40472 55.49524 42.65567 96.15537 3.7043273 27.60905
153 72.07572 4.0398064 74.43639 76.31432 57.916164 89.66279 2.314341 89.46893 67.95274 13.3408785 30.658043 63.896786 55.82534 6.4865055 36.261223 3.590256 84.926445 97.23875 59.13623
154 27.864534 32.3574 67.481 34.812767 10.01113 96.21976 49.341022 86.52653 70.64788 56.10087 97.27486 1.975286 86.92001 3.0302465 62.69099 21.458614 5.3186774 53.3204 18.276548
155 0.076925755 95.05943 27.770203 34.31197 32.986378 85.17739 21.219694 68.93203 89.03685 52.78156 10.234523 57.20071 31.826263 84.86762 71.9108 42.77016 98.45963 10.875076 82.88363
156 2.6048422 93.09545 88.51438 73.36503 45.651173 55.49489 38.567646 60.510605 85.36086 12.874633 34.23 33.014935 72.63735 77.82799 2.5185883 4.2686105 48.135574 35.158558 36.30404
157 64.69642 13.033742 68.2185 19.151508 10.366988 96.605286 20.620716 56.491627 90.26467 2.400881 14.678782 87.336716 29.701168 66.923454 54.10683 24.03683 53.487015 53.720356 8.685827
158 63.218594 46.26373 9.268898 3.8851023 10.415769 65.71038 16.397703 42.745445 21.892912 29.390972 26.833088 52.41945 49.2564 60.32062 31.416512 38.178463 61.674698 27.731222 18.296492
159 15.795279 54.490036 6.155366 73.711 84.17447 45.856983 91.27845 33.660233 56.91558 30.51182 18.801743 98.70363 39.959503 44.146145 91.89642 68.24088 76.198364 86.975464 13.104749
160 38.95797 63.349617 31.36974 62.465942 87.70241 32.744915 67.8199 60.23161 29.026144 81.01339 24.587667 90.119675 98.191 8.811397 79.22339 48.281998 71.82388 8.441889 91.39799
161 79.985954 49.954594 80.90477 54.403084 96.70349 98.24528 60.925602 42.013508 52.445263 90.2705 1.937294 24.525827 41.66623 13.233161 70.76353 25.595707 49.1098 62.070934 30.611933
162 74.46864 92.07024 66.15 40.48043 87.36753 0.5688369 78.347595 66.57463 49.76486 54.003345 31.047995 17.004044 7.1869016 52.399532 89.23286 62.85736 46.79473 35.237324 33.31604
163 67.55481 32.54777 55.024727 98.59664 90.74931 62.126774 70.7442 13.185233 74.426445 39.385857 97.70653 80.0643 26.471884 98.88898 55.234425 73.70325 42.886513 2.601242 7.296431
164 88.552246 13.896286 28.14648 29.3629 21.04205 34.101856 34.87032 38.31962 62.734753 33.030994 81.485146 42.51867 68.38223 93.294655 57.104473 52.55332 66.296295 70.11948 7.347912
165 7.008302 41.12111 42.260506 96.82335 23.466074 21.390612 41.926914 58.14367 65.96276 90.78073 44.930775 71.74549 3.7166297 46.418823 74.15799 87.74597 20.441986 97.745804 34.83736
166 5.0593376 62.368496 22.05553 71.935974 29.721457 99.980965 18.840378 14.138508 36.12283 32.557976 74.39304 48.886726 95.4757 15.215617 14.756227 95.29044 35.749878 10.060686 82.14042
167 0.6094992 78.47675 1.2462497 74.4745 58.50007 8.777207 8.533454 86.00542 18.179571 75.81423 46.041046 39.076447 40.769978 68.26519 8.165735 2.7036846 37.816326 41.57466 99.4515
168 15.717572 55.647625 95.47151 31.05644 23.481226 13.963246 67.86123 75.30606 64.04379 66.716484 57.64657 38.83937 7.6022744 84.76503 48.758896 91.56818 31.956928 2.417636 41.734688
169 75.91227 64.94632 71.28995 20.143396 41.689068 15.3906765 4.965991 76.22557 75.0817 58.674328 14.834017 83.9554 54.05531 17.637402 51.92641 55.68515 1.517868 48.86572 10.256928
170 19.40863 75.82579 87.76965 75.44037 52.905636 35.620533 41.09386 37.53762 55.573517 12.472111 24.82946 31.144875 2.1493912 85.72945 0.09958148 28.601147 29.875576 64.98106 44.71232
171 36.50109 63.621544 77.56927 38.0382 31.956285 85.27029 32.947266 20.051521 6.550753 34.091366 88.90151 89.21731 53.79702 65.20408 93.67884 19.91269 64.04441 51.492626 85.06269
172 38.80884 60.958992 49.94346 24.958015 95.73701 90.436264 52.36829 63.90009 81.71024 28.485548 40.4522 12.243718 82.72563 14.416075 80.18508 37.073547 49.54624 2.546072 36.71895
173 69.87223 11.73684 5.449474 9.82849 58.773552 58.743744 28.062826 76.28548 10.206789 55.77102 51.22382 48.999233 62.61329 0.6792605 59.640472 95.698265 14.706487 67.24793 49.947388
174 0.7669091 82.783936 16.089153 34.25611 52.703953 96.529236 97.53423 41.125645 23.197222 16.519844 70.249855 34.655632 0.23161173 95.55338 28.558344 31.738955 1.7538965 31.502045 72.87634
175 13.515586 34.55271 13.596642 87.85363 48.672043 58.08681 34.035755 67.25362 80.168144 49.482166 80.13113 62.999702 62.796093 54.85295 91.66937 46.807426 74.04985 16.081411 36.937164
176 79.18559 85.28035 20.37691 47.379692 44.13679 62.02321 73.04737 43.90862 54.497536 32.51083 9.242934 71.529976 77.47228 0.33345222 56.81858 37.61675 1.537782 92.419266 35.320473
177 72.51452 32.590504 96.201126 22.40259 19.259048 1.1101186 2.076757 62.26055 27.335531 4.4065294 88.914345 6.0262146 9.264427 33.961243 64.08169 13.160354 99.315 21.782595 45.77288
178 58.93305 82.09516 19.946497 87.57284 65.87851 81.72647 31.532509 34.34961 38.00029 86.680916 80.49197 38.624046 33.393806 43.338306 23.16795 89.27296 73.31939 65.43946 9.854227
179 24.327732 89.63519 54.692608 34.623997 39.097427 45.48293 7.9835176 13.432539 15.050215 90.371124 42.40039 91.017746 96.81752 96.04271 14.382183 47.267597 30.142796 56.0313 52.816116
180 93.43522 46.193504 63.451637 97.240616 71.8645 73.81806 28.744251 6.1614513 92.808334 75.2961 83.774605 21.880466 15.606796 9.95183 89.40919 87.500206 55.13476 18.54 20.551508
181 69.54872 28.282064 7.246929 22.280777 51.92353 48.610394 68.96485 91.41777 9.851641 93.61879 69.495705 44.330544 17.886406 60.685062 13.6352005 40.43576 85.50532 61.23776 89.60398
182 74.559074 84.843376 83.61892 26.76959 64.56295 45.013863 53.050453 30.590027 4.4678507 39.163834 90.80809 27.571917 40.280396 7.0305586 96.89068 41.947693 45.060177 5.763757 62.964725
183 72.72667 12.127733 3.927189 41.044575 65.56394 68.025536 61.973305 13.177842 7.132864 98.73857 31.49097 7.348001 71.80649 29.171974 54.866238 2.9480517 40.68982 43.94284 26.688194
184 47.64945 93.448204 60.706203 53.609592 37.48021 53.81106 90.60023 6.078285 78.69019 92.77077 45.621414 24.348694 77.83494 59.831165 83.05158 23.73128 83.83254 5.490631 42.237675
185 36.72494 9.980983 68.5834 10.422754 49.396538 86.57088 54.076363 9.850306 98.330574 66.35695 2.1644056 87.48807 25.189829 20.389027 12.577081 97.47643 66.23686 4.242468 11.265522
186 32.39816 32.210533 42.281616 35.257538 96.850334 3.1890512 7.054889 28.438395 41.299774 87.27028 63.1356 32.13609 28.10316 30.143457 89.629486 73.27614 78.72246 94.308784 97.17251
187 85.94778 21.972954 76.52924 56.60714 93.72922 99.58015 95.09224 64.78044 57.105244 85.92586 44.949265 84.2452 87.63887 93.73287 99.43412 18.319094 15.906304 93.22972 87.99155
188 70.28328 99.05883 97.27684 26.447826 98.85975 74.53745 13.806337 41.404922 23.937613 25.049746 46.078526 55.235035 73.32621 65.34865 13.5988 70.099335 48.6635 0.36851168 56.541218
189 65.93332 46.13157 26.425283 85.22558 61.26359 4.017168 49.838585 6.1901274 50.190907 87.159454 10.659224 36.85309 42.349945 19.764578 11.175084 52.384686 83.90623 68.81754 30.321365
190 58.503635 10.75741 75.32617 34.652172 71.314445 84.4642 58.894844 85.56415 5.4258227 36.75232 50.712936 60.238205 21.407621 19.720936 73.08317 2.3331165 86.68973 41.497005 1.3006628
191 57.68763 35.378998 96.63286 51.27734 22.84239 23.829073 58.014214 8.105469 90.56673 23.366386 33.696045 85.14719 50.06984 49.138123 54.49722 7.665348 31.303793 25.952827 13.25584
192 90.97879 46.65333 46.14086 36.58225 11.198693 11.092276 90.34408 17.266506 91.41079 28.120344 95.7854 48.032253 81.40219 35.83908 55.568703 73.22516 42.44601 70.55899 81.07653
193 57.73782 47.066975 37.33825 23.290741 75.77374 17.99718 73.63921 20.144766 55.02317 0.6333053 57.463615 59.67262 3.8573444 43.229546 81.31886 43.15994 74.95211 41.870277 82.412254
194 20.6985 23.346758 50.09222 64.61983 2.0330966 40.661083 2.058816 53.89398 18.46608 50.677525 13.683766 13.535648 3.5101533 40.703156 7.3722243 84.650154 49.177383 54.32752 16.476654
195 68.432274 86.04618 55.96904 17.59026 96.798645 84.90683 87.84933 78.928955 45.22992 18.75925 12.958312 6.849003 83.23988 90.69741 80.69359 89.64067 73.20432 86.79794 68.00574
196 36.820133 64.72219 66.133675 61.203575 65.96595 69.42185 41.616802 20.525043 9.529763 78.153114 26.262527 49.93122 76.87132 19.623447 36.93915 12.414187 76.9683 85.3564 30.580961
197 40.81905 63.83404 21.798193 41.596783 95.47329 27.709167 35.71288 40.78205 82.81206 2.7035058 75.73825 18.97137 39.018566 66.94581 50.986504 38.048447 85.10835 59.70265 69.54252
198 89.42239 5.832452 55.672604 26.125359 58.905315 95.52643 8.125049 22.33715 46.87164 46.172176 77.17676 55.940483 14.992035 43.362015 88.787506 91.407 83.62453 46.766216 54.57487
199 4.303837 46.584988 95.62653 16.926628 41.48265 88.54358 24.559832 51.818848 29.869783 22.301138 48.704 60.98194 4.1036725 22.849464 73.42824 52.412777 70.31309 38.13485 66.232574
200 44.58702 25.779259 45.110542 56.157665 25.023247 65.68934 87.828224 78.41169 52.09381 15.093523 52.39137 83.70188 53.232418 70.762215 73.54751 77.95489 50.084465 50.953156 28.066475
201 39.053566 27.874374 66.00526 0.9361863 83.55351 72.578835 6.8512735 38.465343 84.0271 74.71163 27.474075 55.837803 92.98533 56.024582 79.32173 0.29998422 33.831303 17.650276 56.858097
202 91.329155 14.897323 51.660885 82.684235 48.736526 96.51763 58.258396 4.759508 63.17747 50.81091 87.47563 86.731186 72.007385 52.221554 86.04412 42.60997 39.43239 97.04264 99.7298
203 29.18315 42.620926 90.57159 20.765663 51.62435 75.586655 50.002956 4.9016657 30.540276 67.510284 33.722824 27.987558 0.8035898 90.58682 27.729935 36.907513 75.38334 99.873665 47.178524
204 42.163338 80.2375 0.9479463 65.53476 31.584167 1.2282372 3.9932728 80.89552 77.716484 40.82131 70.324036 4.2799416 0.6729126 53.714054 40.980118 89.12628 7.9079986 66.98805 10.108578
205 66.08093 0.92288256 25.205236 48.177505 49.032246 43.719883 75.17242 22.987068 4.1163683 70.43627 92.81443 17.865688 35.310493 50.551 87.45967 15.83634 20.75162 74.00642 11.403245
206 41.945614 10.90737 99.21229 77.236664 20.962841 71.32487 71.953674 97.29388 78.43984 62.35009 59.525524 21.650356 55.394924 9.71458 2.8431892 59.22556 12.933695 42.30918 9.770643
207 24.29223 16.791784 86.201546 49.47217 94.51527 33.48999 81.711754 53.293335 90.76567 61.504234 78.15842 39.643513 70.43316 11.105955 99.05754 4.7760305 49.65626 35.42031 19.744104
208 18.49637 53.478916 79.440765 65.546646 32.991646 11.91358 31.451357 98.0499 17.54321 32.54586 37.327663 81.21029 24.300974 52.766056 28.861666 0.03874898 37.066822 5.8855653 55.49453
209 79.44226 61.721016 82.029015 29.117798 27.138699 53.15957 66.33658 54.952015 5.1615295 98.082924 41.02906 40.530922 42.495937 58.441162 24.456364 38.668526 5.292863 38.61461 27.356361
210 79.688576 79.66249 46.37019 54.99667 0.4364848 29.334837 38.22454 2.2697866 51.51962 20.888144 53.068333 38.588108 5.2443924 62.491302 61.829628 79.817825 41.808872 48.20564 77.70536
211 97.55056 34.004456 4.1745663 52.26143 31.601799 6.0757756 81.14278 12.746727 92.42183 12.145699 60.64559 99.60151 66.596016 66.95374 41.1646 28.74456 54.09777 96.36752 42.13842
212 8.237916 61.55281 38.5548 24.843311 74.85676 75.40279 76.759026 42.02323 13.501442 24.258703 80.77666 25.273115 75.90775 75.46048 62.524296 28.394318 8.431488 69.27118 49.106987
213 14.391815 29.558521 80.410065 58.71433 96.926414 3.0379176 73.75397 46.202396 87.640335 33.032112 34.814674 8.651173 17.924755 53.3666 59.641735 0.3672421 76.786 97.8452 69.53388
214 72.14011 60.20133 65.742874 17.603796 93.029976 56.755005 43.124695 3.8831174 33.100872 89.74178 2.758336 48.13919 32.412594 7.9638186 93.34273 52.578735 81.90909 22.084553 91.8831
215 45.62434 23.811155 46.908916 44.681847 41.268192 97.52415 53.91565 65.02669 92.24724 18.253166 4.668933 5.746537 8.370459 62.390007 11.589777 37.937515 60.500877 30.770271 15.492523
216 62.965836 85.50277 79.13052 32.120335 72.02198 45.271458 7.1222124 75.78997 68.78577 3.9454103 22.221088 35.637917 47.9809 59.545647 83.53091 47.61616 1.6293883 70.39719 50.103466
217 57.399048 20.60212 31.374073 27.83087 10.126805 0.60578585 91.69983 23.620922 82.13376 17.114819 33.966667 72.415115 7.5097027 35.07878 5.260557 25.185835 63.85281 87.70227 65.65886
218 49.453205 2.5369704 29.459476 89.577576 49.75228 20.192272 16.086214 71.975655 17.080719 21.154 26.966059 87.5744 43.451004 61.955254 50.537575 68.134155 21.607244 65.41533 42.598045
219 74.37422 98.65457 55.71768 21.234406 77.063194 75.26243 79.59705 25.201012 40.69683 75.27552 20.196802 68.5796 45.38218 41.597534 77.46011 21.251875 43.235855 7.2605133 25.538504
220 18.9071 37.769287 11.382305 77.40819 8.873594 94.17541 70.5287 98.761246 8.947009 38.762814 20.68494 46.67847 49.592113 23.430485 34.012604 38.30154 78.48598 10.277325 9.795266
221 25.723267 87.47733 49.246693 88.99495 5.9380236 21.851254 62.97988 46.749233 89.584625 10.563594 35.470314 53.595184 95.32808 13.162547 0.15974045 42.435177 4.33408 77.82442 97.10075
222 79.04438 72.9731 97.73778 83.83815 65.610146 53.543793 6.4797106 39.662987 42.297512 49.63538 72.60488 54.60338 25.627262 42.2751 9.043032 82.488655 95.56728 68.06181 62.763382
223 9.019083 28.272497 34.215008 67.269905 21.16989 57.52357 86.32654 36.655807 1.4426887 25.832355 41.36059 31.047613 30.251127 73.18821 95.1866 94.25044 90.703545 76.361 65.04589
224 34.27033 93.64964 39.964302 32.55192 4.203272 96.32894 99.088684 82.12538 26.872635 77.34644 95.7752 48.502815 62.75853 63.86954 63.010406 80.772606 32.448376 26.564968 91.94771
225 30.245197 96.363396 64.36358 73.91678 76.62224 54.260498 77.95575 28.259766 17.975885 32.41411 69.09319 31.476593 81.87802 68.95168 26.230986 10.482681 29.837257 18.116934 47.52373
226 12.453138 57.529102 66.89428 74.243866 1.7833471 66.97266 76.13889 33.680874 98.73423 51.961243 20.87217 25.68307 78.51195 88.15091 47.539703 94.20813 9.578287 18.019295 90.665794
227 50.353794 68.18575 27.510326 87.41752 9.960932 16.326641 4.9717426 0.11585355 63.442463 42.889942 78.679726 46.76768 52.23158 14.804846 41.847683 55.369736 12.212891 64.85131 83.865906
228 95.24514 94.562836 5.733448 64.26098 8.268947 56.257652 32.601124 47.453995 13.83726 51.595886 86.69123 88.10615 7.2144566 60.729034 55.928295 40.24943 13.895625 77.512054 90.52176
229 0.40484667 19.35097 95.89979 95.73443 72.696915 19.541454 88.36565 14.546603 20.101315 52.540005 50.954754 40.937263 93.24403 84.15086 94.96874 72.546295 79.75002 53.345406 25.090069
230 58.72938 11.474281 98.44255 45.976902 67.192726 92.80771 8.134103 54.79752 46.78393 54.71594 87.63192 84.43829 24.464363 0.63723326 28.398586 72.63745 36.409645 41.540676 88.18193
231 15.306645 53.548325 38.3495 58.536594 69.85429 44.192226 95.89758 40.87265 66.28202 95.83101 19.254763 4.577428 52.8646 46.31952 31.58527 36.227554 99.83162 4.8015475 13.963938
232 45.723106 41.948444 54.57313 8.346987 0.7762909 0.35594106 55.04021 92.07506 57.076622 59.400345 5.8790026 98.08047 18.19989 17.204212 12.936247 1.899606 41.55841 93.94729 38.344948
233 2.4864018 38.095825 91.605896 14.37763 86.82791 41.7659 8.416682 15.873122 31.936419 36.916817 33.573788 85.37759 75.702576 78.41026 78.43812 80.72056 89.42348 60.578568 43.44709
234 10.450524 38.962925 40.968006 11.388516 58.79114 3.1646132 96.2981 91.98147 0.5227089 72.343666 38.314224 96.84109 15.977442 16.75803 92.41575 82.756165 37.26052 55.55479 2.358079
235 82.45419 65.53117 76.75356 69.27022 21.156555 73.922005 34.639896 26.080126 52.537037 56.225864 54.077484 41.63764 5.303973 54.18481 93.604195 8.874864 10.45503 28.985954 97.95983
236 3.8119018 36.04264 69.876625 13.42321 76.73085 30.588186 15.691108 48.84422 12.094808 15.457124 16.131424 64.68769 42.534668 50.73189 68.025345 30.21744 36.28133 66.38166 18.217957
237 43.90969 72.66395 21.630133 46.525127 98.37784 41.666264 58.976467 98.13422 42.909485 30.03838 16.75698 70.39115 53.868813 6.1653376 74.68383 21.03451 35.722286 70.92686 32.513016
238 27.163475 8.635563 73.33496 72.74062 11.653173 78.108444 83.062454 76.67899 68.01996 58.920383 91.3914 49.911785 59.112 41.020287 65.996216 51.270103 69.24294 35.493828 90.771416
239 0.2227068 34.845615 41.273254 71.12427 84.859634 23.309528 90.02597 8.342999 88.206894 32.85218 90.18855 38.451977 58.991898 34.09564 29.234241 75.06598 46.548264 4.0740547 54.11905
240 89.912605 3.4798503 29.844492 26.90109 45.718967 96.98598 97.43605 9.539736 64.9369 6.183881 74.83514 27.937008 64.25037 71.9628 38.916195 79.77849 12.973869 94.29364 56.09681
241 8.371269 26.377445 83.73647 76.99706 60.482533 89.7921 96.18603 45.05023 70.48494 22.249245 47.536648 97.942764 76.56045 39.644577 85.60778 85.616776 33.257545 16.305107 15.838253
242 67.570015 64.60913 83.75922 43.232227 40.12205 24.881172 48.90226 21.935701 87.528786 41.729553 77.12088 44.565445 32.23011 96.30222 24.852234 62.740143 63.58112 4.15498 40.139896
243 97.72768 62.18006 52.583797 87.697266 73.085815 70.96398 97.25944 19.555647 9.811968 33.756756 42.338055 65.37428 56.81931 67.64506 12.284017 83.80311 56.322468 24.712551 54.560383
244 12.85544 43.5592 50.127758 94.51317 12.073713 64.620766 52.767075 46.903973 70.42061 34.251656 68.43443 92.65239 93.43108 99.35942 37.847404 69.765625 2.4087012 83.51082 16.99462
245 39.80366 12.596077 55.55758 37.890945 56.510426 80.61086 42.221306 96.38747 32.70397 62.394302 23.27431 40.318542 21.74521 28.910315 49.993027 97.235504 67.78746 89.363434 86.76123
246 24.195581 46.75754 51.339817 23.797344 92.019356 0.1505971 48.646313 60.526592 69.13387 34.069073 24.419086 36.47639 33.18064 14.644802 17.049902 44.9189 76.147446 81.509224 46.45118
247 16.805882 46.60312 37.09027 89.02898 4.638827 82.96021 60.29703 1.3979018 31.405079 78.40966 67.99923 59.35739 35.014133 1.6741157 81.32617 13.021004 28.025658 99.98534 91.2165
248 78.378654 82.9228 80.24093 99.18009 36.167187 29.614693 1.2345195 95.52982 50.98135 31.92569 90.841606 34.361225 56.391346 69.03519 5.302644 48.571693 38.824116 44.470573 78.06183
249 90.80046 46.55394 45.440804 19.340843 79.22922 16.838438 77.95531 57.662754 7.9198065 59.5948 65.03976 95.36437 57.297985 29.666721 55.988575 42.78102 14.353389 20.376932 1.346302
250 12.853366 7.260394 91.446846 81.362595 88.55237 43.888943 16.310543 73.00613 10.467159 56.838448 73.23344 23.052765 88.43821 33.27397 76.4087 90.89565 88.09106 0.36562085 26.349766
251 95.9851 25.944746 46.23769 71.49247 70.433334 72.40703 52.04187 97.09346 79.36316 83.95934 58.412086 64.455 39.90422 89.27759 74.78039 98.47272 87.02173 40.58913 93.79229
252 88.810074 1.0876179 14.454621 96.624245 18.028944 11.575645 35.171795 24.958527 36.19233 14.590729 80.472725 68.60567 57.30539 13.057554 71.03878 36.489086 89.042725 89.02947 2.0591676
253 75.44004 18.150509 12.289411 32.646233 3.8254797 43.404053 50.56107 44.990288 83.59154 73.798454 79.40833 33.849304 58.308357 28.567923 57.26115 4.046851 0.016468763 88.54815 78.76795
254 81.380325 93.18446 45.255936 1.4514863 74.56835 19.285309 78.866234 42.862587 33.001804 15.092158 12.084156 12.322653 99.079216 56.80371 40.868187 99.97186 53.340195 60.864914 31.251532
255 31.05936 45.557194 1.4972448 4.3856025 72.89963 22.066515 80.44936 58.70904 81.164276 27.137136 72.59447 12.206852 99.48153 28.875196 33.316402 91.50817 97.78961 4.390788 32.037086
256 64.58189 99.46144 97.62254 57.950928 65.59328 11.623937 20.796131 86.56574 13.711148 26.887829 18.021505 51.83779 90.99413 5.244952 9.607262 11.674422 40.69235 2.356732 27.449358
257 42.81865 38.191177 72.83736 76.05849 43.396027 98.277626 15.229005 77.71039 41.776306 29.36756 17.788017 2.6841402 13.276064 56.797897 22.375124 42.00558 41.310364 81.32821 16.909195
258 47.507954 46.91118 47.739643 47.051735 65.8965 65.39971 93.05789 64.90357 4.9538794 7.0735574 59.71363 99.18972 42.710823 81.004875 70.20638 88.17336 77.55251 38.711864 4.933852
259 96.67468 98.62206 54.144722 31.230331 83.18891 62.865303 65.01393 40.82881 66.126076 5.5460873 70.18963 45.487957 91.37051 94.52098 91.23588 1.0363638 41.232483 1.0324419 40.944736
260 12.273908 69.8005 88.85672 96.14686 62.786972 56.87582 83.48837 89.554306 1.5981317 55.070877 39.37891 29.708368 53.55942 58.07847 68.358734 38.340073 42.454 46.18508 70.10611
261 90.00123 78.89672 4.2328954 36.2952 24.393452 62.38738 51.6707 5.8295846 22.433191 35.398983 51.124035 77.88307 33.07376 53.369637 55.923347 42.424225 69.9045 58.163853 35.93072
262 41.154556 70.52123 63.29403 60.290123 3.5655797 3.878367 40.324055 73.693016 17.90213 92.87609 89.85646 45.514236 51.5561 83.197655 53.835495 97.658226 62.715984 72.101555 84.147705
263 83.900955 79.43664 20.00891 95.298256 40.469013 24.704695 6.141007 54.97586 1.9280374 49.156647 80.29909 78.346756 58.333023 86.01836 74.59647 1.7542303 57.012196 56.29939 10.320073
264 95.024254 46.113895 43.5786 0.19742846 93.73083 45.756477 95.70594 59.570538 72.56065 77.709755 40.83005 1.0362744 56.402718 5.2416086 74.31459 66.02419 59.101795 33.135532 54.862984
265 8.878708 22.149319 3.787768 67.62981 79.93809 82.19185 41.40178 70.91707 84.81409 51.435364 43.101376 44.45754 28.844135 37.189842 76.58296 31.06122 85.093315 33.37572 9.834921
266 90.89143 68.221436 79.30483 93.39433 26.754778 17.208338 30.020576 21.326017 49.00715 19.866705 12.563461 78.147064 16.030354 79.099815 37.41085 7.6452613 48.319427 73.12456 91.777245
267 21.127218 85.198875 92.836136 98.270195 60.07061 48.77955 12.908829 79.45618 87.244835 42.262493 28.189396 16.141403 54.71944 32.9382 42.840843 28.618855 73.22525 24.631178 61.240643
268 88.841225 29.307587 81.87157 91.84991 94.57832 91.6655 27.273958 28.478914 0.29925704 50.868004 44.56608 28.225887 14.036923 14.954519 9.095979 17.81562 84.162865 62.750053 63.67991
269 56.383335 28.201992 45.356472 15.117657 84.5177 99.991356 40.333527 51.946926 38.491013 68.13849 51.482574 59.942375 92.27027 43.42942 16.629917 22.9616 65.640335 65.20334 25.927305
270 54.03437 57.411217 45.44077 61.30671 67.68079 1.3706923 97.16027 74.02077 18.48845 17.837482 2.4996996 9.658802 33.701283 34.139206 31.452763 39.449894 26.258642 57.16466 19.579565
271 41.66425 8.219284 4.716939 81.11677 8.926689 28.222704 89.42859 40.843475 5.5000486 27.551056 19.513172 45.94357 15.132785 70.99478 49.9497 89.13411 64.75685 36.19126 21.473862
272 71.757225 74.84504 90.05858 43.93782 34.675777 24.079716 96.60842 66.4699 24.049854 57.44804 66.57866 75.99737 65.84342 54.07539 7.324457 44.98543 38.722004 77.96489 69.157455
273 20.899492 40.419495 93.064896 21.297997 96.43583 82.30409 48.2885 62.84095 98.820366 54.451214 50.62334 69.2287 86.589676 26.789099 0.47155023 56.835983 86.70114 77.636986 75.83736
274 83.122635 57.338463 20.085186 16.733742 79.68738 31.46782 69.11224 81.82368 84.3063 12.452328 12.101335 62.27114 16.073215 30.555708 5.5713296 37.290703 47.049515 72.9797 78.60749
275 19.002802 12.911677 10.515618 24.853563 45.7883 74.055275 21.593124 70.26494 61.06599 64.13323 65.43579 12.437784 33.7791 23.296923 56.453342 2.6015222 96.17179 13.256777 13.495463
276 35.731403 59.77813 7.0310774 92.05784 94.21 20.858973 70.81886 92.17332 61.60614 38.545753 43.287205 77.06 55.076958 2.2344947 29.73997 40.465797 76.32414 46.682022 77.732254
277 47.189247 24.703604 3.9649665 75.87216 9.927487 63.814564 38.95929 9.531718 95.17231 60.558464 20.084173 33.25756 5.427676 88.20213 58.34257 48.67595 18.950003 81.40614 66.60746
278 54.037178 81.22435 69.55554 66.88607 4.21319 4.5038166 77.18511 7.994592 61.484764 8.288765 38.015003 59.557003 52.92865 10.250723 7.361412 63.17856 81.30078 84.77099 0.7746279
279 48.526627 66.23128 46.23452 23.063957 44.178436 51.08627 83.07852 58.83689 21.58121 79.3579 83.236275 64.8113 29.240364 80.82704 14.247501 66.02245 85.04436 71.47684 84.44618
280 7.2683277 62.00127 48.253365 43.117725 31.410498 98.9651 87.87061 25.483465 45.225418 98.34601 52.100838 6.279892 28.200829 0.31457543 76.10063 57.320683 40.871548 93.429115 13.582963
281 68.84553 86.930374 88.54739 26.903492 71.06323 81.43654 32.758354 11.796337 5.7969866 19.043446 17.122013 7.542026 43.55433 28.406738 63.28784 62.314415 9.007043 38.006115 94.43787
282 50.43139 78.42043 74.77233 73.14453 99.885956 1.974535 19.471777 48.134975 13.083273 8.441406 65.143166 1.9123733 5.9395313 90.90468 69.4462 47.81544 56.759037 92.02442 75.07411
283 37.32443 29.505402 92.96953 49.966896 12.984222 0.6951332 19.080055 90.569916 68.76397 86.20155 60.416306 45.50292 55.36992 96.361885 39.7435 76.49307 23.151266 84.09046 62.64804
284 40.097744 17.774708 31.939339 43.15356 73.47754 4.5936704 17.498678 97.48344 15.219158 75.21569 21.041595 42.896324 16.954857 95.60238 90.30115 77.50945 71.34658 58.358288 51.693565
285 70.74022 29.028065 54.729916 78.70769 77.77243 22.517628 44.10554 71.66192 40.933506 94.18288 63.158314 20.248789 37.010487 12.372107 33.695568 64.46455 23.604893 93.20432 31.068659
286 20.44347 76.21198 52.673088 4.772544 26.73046 57.702423 36.17115 73.54842 1.5417755 35.49191 90.85101 80.63498 92.05494 41.425377 5.028945 5.3439436 78.76985 33.109932 71.80834
287 7.228327 59.092045 61.248405 88.99716 83.94096 38.665504 18.911188 71.0385 66.43719 72.34962 59.406693 71.94377 51.257126 11.377543 28.55252 41.054432 82.84572 72.99929 94.10544
288 9.865511 85.65598 74.21215 44.58422 31.188381 0.3730595 83.98689 16.736485 18.74035 78.042885 97.244736 35.78929 12.015873 15.053976 18.825996 76.029495 78.27286 88.47897 43.475998
289 77.13913 59.97352 50.72313 6.680459 60.334568 45.432007 23.050095 65.795944 49.306698 35.181355 55.47464 7.688946 6.127638 63.184826 94.65351 0.92977285 78.8854 16.047054 78.506935
290 51.95753 33.3498 44.458252 95.91576 46.574837 8.293497 37.920696 59.326237 73.24383 16.3359 9.115511 17.631006 22.09779 77.80146 19.885141 24.270088 24.0789 62.857418 52.612038
291 91.910034 55.44655 61.20122 53.708534 38.92588 52.92083 53.199326 29.000187 25.65555 9.341394 21.343702 72.05182 9.257418 95.90649 86.209885 38.080566 17.030567 58.345192 42.102646
292 9.215522 59.115936 85.86558 89.907005 16.751892 15.262228 55.072422 49.280228 17.026632 37.300213 9.484035 80.49447 47.99026 92.42422 78.58215 54.55153 0.9075284 23.443817 49.85097
293 95.53543 17.392391 44.766796 40.910233 43.752373 96.73562 8.745623 36.09658 84.55066 66.8465 30.714226 38.7308 83.646706 17.793537 24.923151 84.425644 13.453174 17.648321 82.82497
294 76.298 39.767105 62.92625 82.75656 55.57425 28.00045 61.258705 1.8111765 53.10321 82.00361 91.96284 60.204323 72.56463 25.840164 44.902992 52.13941 5.093837 4.3235064 42.527042
295 49.309956 39.60616 6.7447367 11.341566 30.785555 11.834603 0.3364265 83.55219 30.982536 78.08775 6.27448 87.394554 73.39255 33.652393 17.37635 75.13241 97.2217 48.829834 69.3789
296 54.182804 95.38033 22.591066 58.353962 31.783508 81.47165 61.11161 87.33995 73.55109 39.48335 58.912582 12.840021 66.75334 89.5263 78.46201 3.980714 89.76826 15.741467 0.9161413
297 76.672325 28.712713 45.7717 18.800508 95.207634 73.353325 75.14619 0.0070035458 62.83581 28.974598 82.5394 12.236238 39.72362 24.754883 53.94466 25.232006 15.44764 97.33044 3.958422
298 23.682154 28.144287 9.615594 62.029884 61.908752 13.385755 97.65908 49.93125 69.412964 2.7687073 54.48224 65.89624 97.51081 90.4318 80.655136 70.722786 56.793655 80.900986 92.07552
299 34.31512 84.63119 4.756117 50.339836 98.13941 54.627903 90.8882 8.613181 73.18658 75.631775 62.15449 73.459236 65.38872 57.923454 41.934925 12.183303 74.94824 56.496292 34.653687
300 66.44051 84.44852 45.34399 56.273956 10.794258 47.473915 68.43974 18.934464 53.269028 37.13714 40.214886 15.417695 61.480965 67.56974 94.987305 47.477955 99.4648 74.06552 76.67282
301 10.983717 27.726578 24.976898 9.520781 99.42344 92.27878 44.26436 41.39684 44.982998 61.462402 84.215324 23.701143 57.832325 55.295437 97.51842 8.33109 94.47857 8.037651 93.65385
302 50.71036 25.385433 56.819843 11.3031025 8.907336 41.166996 17.804771 13.867927 98.91638 41.497494 95.74356 94.70654 83.49763 67.70452 36.3449 20.646923 41.349953 40.414948 26.025326
303 12.834179 41.175514 39.494427 36.861755 61.938595 64.292244 52.07013 11.48879 56.930588 14.336711 23.171402 52.901466 12.569344 84.30744 75.296906 86.33087 57.81693 32.32766 41.16359
304 67.309494 75.7545 37.214424 46.46991 33.55095 3.2305598 53.953316 25.4822 14.214855 26.213676 84.77714 85.7116 83.45232 73.26662 92.58299 13.283337 54.83571 76.13211 55.30314
305 27.51816 77.43379 52.359653 39.545776 21.766018 95.02921 72.25947 32.874943 32.98775 38.48079 11.106849 41.60472 50.615173 22.762674 0.113749504 36.599304 36.791073 39.081554 76.72226
306 16.521662 86.467606 57.06162 79.55822 86.04424 3.6067605 59.735756 27.025234 97.072105 25.773657 16.494602 84.94559 31.944174 55.950783 86.78879 49.604195 78.3424 89.94684 34.883266
307 12.573921 42.288353 88.16131 7.016903 5.1602306 5.7389975 79.838104 74.6802 48.37516 73.06832 99.75731 18.204313 22.02335 81.86222 5.341041 14.335996 59.557163 20.244867 65.47144
308 89.89521 27.447515 89.24468 30.328857 14.980846 45.346706 44.9054 8.964533 76.56965 90.52873 22.927189 93.143394 3.8748443 34.031097 87.11774 62.561245 6.6839876 11.453873 1.9424736
309 98.501144 47.335182 6.172204 35.646397 76.303345 45.332783 42.2762 81.99988 27.950573 24.227268 57.167225 0.4826665 86.19923 55.73049 65.5267 23.011791 82.90974 52.61064 86.25648
310 43.050022 63.755077 65.2778 88.70887 74.57518 56.832653 66.75964 13.629228 54.981346 46.705563 75.6687 35.08744 30.119282 31.1974 89.53252 82.454285 40.52481 94.31833 43.31097
311 24.170471 66.15318 3.7784636 95.94163 98.46296 49.920307 19.729322 96.27391 38.896782 26.894676 87.060425 17.781342 96.13771 31.498533 26.472336 47.04396 70.77957 36.534393 59.669537
312 96.2991 97.61066 18.789886 16.698748 6.559724 19.12002 21.486908 14.344287 50.14901 48.051792 45.590664 44.54 4.31484 95.89301 3.2031834 22.23571 89.24623 69.62761 86.71902
313 59.647797 71.75817 54.020573 78.46626 25.22247 71.64443 75.03668 55.103405 23.153698 51.787388 13.48654 38.565 75.44555 70.187294 21.179277 46.881413 81.122025 55.823414 7.1097555
314 91.33801 64.41175 88.4392 63.69431 15.346927 49.026985 1.7694414 5.7807865 40.80291 22.784746 41.278915 93.897095 71.868805 94.86688 31.09988 11.58101 47.933323 26.377005 94.5441
315 1.0778427 57.31449 8.235365 21.390837 26.440752 43.11918 13.875508 40.24338 5.171031 1.0468483 8.00172 81.79518 13.856686 85.942924 7.4784994 69.10675 47.4819 86.22306 72.20919
316 43.28162 71.67692 71.12751 28.890234 90.6235 10.45705 69.90929 70.3824 32.898724 25.075466 60.859257 20.015139 42.221474 61.41175 64.434975 40.641857 51.891094 30.576069 83.16151
317 10.212403 23.869812 79.677574 72.4461 81.85581 61.186417 54.348648 73.5927 20.116394 92.14149 31.809586 82.276375 24.516386 14.588398 50.98996 53.26501 55.797993 48.65071 5.2931013
318 72.54111 3.1093538 69.95221 22.613256 30.027473 26.436388 61.784492 97.61601 45.267986 77.45359 51.685165 82.310036 81.630035 13.690406 67.776024 84.62308 5.4148254 40.81852 34.10709
319 80.910324 29.782867 31.603003 7.4220476 59.744858 31.283892 8.584822 64.52096 81.45618 42.247677 42.142082 68.1248 43.994186 35.12805 2.7956426 47.286076 81.91624 6.44545 33.375282
320 17.44336 15.549445 96.15385 35.152603 65.75207 93.40775 2.5379717 24.795979 33.967854 97.29412 59.161865 43.84309 27.603954 78.55544 66.537766 37.462227 64.084206 70.85842 31.224918
321 58.04205 80.984276 42.60501 74.72399 55.379932 59.07569 56.50903 76.08973 48.013836 63.700302 48.52255 99.489365 8.956051 76.01162 9.65932 1.3978958 68.446434 15.890276 96.54892
322 83.716 31.367123 58.002506 36.82271 57.357185 17.98268 7.7143908 68.542015 55.875492 74.3331 44.65475 26.50795 17.154217 18.86983 7.9523206 87.92767 61.271297 21.055704 1.9367993
323 23.855717 89.18489 67.23116 46.83076 87.193474 16.189379 0.97548366 2.1729171 51.74173 19.088995 16.670078 6.9707394 6.597924 1.1952102 93.52075 29.509247 95.62246 75.61056 35.749348
324 10.035843 70.13083 97.41349 6.166649 33.95102 24.57509 78.46578 23.345154 53.47895 97.748825 35.349064 25.891674 7.948518 16.784454 18.685406 74.95756 91.726494 16.523403 69.65555
325 72.51387 13.513345 94.155106 42.30864 67.76608 49.205597 27.57715 15.230638 27.40816 44.975586 47.777863 16.840828 72.55121 98.81091 70.54695 80.11481 71.75096 72.74608 53.655468
326 76.54728 6.5594554 38.7244 2.8014302 8.892715 44.707825 76.827225 36.39338 47.440804 12.971872 52.942604 76.753006 6.6443386 23.874128 45.31939 37.48684 85.730675 89.842804 46.43245
327 55.343376 47.965466 37.79867 82.79921 84.386696 24.535769 94.20768 4.5280695 53.144413 88.17487 43.564312 46.1995 36.7019 12.82506 15.515834 37.997383 28.504688 84.54815 41.169502
328 1.7000079 6.6975474 47.83349 46.626186 40.148758 80.785385 4.265797 50.848953 75.141556 12.673008 47.61164 80.31073 0.41430593 25.967264 42.73585 49.491364 50.605446 25.855572 83.90263
329 24.542862 90.03799 33.774002 1.0490239 47.956436 57.05377 14.120722 97.199875 60.80454 59.81284 9.94513 74.54687 92.363235 71.30501 69.15102 45.624584 66.22826 67.253365 98.40549
330 85.8313 89.316216 57.123573 27.571285 97.1718 82.59697 81.15513 59.81601 55.016327 87.55495 54.830444 61.148556 60.909252 43.057068 95.185486 55.354202 37.620556 96.65793 33.596325
331 16.321188 66.87313 60.85646 18.965292 27.560818 76.22171 87.20066 19.457298 29.122084 46.69034 43.502098 5.043316 23.70259 5.8419943 96.16239 16.097254 27.98692 37.366688 20.437872
332 13.2310095 51.339115 25.005877 56.395752 42.56988 63.988983 29.215836 62.67642 9.957129 90.64522 94.50946 79.61778 22.387224 75.71808 5.5638194 28.77481 49.617844 13.528669 54.16323
333 48.65057 71.780495 4.3216047 76.649254 93.12665 87.3394 75.69589 54.117794 16.534132 51.44297 23.15188 93.04939 99.74972 28.136963 54.55727 81.85462 67.65384 65.69336 36.014366
334 34.997334 37.58065 26.144445 3.226179 28.52174 69.16903 15.752417 28.187353 13.1160555 51.744915 9.406794 78.854904 79.01669 29.799122 39.70396 25.184477 83.37974 89.352646 20.66732
335 82.16325 29.06705 87.41802 0.71573853 25.657093 74.52335 28.077608 32.64937 14.254391 29.531134 66.92726 17.224419 26.884401 49.656456 51.108963 17.522717 16.6754 33.23941 85.5225
336 64.04269 53.97499 75.49727 13.022131 24.56186 11.168659 72.91969 33.738102 11.725563 37.204247 52.42846 87.69751 47.444332 96.673065 30.096828 27.548403 13.036961 55.837814 66.48592
337 1.6224146 43.20401 92.87274 64.33035 9.324413 89.98616 81.34215 60.427315 33.744038 98.54548 41.95383 59.75107 73.58875 22.658134 8.058918 85.18698 6.497884 26.042063 93.218636
338 11.58042 7.281387 91.94019 55.220814 85.309296 1.7184615 12.681508 98.819214 19.16381 63.643284 82.25176 60.61214 92.36241 9.845895 36.28977 43.111187 74.022156 33.844547 7.51251
339 63.228302 48.869686 61.17418 11.554593 12.99159 31.52311 41.12807 83.83839 89.96405 61.956215 93.84382 26.687204 92.07299 32.996494 58.50949 35.83377 19.661259 90.69289 84.8637
340 84.20166 27.65922 1.4658153 42.968506 89.85196 96.77263 4.030812 7.653916 64.8579 76.22663 68.64056 86.58636 77.22507 6.4486027 7.253891 82.43355 92.505936 80.477646 3.4115613
341 8.228624 43.21837 3.0305266 24.037558 54.234116 89.384995 69.022224 2.8145075 48.14225 33.342976 4.7338724 38.486855 67.40172 76.37283 98.35546 75.273964 82.229904 7.6646748 28.73106
342 46.93721 5.1578283 90.74698 76.03848 92.91348 42.78475 15.875649 42.89437 42.836308 28.120607 65.21076 13.852626 14.814579 18.11275 51.149696 53.134983 59.68582 76.6459 36.253757
343 60.18533 86.3301 4.7396064 89.180534 28.57517 26.80664 98.42878 27.357471 52.019512 0.9054363 2.7936637 10.306549 90.71629 50.601734 25.013893 83.12346 8.636337 70.33325 77.67572
344 97.2544 57.316154 20.025534 48.69454 14.092636 61.5047 86.9655 59.271343 98.78776 36.86501 49.12933 44.737743 48.840843 77.81894 77.12876 13.730579 50.426205 15.350181 11.836916
345 42.954445 79.87717 88.75968 38.83692 2.234757 47.40359 63.425274 94.51514 77.34094 32.937813 77.79072 28.867596 36.189304 72.16356 19.150526 90.4391 32.849957 85.46003 19.168663
346 14.366585 48.926373 88.9443 69.1467 86.911865 64.3064 9.336591 82.3297 32.367146 30.270285 31.383287 59.305744 50.58369 84.06529 15.493071 33.93155 6.9585857 12.213575 25.576664
347 15.127188 99.42609 2.216071 33.39638 76.06697 58.311344 51.470737 10.656816 41.299988 60.850914 55.969627 67.29453 56.528114 0.363338 27.821547 41.7058 0.32536387 54.625164 83.321526
348 32.80393 74.98966 64.6951 65.925125 85.700874 40.777023 6.517005 80.16675 92.40191 87.591774 6.9687786 92.68059 50.192554 57.220673 94.01897 29.748493 76.44876 81.6423 49.27877
349 62.229683 16.544336 15.865982 49.029232 8.655363 97.55468 52.02072 86.8595 16.341097 84.817314 72.699326 94.032135 54.53863 40.423637 61.354935 40.818287 99.186104 75.76162 44.147045
350 68.10424 27.303022 36.747627 7.154906 69.90926 12.40924 76.88072 64.24421 6.9823923 7.731533 15.290886 50.825874 63.8365 78.91759 64.16339 76.835075 77.46532 55.337025 50.995384
351 85.84667 28.172606 81.956635 78.83204 66.50686 30.580627 90.69014 23.75521 35.387356 36.701427 59.810257 89.33521 27.759474 30.23411 76.55517 37.448673 73.2534 70.84116 65.85685
352 22.815657 8.339625 34.4683 46.87271 42.883675 56.28214 87.77705 48.7332 7.414609 39.718235 54.992683 72.95967 54.503082 41.1802 59.03024 68.00222 27.026485 85.366234 97.307846
353 62.25448 50.01334 34.279297 99.41217 36.99019 53.49743 95.784424 88.53117 56.517292 94.54086 88.800705 62.661465 76.353745 87.76481 58.16872 32.94169 33.601986 36.487366 20.957167
354 14.533067 69.45617 11.063844 68.14321 96.29701 19.748795 80.94639 63.584274 6.7068396 33.77748 20.081223 31.168974 9.135419 87.80346 58.360023 13.98167 65.605576 61.351776 95.814835
355 22.037453 96.56109 50.85088 71.03594 61.257507 79.06017 35.620426 34.902245 92.28302 87.42096 60.458107 18.211407 97.70819 10.732097 2.1088004 54.30969 17.400122 29.316639 84.053734
356 71.54243 28.628397 97.30117 55.97893 65.52733 18.426079 37.55504 66.92764 97.21231 95.43495 86.649284 10.779964 2.7951062 75.75161 35.926407 80.91724 98.29568 18.101097 56.618107
357 29.612976 81.38781 76.94664 5.108923 24.053074 81.58004 44.63625 13.392014 32.445908 56.616627 4.940045 40.53371 63.26914 36.73884 67.70952 6.1544476 41.459293 51.95842 78.06753
358 35.70477 5.7398796 52.56568 31.503433 10.389191 90.0727 25.602943 99.30271 49.25305 43.488056 84.921684 5.497837 26.04528 0.6964505 48.71204 58.412296 84.41438 40.614746 34.113472
359 46.12196 8.757114 31.272823 75.81374 57.826847 8.155918 22.834665 85.611305 2.0760775 2.4089992 1.3151109 98.008286 0.69481134 63.835968 84.95698 17.332994 44.612514 69.5559 34.422962
360 83.04167 87.88767 86.06735 53.534103 79.160805 20.178806 22.55994 96.14651 22.806572 19.650429 9.364396 29.107607 5.9246483 29.564386 42.774773 63.591503 28.459137 87.14209 73.18893
361 85.312675 33.77679 35.055202 37.707645 36.30233 36.09421 69.28664 65.17082 20.559519 51.699154 85.08918 26.811647 86.72901 11.800421 21.15593 11.563784 42.09207 34.826088 24.518496
362 65.40823 52.979088 73.9203 51.53147 19.407076 11.931544 74.3317 27.823072 13.21277 96.57478 82.46992 39.343025 98.399345 99.54416 39.822388 52.48298 29.03366 83.58011 80.92587
363 31.357729 42.15053 67.02973 84.49131 60.205578 26.437973 98.7326 13.966936 96.794106 28.263277 59.209503 30.733496 94.81669 56.524445 69.10829 86.26106 88.46118 4.6051383 83.19889
364 54.48603 37.363182 93.417206 56.368732 72.01783 74.57379 65.1684 39.882725 20.249731 81.33788 85.69136 74.782715 32.779854 60.570778 83.0741 13.167561 5.5647316 83.925705 2.6639462
365 5.9854746 51.806026 16.063673 60.562157 31.967848 93.65413 52.783447 48.331947 10.832298 47.403 58.469177 76.219955 94.5895 6.015915 22.10377 37.71109 83.72316 84.69053 21.929676
366 58.236183 85.50673 92.93511 56.577335 30.427288 55.41953 65.53985 57.8015 89.12769 20.484835 99.204315 97.355255 94.63504 26.64392 39.803635 71.291824 52.17174 27.583706 74.78216
367 30.22722 30.684715 6.6474857 47.459538 97.75057 62.686325 8.783984 5.685866 12.969154 18.433487 38.45023 70.91842 61.67453 88.336525 29.809576 99.105194 46.17738 64.692116 15.603214
368 49.502403 41.65681 51.80481 54.17753 68.541664 9.894573 18.022627 34.09141 83.97654 85.31546 26.448519 71.5881 29.718298 16.946077 86.94945 77.39062 38.021965 79.6607 80.977806
369 70.475044 36.071533 53.143456 44.619358 2.7111888 25.667196 84.41129 2.7225316 69.868034 53.828312 84.37545 28.043056 82.10598 58.948357 78.44618 30.716837 56.676197 0.98786354 11.094713
370 43.274117 53.389442 18.447638 52.878235 59.614998 71.08394 51.96901 41.822063 69.2284 52.70921 0.8636713 8.162987 33.362686 44.95699 40.25027 39.02823 12.319983 33.13126 92.39598
371 77.205666 33.58271 25.9888 75.02146 63.116318 1.6869724 21.744001 14.479881 1.6060174 81.79439 13.774527 24.681818 3.21666 30.503672 31.556452 89.28693 33.980824 16.871119 93.08161
372 9.961212 37.118702 42.722748 23.859966 76.41 25.729979 79.550644 74.29328 92.50729 6.903231 36.56403 11.742616 39.28103 86.662865 34.347736 41.33311 40.972866 31.70116 6.1641097
373 6.0899076 10.12311 70.57728 85.87922 63.33597 5.95426 4.4936657 71.02363 31.674885 35.61805 49.184227 1.3963819 47.912643 37.572735 35.981583 49.236614 82.835365 1.9737363 85.69746
374 34.22991 1.0623157 35.05749 15.290308 14.95921 45.755505 57.70516 8.957559 53.887825 11.619491 26.380194 54.63967 43.17241 87.51347 75.19646 19.136131 27.706772 96.578575 37.80735
375 73.09668 85.516426 0.8263588 17.990488 26.866282 66.24249 27.721548 28.178293 53.14212 39.821754 97.81839 9.756142 39.07168 39.995174 9.681254 30.782854 73.020424 72.93463 66.1575
376 33.01273 56.816895 98.600784 94.90468 66.90437 77.70543 31.532478 36.55034 20.944511 43.17776 75.27936 1.9378543 69.40993 1.8029511 28.847296 61.854977 44.017387 52.43122 39.116734
377 50.035763 82.21116 98.82438 26.562798 74.965355 34.613747 85.789764 65.666046 35.30799 81.985535 63.003777 40.6237 75.140854 37.530293 53.456623 32.390587 51.44259 2.2390842 52.194267
378 87.29322 90.598976 21.937578 77.95335 9.629899 1.5078604 26.608349 33.36772 51.517475 78.95877 41.279007 69.47241 10.0558815 56.413715 58.240414 75.8551 3.5031796 56.51688 81.59068
379 40.433193 79.996155 90.32127 65.15649 11.703104 11.387688 92.357994 95.852806 3.4704387 64.53671 63.62145 47.695805 67.38585 97.97798 63.945667 82.23684 14.760083 54.97642 30.060333
380 73.453026 46.59905 67.758064 47.10923 27.491755 82.88819 31.990808 16.171026 77.56387 9.97681 86.71166 5.2369413 3.2166243 62.39443 50.77291 58.37891 31.759834 54.310036 31.97993
381 50.005157 72.39558 90.672325 75.45397 85.97911 44.30453 41.20834 40.97146 69.11767 36.325134 7.0843935 59.26705 6.642008 64.74049 63.13578 80.26457 55.299007 27.94292 13.950861
382 84.20165 85.18483 32.316566 63.363995 23.48947 25.180126 36.57043 0.49667954 19.307821 6.0541573 25.032722 45.624638 74.35061 86.73411 31.211693 52.892143 30.34305 75.296364 37.430138
383 19.106186 96.04712 99.56445 34.80338 16.19823 75.11568 48.750008 39.57116 24.928606 11.5719795 73.61771 90.19096 57.32873 48.663666 69.77623 47.09491 81.342545 20.718086 68.78695
384 50.109344 2.0667672 0.31750202 62.05015 62.80092 66.63804 39.09221 90.39204 18.075222 83.72424 30.731625 50.76849 33.90429 31.111055 2.0353138 23.667198 64.85259 46.208527 91.1283
385 79.085396 5.922699 92.42428 92.07054 14.155847 46.031475 90.06139 49.28366 45.670837 44.096493 22.31217 42.347664 80.30731 50.263832 36.461113 57.195274 13.992542 36.309982 76.81821
386 40.52558 39.58952 14.829916 11.229271 53.906155 34.25488 87.673065 57.115883 7.6319814 40.076195 55.46159 18.559742 63.619877 74.88484 66.239 13.452959 54.66211 15.736848 70.72872
387 82.48803 4.0270805 82.03752 61.775417 20.872063 26.026028 25.5521 97.798096 83.0449 2.6734054 72.80022 75.072044 62.09883 23.426605 94.09665 16.00362 3.5890758 30.234253 20.606804
388 63.960117 50.352036 66.34801 44.376583 17.420214 35.98958 98.72192 9.830409 34.0348 12.818623 86.05718 2.4772942 89.51286 61.12891 39.935703 20.605165 77.01338 34.149612 68.86835
389 57.972897 83.93612 33.62428 74.87593 54.634148 27.728271 28.57135 61.393517 84.06731 77.688255 51.71473 8.377684 28.07328 31.945574 69.069626 25.599182 57.08209 68.078285 85.93776
390 34.880627 38.537468 91.515945 52.59268 84.71246 66.175186 81.342766 73.51995 21.035963 59.857666 80.80627 21.332233 32.36741 71.069786 16.25344 59.33179 38.762177 30.424356 8.926874
391 91.880066 86.854836 48.091484 88.685486 78.80769 58.39604 78.785095 35.960434 66.420906 59.936756 62.956924 90.87013 33.407993 75.745735 73.620735 38.215195 13.110685 75.409164 22.52639
392 29.934418 5.000478 39.137905 94.30699 57.466476 6.402421 16.444529 87.12738 64.33447 91.964836 62.960857 92.975044 62.21682 12.320459 2.717924 70.075806 13.917905 26.874107 62.740963
393 59.316933 95.196686 88.54685 98.41872 11.6658325 79.60474 53.28303 23.449856 5.3384423 80.64379 44.67212 30.471867 91.16918 72.05504 97.45403 17.524755 58.844357 17.340755 74.07579
394 52.641052 32.278835 15.195471 69.777306 21.994787 91.64781 88.95711 25.640541 25.658178 64.952126 60.106003 70.19217 45.141064 11.327637 81.93299 30.866814 96.1216 29.752224 17.52156
395 52.092846 62.278603 13.814634 12.95849 39.943398 47.62798 49.556946 93.082726 20.00237 77.53313 28.169573 33.043777 48.942375 66.450554 47.89811 88.47317 97.724335 73.896255 84.62297
396 93.24173 19.54537 11.04883 63.214302 13.7106 5.732703 87.37742 2.2785783 28.276045 2.5713027 99.79292 93.94443 41.111893 29.235952 42.73119 23.839552 38.644367 77.0639 34.507908
397 10.658974 19.831818 41.652542 18.02383 21.298468 29.207241 7.8109145 58.791565 88.32029 61.378956 72.160194 63.212997 58.73911 92.84018 5.904728 9.531384 44.28304 1.1410177 70.53278
398 83.94969 26.230198 11.417508 49.317944 57.64435 15.790147 38.70594 27.653868 15.971767 52.248222 83.21315 83.45524 49.78577 74.48939 60.643803 55.897106 57.74335 61.148483 75.74467
399 75.25642 56.62102 54.89004 53.418755 19.989258 99.404816 66.91059 46.15365 38.663845 5.2266836 68.69889 21.228813 36.02255 84.63294 84.716606 67.40662 84.130516 23.285341 87.61893
400 33.825462 23.95863 68.67134 97.877075 47.917217 70.333496 50.960796 3.4641922 42.743904 7.267481 90.57591 39.20235 34.631794 52.37071 82.68825 16.338217 20.8785 2.270162 60.63078
401 33.123375 45.18685 27.457321 85.58657 59.143364 99.96716 29.305082 74.92497 97.698364 83.438354 76.5011 3.7975192 39.832817 3.3020794 8.013511 8.240289 24.098766 54.4792 87.92477
402 98.779305 71.58647 96.863266 69.84044 3.686142 35.249912 10.202587 28.716219 94.429665 65.48654 11.075211 32.27303 72.92713 75.00878 24.535412 96.92612 92.886246 80.28819 17.51588
403 31.389463 44.38436 94.59334 18.65732 49.695404 1.9496441 59.525192 80.16115 1.966846 48.45156 83.935074 30.837233 51.383694 68.297325 37.45969 39.126755 27.697653 8.552462 42.2081
404 52.960873 27.482796 42.00402 62.280457 26.373726 57.989872 14.775729 93.995544 36.388947 41.737736 7.3571444 67.47269 57.472027 2.376902 92.85907 35.385765 3.477168 36.261177 2.5531828
405 20.427586 91.27133 68.73894 45.454437 37.747944 87.90582 87.415184 16.583855 91.12911 0.20644665 7.3384466 34.89099 46.01895 66.90765 33.847713 95.4683 13.150114 47.969063 59.098072
406 97.06314 83.039894 41.549706 27.309435 11.96053 54.20921 28.406174 83.60006 24.605774 11.813318 67.415695 41.73975 52.95854 74.18475 79.75974 59.962154 34.178997 13.508672 37.352325
407 51.599216 57.064716 24.751377 51.740654 12.045646 37.47012 10.625851 70.383965 56.53879 91.09429 36.699425 69.43438 8.377009 68.43044 1.9337356 66.466934 86.23467 88.80168 48.516823
408 7.664299 26.715397 80.29966 78.63242 45.445557 66.580734 87.6919 52.95781 62.192734 53.37408 15.1311035 59.645153 0.3890574 66.41883 90.50709 77.092155 80.01861 8.204526 65.81575
409 18.027847 60.429394 72.6006 46.825687 65.723274 90.03458 47.577824 96.01348 70.19107 76.28673 60.412575 97.184685 8.083021 57.435257 99.74879 56.935013 64.961586 12.860566 36.259766
410 47.23269 33.355515 70.522316 29.663872 41.578133 40.467346 57.581055 29.99118 42.644585 1.85197 56.93084 13.574916 46.807076 13.41207 30.656242 5.363864 96.87591 35.552883 17.805529
411 27.746273 71.57395 27.512438 13.917637 38.880615 83.30787 64.25359 63.083942 20.094072 65.61631 15.702963 98.65771 89.5995 40.931637 11.693657 28.798176 38.771664 57.12521 24.170763
412 89.66943 45.50174 58.443024 9.8201275 58.18505 37.516422 30.163055 5.3643284 92.6393 85.6179 95.46646 8.729249 32.398914 63.998764 93.02092 11.827511 55.11182 41.350376 71.59989
413 44.850624 43.750023 64.46496 77.24002 13.041949 27.434677 75.293594 4.069561 40.582584 14.645362 5.6411386 33.68218 13.4181795 59.410347 21.341652 3.006792 34.856777 78.78771 23.166775
414 46.819485 71.1578 50.821228 45.98627 39.706017 86.00473 57.69271 54.751442 71.32313 4.9158516 29.561853 97.44641 87.69638 45.818607 85.21234 5.799818 6.0669365 28.024948 39.803093
415 6.633931 99.05664 76.842865 55.507545 25.425232 59.821117 68.499405 84.42964 91.94815 19.125866 73.70307 95.79128 41.573288 30.196697 17.119848 80.93357 98.505486 61.61003 53.67278
416 94.167274 15.402472 12.811774 95.60574 58.01316 71.6483 63.057293 1.6986966 45.018883 27.119791 81.18526 52.21528 41.31736 24.440872 10.772419 90.74903 9.655958 98.14492 29.524494
417 73.06918 51.093067 9.348184 91.4634 49.61949 28.30695 87.77745 50.35789 44.076973 61.933434 45.40687 39.26102 17.225765 61.047077 76.46739 26.874065 10.551161 55.392044 83.93575
418 71.2248 4.9310627 79.88245 62.339928 55.864166 59.427143 29.919083 18.196714 86.04638 86.60152 81.963905 52.801178 81.32401 92.463264 19.392168 55.405067 67.383995 49.85227 44.783176
419 28.85267 11.058056 67.877884 11.455727 73.101585 77.10949 71.340935 98.20805 96.16763 9.037286 62.586903 49.94939 76.1369 45.721893 23.98538 45.341885 14.033437 4.798132 47.537785
420 51.897194 55.38222 67.27917 84.62667 24.446922 10.940051 37.829964 74.59255 68.84575 24.768353 84.42255 86.92795 67.54967 53.895103 59.6836 44.994682 74.78105 79.368675 5.415434
421 56.194504 77.850555 37.47212 49.443523 66.6618 68.41996 73.97971 29.591524 70.31949 17.688972 98.14914 59.241764 10.37777 36.363625 69.01631 70.20442 14.204865 71.5686 39.6708
422 95.65134 43.415367 35.416992 28.526752 54.39378 33.776073 24.627136 75.96761 60.082497 53.202206 17.319267 83.74635 48.830517 50.103848 75.937996 59.592056 16.715055 73.35005 37.197292
423 94.846436 6.5764546 64.16606 88.16091 65.681984 30.03537 89.69932 58.24466 53.398834 55.79127 68.42684 60.311962 44.137276 15.706438 34.98792 89.446205 68.564255 54.14235 82.679955
424 98.80258 35.996864 78.285126 77.33546 70.60858 71.12635 14.120829 48.4979 53.401012 73.92878 67.210304 69.94074 49.5243 51.23132 63.93966 49.14756 79.398476 51.296688 68.52104
425 57.222836 79.787895 18.056505 46.287376 69.97804 85.01649 49.4423 63.9242 26.092815 4.599184 32.619293 72.933586 78.05566 23.970253 58.62359 31.115765 50.125183 81.830345 18.551373
426 47.030293 79.21553 97.10736 14.474755 29.670446 99.1054 48.69942 99.90132 36.92542 5.7191553 34.16978 98.90454 15.349447 76.76159 20.584791 49.89195 35.40267 98.351204 36.980827
427 22.025269 52.336113 5.445719 67.83121 60.04709 66.48485 73.059006 78.73818 10.005861 47.69458 98.111565 16.839468 55.215775 8.284718 4.1321993 70.59739 72.66772 15.256655 45.143776
428 77.29841 86.76004 84.860954 13.439876 26.359606 14.193291 87.17724 96.42439 6.1089396 33.535892 42.633736 28.386927 78.83103 80.49282 30.558746 37.48014 80.366615 28.285105 67.63758
429 60.020805 27.30043 7.5756254 93.830414 42.636032 66.7104 5.6692123 18.736399 57.114624 24.585098 46.697926 2.9779613 37.807644 42.411785 37.41472 48.898785 12.071866 44.224464 94.11021
430 51.255 20.896536 44.76984 79.90242 61.7287 30.14251 3.6544979 45.902664 77.66695 68.710365 99.69412 10.021633 3.669864 24.710114 57.574856 31.748253 9.304047 5.911243 7.798815
431 66.223564 23.64946 68.303665 17.224895 55.26852 50.50971 23.702812 46.897877 43.446358 41.39965 11.507726 95.91319 83.29822 37.905956 13.798798 83.482376 12.947453 53.29287 80.08884
432 28.899479 81.5005 44.457603 26.672512 72.5776 51.067482 70.24971 74.42569 66.60658 89.58529 8.042192 72.16912 65.31884 64.56292 26.125711 24.725224 94.14394 65.80903 80.40269
433 55.26921 36.651493 94.383026 16.956055 0.526011 87.25321 7.485175 40.895195 80.12454 91.75192 64.63023 31.534946 33.635376 75.04028 71.9101 96.10407 61.443638 9.082598 18.930828
434 12.028933 89.915565 43.23707 80.41026 91.18204 53.88706 30.435991 52.55662 39.671196 17.229378 78.24013 87.142 91.68285 47.339123 13.888234 5.376238 75.056465 4.3748674 21.802425
435 33.826298 55.68956 78.75502 24.275 28.078062 95.15385 8.983374 79.00803 91.77648 5.20125 79.73908 47.618496 72.09513 59.877605 51.12468 98.03877 13.377703 23.026472 13.092243
436 80.87567 82.27558 9.903336 23.7576 19.245636 76.60276 46.841682 51.273544 66.444405 90.580444 44.390114 41.183758 73.166695 8.199686 5.608183 15.05273 12.055672 18.954039 52.36621
437 32.307083 92.387054 13.862234 45.2012 21.58786 60.996185 2.682209E-4 74.75922 86.77073 90.5155 26.9952 19.889885 87.7441 55.047314 15.2116 55.398716 78.938034 53.056232 11.612267
438 84.217155 96.67665 63.09258 32.235718 98.79244 27.203333 79.58301 19.454967 5.863583 63.532925 32.037457 95.02802 90.07442 94.26319 14.376968 6.5969467 34.23947 29.586214 53.50147
439 83.72668 48.246414 97.74808 3.5683453 60.598625 1.834631 73.1949 29.684174 14.699859 77.68149 80.00904 20.826054 75.70313 5.7653723 50.688408 64.87278 95.45348 54.831142 80.873436
440 10.768193 40.615112 15.49347 70.61326 5.250919 83.95068 37.175377 67.82833 9.520316 71.07979 79.35201 60.72926 98.98403 27.38275 9.677381 4.3598056 15.227234 27.780497 57.29812
441 8.728355 50.998695 71.544525 90.35239 79.0707 97.8281 8.998746 90.22277 44.85529 2.4392724 38.705425 1.0328591 75.71919 57.03333 97.0313 27.18311 87.44154 73.4769 69.23062
442 72.009834 37.464756 60.195847 67.53516 71.08271 90.8208 69.96205 10.195219 89.95281 67.37792 17.648136 41.771442 70.61047 19.176567 69.353546 12.847501 17.358404 11.664599 82.08035
443 73.1455 81.65898 19.579142 69.42298 70.0155 8.75051 92.0753 90.663734 11.490983 44.978344 82.801605 4.425323 84.414734 23.952341 89.61407 3.8774312 81.22155 78.48158 61.461216
444 7.742482 9.302807 91.97353 32.93162 33.375877 42.77476 62.402905 61.614887 27.448278 44.040264 10.403055 11.68161 92.737465 80.698204 3.420329 36.144154 81.809555 98.85509 74.67118
445 17.638338 49.564587 76.27902 99.88922 86.097336 75.429665 65.4716 19.141842 14.519149 5.1586094 77.793465 94.49352 19.613522 83.556854 43.252857 17.71881 51.223774 78.872574 77.254196
446 92.90663 27.135021 52.021576 74.11887 35.497272 62.597878 28.248142 38.95856 47.463924 6.3219604 53.33305 33.74124 44.964718 46.84732 93.172226 2.1919847 53.38427 10.414815 85.657036
447 11.378032 20.3529 69.3742 12.542736 98.11646 81.73778 99.747536 0.71281195 86.201225 1.9651234 19.075417 25.311726 79.17476 78.14245 47.69621 99.069145 74.08208 78.650955 35.038918
448 34.2781 58.2668 89.08238 89.55487 36.88522 75.53809 71.07291 29.092264 80.630974 94.505554 38.77537 5.662531 46.83389 2.9087543 11.007536 52.80284 49.998783 42.535378 68.67794
449 98.56215 87.76119 2.8152108 2.6457489 96.2985 6.6378775 3.1966686 69.00096 58.05456 2.577275 18.572527 20.705097 60.671814 31.398655 74.746414 77.01921 7.717216 81.940445 56.461357
450 47.13927 15.750962 21.23568 5.8950367 90.4933 91.78982 2.4873614 29.629194 73.327675 40.66444 93.28272 94.595604 46.182663 92.28577 32.678802 53.87961 97.85082 45.896626 24.891954
451 59.822495 43.21338 62.770504 76.77193 60.721153 31.304604 92.42554 52.54095 37.50208 48.97476 27.454847 57.996284 74.78599 79.07951 56.05384 47.139828 16.309053 11.25381 22.083336
452 25.702213 75.09142 10.628277 33.18847 81.024605 34.21756 14.476913 46.55481 8.066755 22.60596 39.468132 48.094032 2.8021872 2.4973392 60.212982 58.29433 21.883553 90.194664 32.011646
453 1.0394573 40.21585 10.270596 22.502846 60.102707 94.02965 75.256935 35.292583 91.77696 58.329304 89.79629 27.11447 26.541704 45.393417 10.233175 63.751007 63.437057 10.581178 90.32423
454 30.483913 68.87042 37.364464 11.644852 13.464457 38.192635 33.640705 16.66221 28.887182 60.129936 83.42747 24.446123 78.55973 57.93987 53.499325 37.52505 11.297995 29.180569 83.96861
455 25.203043 29.012352 0.76311827 89.86177 58.28542 80.42198 85.32826 51.094383 44.980038 71.6386 17.095625 68.654205 82.921875 5.557686 53.633255 52.07926 60.801388 56.807583 18.257189
456 78.34572 60.760468 38.220245 85.07659 14.999878 83.168724 12.248325 54.44476 34.78363 25.032074 16.87327 55.46692 8.179826 36.354046 82.29991 39.27112 51.371677 82.31815 10.650224
457 82.30197 26.260769 88.05076 26.049847 13.59166 46.674347 4.63382 3.606218 69.75633 90.03165 35.453735 81.02891 92.62861 59.909325 9.197437 0.8265853 38.548923 94.58951 95.95262
458 30.47816 7.296604 86.294 84.86218 45.62876 9.650874 20.97159 82.360756 21.676546 33.1531 88.84088 38.73536 73.128914 88.62641 60.08995 64.965645 70.41514 98.541626 90.95073
459 91.68741 89.60524 40.85618 84.61613 35.67488 52.426712 77.2654 5.030954 47.253113 59.374756 56.974976 44.4049 93.14491 26.427101 0.5233526 6.3709736 94.85332 1.310718 82.56235
460 54.112507 62.01827 55.397243 67.86006 18.634914 85.316376 45.66282 26.456875 87.85611 44.258137 92.83271 97.52598 37.586082 34.354084 78.50267 68.02187 95.07772 76.05742 78.91002
461 32.91323 83.036446 67.94801 5.901986 55.27241 4.2172966 29.91278 47.866726 13.6275 35.518414 22.527445 2.8612375 22.98023 86.3658 58.19241 82.364914 27.27549 83.804855 52.371384
462 73.04169 62.7057 9.760916 21.889448 63.205482 81.192314 82.15753 76.84253 34.513657 45.162464 27.804089 86.2415 53.48307 72.102554 92.062744 20.86215 64.01939 29.402822 8.219152
463 93.5097 25.119411 86.10332 62.217075 63.46032 77.65865 93.01877 29.039223 42.449207 82.685196 31.377052 82.65482 11.286992 99.44072 82.88561 38.2999 13.866401 64.51852 91.686646
464 34.16301 56.645023 70.80621 16.932266 98.63323 82.145966 4.370493 89.974495 42.5082 62.907116 84.00782 64.00417 15.3982935 43.744797 18.156183 68.282166 38.503826 44.10435 80.14852
465 91.09202 77.55063 75.38757 39.86187 22.72653 19.575136 70.02485 38.711746 95.031235 24.14438 7.0623217 68.257126 80.41282 6.233299 33.336872 99.57756 29.234493 86.1769 57.90248
466 1.7830014 68.93471 87.74853 61.051323 0.80428123 95.10141 43.427677 36.655365 32.835052 8.505982 55.316513 39.06461 85.86518 92.45649 79.009155 52.675037 44.632935 51.787746 28.141045
467 45.57345 32.56498 13.698703 10.539055 18.241096 3.9655685 7.1199894 88.10968 56.828945 82.521 22.302855 26.15955 48.49291 71.32381 7.1354923 52.118347 96.99831 4.879016 77.89509
468 56.070786 81.38244 56.280106 26.628845 27.604437 52.827965 10.844046 57.331825 65.81199 46.786667 30.44731 11.072737 16.477114 63.353012 46.64139 74.04349 66.2152 11.284351 72.94639
469 50.318344 55.387234 25.07341 31.683498 16.361397 96.772964 13.089764 64.03558 20.785927 6.1584177 23.818254 76.00323 9.628254 54.102676 80.24955 61.401104 23.846699 39.20443 15.945315
470 6.4244213 56.599678 5.2568254 94.44704 90.58209 68.115974 84.88722 33.573566 54.475723 25.976204 46.819542 22.621738 56.10039 79.0228 63.023735 81.222496 10.713834 39.86239 45.0465
471 89.09976 33.08812 70.29021 39.12842 24.532545 29.907375 57.53138 19.746578 2.0445764 30.5538 78.85519 97.48259 45.66697 79.44299 65.08069 15.169912 79.775444 26.900547 47.27671
472 65.75023 54.54604 59.35014 58.396675 34.858658 44.864376 65.90725 35.824955 73.6142 0.24046302 86.50137 50.30237 4.232973 66.91055 67.10654 60.214043 78.78542 22.651499 27.83013
473 41.845406 64.626205 38.50475 48.340816 80.33561 47.741646 21.031153 87.81795 72.389595 95.54971 63.134117 80.25064 10.369528 35.68117 92.9466 4.038477 3.5060167 8.1591015 18.64136
474 92.54669 81.2931 70.43104 14.968676 81.20554 97.61632 52.21009 35.340534 30.140167 63.07926 8.427924 94.66522 98.95797 23.922968 31.233627 94.00474 13.553202 45.769035 97.3939
475 22.405647 61.52369 61.368435 26.226234 5.6796017 92.50421 86.1229 49.958176 91.03403 18.441135 71.19696 86.843094 82.639496 94.16035 49.700356 5.2298546 31.643755 74.67582 80.149925
476 60.897617 47.79182 58.272087 16.986435 31.205564 34.487564 25.755352 49.407696 97.912796 58.4479 20.25255 76.57846 99.89985 85.482506 98.95619 4.0979204 80.53593 39.61733 50.236816
477 98.465965 49.21498 50.820263 55.110603 63.52217 8.81986 31.846035 81.25423 66.08097 30.820847 84.86891 7.2624207 43.210037 86.690094 59.1063 62.869186 47.065727 31.694435 19.853216
478 42.185562 96.49169 37.358696 13.36062 57.9938 99.59921 48.472404 19.725973 88.689 25.48691 5.0122557 34.159214 60.048134 43.643387 88.39903 45.194054 62.66757 19.240791 83.79259
479 33.994633 45.2418 74.61468 68.40585 82.0384 33.017624 70.193184 51.905197 83.12486 90.472946 60.755802 84.73804 30.66793 94.82215 79.25106 78.63211 21.189838 81.18864 44.877357
480 29.546732 41.273426 6.619823 84.44 15.091872 7.1844397 5.523038 66.15835 37.995262 5.997759 47.107716 38.443077 75.781 54.214394 81.12772 28.33928 59.680992 87.21504 73.28762
481 16.292221 67.247734 20.949703 89.3308 66.9109 61.553806 69.31188 16.85102 56.059624 22.690027 47.803616 97.60952 9.796304 86.01573 70.28958 38.507767 22.60329 56.836395 32.603348
482 35.833282 83.54366 7.5154305 39.05722 70.99908 37.253147 64.15959 37.882034 54.33217 90.19124 53.70497 94.46097 20.695145 34.78116 45.289276 9.909797 32.568157 68.73598 83.10537
483 32.896103 64.9631 93.08077 61.431633 68.19489 26.034325 59.53153 40.23115 42.773663 77.90118 30.688168 84.66989 93.42444 35.9798 9.961051 41.253197 16.164822 40.570076 82.60986
484 33.21143 1.6771913 61.655796 95.374504 78.53299 40.621387 43.512558 45.87805 54.963364 43.229477 48.000954 80.550064 70.7403 87.472115 69.137695 32.83734 50.259983 5.388361 73.03165
485 13.833409 26.770275 86.81985 49.45617 82.373344 5.1318464 30.52454 28.675652 28.628439 36.304688 94.01564 30.688148 57.125835 40.197617 82.84082 36.385345 25.057352 47.61627 7.561535
486 40.4257 98.18604 67.07638 10.400128 4.5890036 18.377655 44.0936 94.19462 45.316452 17.859762 84.15928 52.5504 78.88667 70.13817 84.9683 13.330709 7.6456604 85.78495 36.64592
487 37.12205 57.86957 63.075535 32.854782 10.096729 97.729004 4.024583 11.942398 96.636795 47.53984 41.397476 50.967216 63.85675 95.68829 72.71254 40.83407 8.255016 5.5297794 14.368296
488 16.256756 37.437374 20.96787 19.4122 27.287722 28.302252 82.66772 13.006968 61.2163 71.1839 60.859173 2.5547326 35.304207 48.95336 3.910166 97.22739 26.728989 5.529517 30.336523
489 2.155763 19.93385 52.016514 43.257458 33.89508 81.09023 95.935646 84.66698 79.46648 1.3836086 72.74725 37.99296 5.044234 36.21241 4.862118 23.542583 21.2969 46.08609 15.236205
490 56.433426 59.89315 71.02483 16.85183 70.89315 84.456436 36.667168 80.15231 80.350716 94.31614 54.21094 24.865353 88.07327 21.08857 83.940216 75.48675 88.32295 27.0742 43.678093
491 78.67646 79.77699 96.63377 58.371376 81.43087 29.495537 43.376247 28.534716 69.44071 81.819115 8.736629 95.90183 31.634987 58.58046 93.23751 70.853165 48.47463 77.83194 77.62028
492 63.579185 54.832924 62.3946 64.62093 99.12554 42.834145 77.96162 6.2832355 54.141853 93.18056 45.83577 99.49205 3.0739784 35.456432 6.8084536 2.3308337 15.516311 76.64502 60.917557
493 84.68755 80.35527 23.430325 90.14038 12.335247 11.128866 86.39423 56.33198 28.89185 89.70407 54.386086 0.31939745 44.32552 49.999737 84.37507 96.98139 32.035847 72.1877 68.04617
494 18.915522 44.34067 21.778847 21.131302 53.018784 64.0766 12.499184 37.65441 1.6432822 48.936237 21.198893 59.40129 86.1585 96.385895 25.594639 14.301795 85.54073 57.1164 48.862984
495 67.1481 67.36664 70.87046 70.4844 26.09278 61.221165 52.371235 30.850214 40.41343 44.51348 49.466057 12.616718 73.64695 44.06291 58.33022 8.31418 13.749862 41.1676 59.7922
496 79.04635 93.60655 17.362768 30.000502 10.065746 3.9742172 8.43429 41.523697 76.45962 32.62111 87.763664 66.64035 36.072838 11.598003 70.58825 2.4299145 71.131096 85.70636 88.67745
497 82.025154 47.876316 73.52949 2.22345 13.052064 62.016308 4.925317 90.95868 83.19554 83.112595 20.50491 49.74054 4.633337 13.43841 77.01509 31.74569 89.73404 85.64993 43.19477
498 63.214886 86.18636 52.205994 1.8839598 52.17016 72.19891 70.28662 12.044472 36.036034 63.47687 75.50295 77.8289 42.546577 0.5506158 21.526129 27.646685 59.181976 25.222063 60.520218
499 13.874531 29.688353 71.238625 59.635056 0.8063376 84.589226 59.94657 14.553106 44.810307 5.1571608 25.07317 94.00674 74.44716 57.80255 80.70874 55.167015 20.303518 85.537575 77.08853
