250
4
0 64.74953 18.66632 92.652725 76.95255
1 12.70721 13.843584 23.689348 27.35353
2 43.06362 4.606259 22.692818 87.30345
3 89.804016 27.311468 30.382866 45.726723
4 87.30702 7.975477 61.094414 19.96677
5 27.65476 72.61832 66.89761 79.55754
6 65.34762 2.0121396 6.901354 40.192192
7 82.83028 71.34857 0.5477965 51.300186
8 88.99927 15.67964 48.443764 4.4163823
9 50.259716 15.310359 18.711472 97.30797
10 27.562618 35.32113 43.33967 88.21522
11 11.328191 27.827484 2.752179 29.719955
12 52.70261 1.2610972 10.772812 48.403667
13 97.97449 28.756916 42.154045 26.88161
14 52.275574 47.599445 74.4652 92.846054
15 58.302124 47.619682 81.83 45.832825
16 50.42587 51.509495 14.00128 78.51201
17 79.23669 11.361778 97.61343 23.93173
18 36.604073 29.543144 92.02386 83.41093
19 7.4067473 18.515789 37.61942 38.343067
20 37.115692 42.76253 25.310177 1.2606382
21 10.695219 99.91277 50.46264 21.904737
22 59.391476 49.959137 58.84995 89.09347
23 39.80272 57.59778 45.24442 91.79664
24 1.3773084 78.78752 83.78514 57.47561
25 81.68372 68.23144 92.77263 33.47079
26 46.27394 68.33245 12.434983 30.613392
27 44.861187 35.0138 82.65363 96.462074
28 56.313557 73.44446 86.617615 19.34263
29 80.39446 73.04563 96.69634 0.9839535
30 38.342392 11.120277 49.093266 43.844925
31 21.670288 17.046196 45.49427 24.623793
32 78.685585 72.271194 52.19202 14.907474
33 21.205734 47.4756 42.10214 36.987503
34 35.102577 18.413412 12.552654 32.640533
35 73.29683 41.363377 54.399498 76.803345
36 29.59811 32.13135 46.387077 89.78944
37 37.616043 67.52432 86.034546 20.780039
38 7.436383 92.60581 35.798462 73.1256
39 20.756172 62.34614 84.76712 76.424255
40 14.912474 3.0656338 83.41927 40.873665
41 30.238026 41.96251 66.58055 42.058
42 1.267463 5.7127833 9.998613 16.729694
43 88.643486 29.379112 74.10801 16.436153
44 68.59067 81.48709 37.556816 81.747734
45 84.30533 0.99903345 58.71955 7.650214
46 77.63434 46.978527 79.33828 64.22
47 39.379547 85.997826 87.04209 86.41366
48 67.173325 28.861034 27.031958 24.64835
49 96.14558 84.12744 24.735027 52.360176
50 59.874123 17.413563 85.59205 8.002609
51 58.02417 2.7822435 43.02028 33.64585
52 8.594894 75.010185 56.479984 88.683655
53 73.0725 52.539043 26.766163 19.931501
54 83.61992 2.9027462 11.261725 64.95723
55 14.610285 81.88716 36.85027 36.731762
56 13.539105 50.1857 29.232973 69.09672
57 96.1504 76.493324 94.07744 5.1523867
58 70.31512 82.52445 95.10802 47.07099
59 55.952053 96.10021 7.1044865 95.19764
60 32.53782 15.04466 65.79632 27.336067
61 60.28401 73.036224 62.624393 73.11461
62 69.94761 53.721573 18.904049 42.136925
63 3.879863 50.318123 32.48819 63.651573
64 67.01645 82.674736 89.836334 86.69855
65 31.087017 94.45698 29.493666 96.64265
66 43.70717 80.964935 89.23899 1.782769
67 61.855488 78.33177 61.24593 83.991035
68 37.489002 51.806534 68.00694 43.31045
69 82.98213 92.87407 89.79536 77.908585
70 82.26894 99.5498 63.199852 59.095753
71 56.920517 12.810731 3.684467 94.17911
72 57.105923 95.35435 14.943563 27.21237
73 7.9861107 11.341005 48.586018 45.24854
74 80.40644 31.165993 91.75954 23.1089
75 68.93113 91.377846 42.89024 17.104864
76 93.757835 73.42593 99.7524 73.31338
77 9.632624 76.86243 25.400173 41.195957
78 13.636816 92.882416 79.69936 22.414577
79 24.032396 86.66462 43.71956 58.043682
80 28.938347 64.94177 15.323204 86.980316
81 21.48624 95.7113 93.96873 42.74775
82 87.6019 6.1864195 85.894104 95.17084
83 54.325207 73.23787 65.13965 64.23295
84 46.56896 37.00481 96.79365 14.027643
85 14.700556 76.43777 24.702114 79.878586
86 55.887897 37.718773 12.787742 47.76623
87 50.678932 69.288315 5.998617 25.078959
88 9.989304 96.16081 0.493443 49.873543
89 84.07371 30.960184 22.516638 43.319176
90 26.986855 28.344805 58.88795 29.408651
91 60.64297 15.971857 39.302486 16.510427
92 10.315788 90.69038 79.696304 47.628
93 27.054226 29.129171 77.581795 97.6141
94 6.1032534 92.20233 33.1076 94.90393
95 8.410299 82.294 15.077501 17.9945
96 94.37172 58.073025 18.507915 9.878254
97 55.15057 7.1551266 71.56698 40.474712
98 42.508553 92.36708 54.781204 52.889717
99 38.78616 8.428091 36.895687 55.73061
100 5.392182 36.764015 10.217989 73.93754
101 2.1972299 55.289875 6.96553 74.442986
102 78.14703 24.776072 88.184616 21.790308
103 12.114984 25.358082 42.141914 50.53804
104 94.7066 86.424545 91.44457 25.322437
105 18.930744 35.153164 52.074276 81.881615
106 18.195963 67.049774 85.38602 40.75806
107 2.1186888 13.736343 41.10052 73.95261
108 87.60225 85.74593 68.39873 99.22471
109 68.32862 2.0944655 19.206799 19.306284
110 69.28325 73.85351 36.25625 7.8670206
111 73.59951 89.84721 94.939644 41.048317
112 11.571855 2.008456 96.59769 54.74313
113 61.164265 32.98089 18.718369 72.07553
114 16.06565 25.438803 49.46685 42.82432
115 41.960407 31.566853 37.671383 93.49942
116 20.148235 51.51538 0.35458803 31.6409
117 96.23123 84.80169 56.420853 35.45391
118 31.870764 61.00533 13.30359 96.46509
119 41.496277 82.210075 72.165924 51.398575
120 70.52934 95.04291 43.373024 24.394386
121 94.68963 34.480083 66.965576 13.064122
122 44.105797 53.523964 10.123944 54.296364
123 54.408997 95.15481 95.297745 37.346786
124 38.196598 37.446552 86.77435 33.298702
125 42.98811 75.28292 0.7724047 48.743607
126 0.1363635 7.6617002 83.28639 6.355768
127 77.49951 7.1346817 32.301975 1.3306439
128 76.7299 25.564735 95.88609 77.39582
129 83.81431 70.218956 7.0829926 32.821358
130 4.338324 87.44899 80.37983 80.650475
131 28.490007 53.09054 85.4192 99.90257
132 56.022133 63.560028 82.119354 78.9908
133 19.52706 87.81619 80.71652 48.83052
134 22.025913 5.3301096 21.581131 62.44209
135 18.929363 60.471375 26.906586 8.179688
136 37.096607 89.838806 91.26354 54.521797
137 17.523354 70.66905 65.10587 51.67237
138 70.959145 29.237265 66.96901 46.643185
139 45.634987 85.87532 91.493675 68.176834
140 66.73029 84.68992 74.52642 71.54944
141 31.993317 12.145919 29.192537 93.24739
142 46.133728 89.32893 81.622284 95.59098
143 77.624115 81.921425 48.360886 1.9895613
144 0.08615255 2.782923 3.6476493 56.631233
145 81.51617 41.64774 60.75818 36.56897
146 48.556564 91.03318 22.33075 99.4638
147 40.487785 7.242709 57.718746 43.342476
148 84.557594 49.666615 16.413958 63.84657
149 46.950394 43.80821 43.771194 24.375402
150 13.70998 66.03654 94.74666 61.60609
151 25.16052 17.491228 42.066227 66.01879
152 63.02826 46.408375 3.9040148 38.738037
153 79.071304 62.02633 12.326229 93.25581
154 60.407784 17.859041 54.805023 56.027405
155 73.038925 0.2456665 27.206034 12.686539
156 79.75015 51.515095 75.79118 37.434578
157 30.408943 61.721783 98.754845 49.305607
158 5.746299 43.656094 53.24088 29.341167
159 14.402258 41.712208 33.095177 52.637173
160 97.04335 34.276115 65.03229 85.722176
161 50.739567 53.70387 18.485487 46.327114
162 16.853518 38.887722 47.03153 44.40866
163 62.088142 38.109177 19.608826 21.952135
164 56.020344 18.668997 58.27042 87.827675
165 10.683888 3.0445814 59.230785 32.591003
166 95.13944 16.495943 26.592016 87.95409
167 87.376526 89.62623 17.29564 24.613016
168 39.538216 41.968582 63.280064 19.681353
169 42.865032 73.84647 67.08046 57.17409
170 13.750786 97.23079 32.551884 89.416084
171 30.03503 39.848537 98.20271 98.07098
172 20.581621 97.20016 49.78254 66.42388
173 15.07954 85.295906 47.07775 51.88925
174 53.933144 52.765633 60.941326 23.301517
175 19.478762 48.536743 66.84812 71.790985
176 4.2799234 53.577103 24.959923 88.9233
177 74.93433 79.392365 20.857738 29.822933
178 11.003769 8.242428 80.61492 92.30705
179 8.997816 10.653252 76.41943 72.28656
180 96.76139 74.0639 29.995596 29.067648
181 30.402946 25.744307 8.92548 66.495995
182 65.63804 35.88755 11.741072 13.474178
183 50.00546 59.52547 0.2760887 53.160595
184 59.047745 74.20495 68.96954 88.59876
185 55.75403 13.822484 30.152166 54.663467
186 41.172813 96.338806 39.18512 54.643356
187 58.260258 17.036617 13.833833 53.667946
188 29.192083 91.35988 6.436473 41.253113
189 37.3053 8.06095 36.067463 48.768806
190 92.62974 9.324205 59.614544 93.47276
191 49.01514 78.734795 66.90948 14.315319
192 20.863312 58.486015 95.01498 62.974995
193 98.45609 66.196754 22.52608 40.068394
194 98.161606 60.33323 86.154106 96.28747
195 43.046665 46.75083 51.603848 3.014189
196 31.5803 1.6085625 19.31575 89.967964
197 68.451515 46.23872 86.32677 28.441746
198 48.625034 74.921104 59.419174 39.02447
199 70.517456 48.41569 95.801315 30.302298
200 18.798775 5.1191387 67.53706 39.349983
201 84.33152 52.455975 19.361776 81.9032
202 55.98238 17.286808 38.755394 17.539347
203 24.625069 3.467816 37.363785 57.149376
204 27.05412 14.043367 67.05563 52.177956
205 40.51786 95.77693 57.87502 99.83059
206 26.236212 94.76531 72.51274 19.54012
207 41.990356 27.74136 59.0975 23.862726
208 74.36323 67.418 45.340908 43.607265
209 25.492096 68.98929 29.406982 20.92665
210 67.599335 74.874825 71.18214 55.413895
211 11.7384615 86.2256 89.57058 53.608288
212 31.08849 81.91838 2.52105 69.95199
213 10.01783 62.13162 65.0045 41.928642
214 29.603512 46.559547 32.222748 70.21198
215 40.225494 33.386433 99.85963 9.062809
216 49.467117 29.876686 6.9285574 47.411316
217 76.360245 68.46734 69.27357 38.081955
218 93.85012 82.26865 90.408066 84.059074
219 23.364222 3.6403775 51.30326 5.712712
220 27.008797 80.83173 49.95385 82.227905
221 2.9560387 56.431465 65.85333 1.393193
222 62.105675 82.51199 92.51891 33.252144
223 3.501618 39.871834 74.34103 10.315382
224 11.964917 0.75086355 21.53474 97.04367
225 43.98701 7.9410133 60.889286 37.678497
226 12.445503 9.533358 20.211529 9.314621
227 12.801641 72.88416 83.51548 78.038345
228 84.072495 28.064585 92.61012 63.218826
229 68.31026 48.459427 92.083885 88.42258
230 19.148653 41.741665 9.888774 18.271553
231 30.086208 89.675224 58.715874 6.79214
232 68.775795 70.65459 15.865785 73.879555
233 47.198223 19.205856 55.902702 68.46424
234 57.0471 5.5409193 43.402683 7.411355
235 3.0875564 53.428055 47.741257 12.2723465
236 68.12894 92.93574 81.10067 17.460178
237 5.341649 66.89986 30.514187 35.523884
238 36.03245 66.19945 8.41642 31.79968
239 13.065153 63.107143 70.26145 52.226494
240 16.582495 87.17272 86.541595 36.505234
241 74.56868 51.43202 37.041218 32.588737
242 36.42326 84.39905 52.253777 57.8112
243 83.74014 65.551186 28.253729 53.46149
244 94.857254 48.171883 12.434578 81.497284
245 14.733023 96.851364 6.702548 69.171295
246 40.896027 70.10474 78.06436 25.944769
247 61.500614 57.952698 52.99351 20.107061
248 60.108303 95.489 8.240861 94.47592
249 91.224556 36.05993 46.42224 32.45677
