250
20
0 57.9194 93.475494 8.7315445 87.61552 53.990913 60.421135 11.727029 38.246536 21.639019 17.782234 20.64004 91.73453 4.2368174 59.062023 54.083664 2.4123967 31.020409 23.701263 60.104782 78.3501
1 71.66933 76.45781 74.469765 76.95156 11.260348 20.595985 45.776142 37.901775 63.30505 58.805634 75.6688 0.38383603 33.197117 92.733765 72.8928 56.978996 3.152746 92.31024 8.387285 93.08069
2 88.58388 19.000404 10.604477 76.21757 41.068478 66.100784 64.02488 49.17705 66.25746 86.649315 85.54849 50.596474 28.07777 31.954748 1.9970179 19.654518 10.663176 76.72514 44.10269 22.123384
3 64.08828 79.92394 97.636024 74.367485 22.028065 32.493 8.100396 2.4949253 22.060806 96.711334 51.872463 94.94401 0.9325564 9.020906 51.781536 29.040426 66.476425 24.526232 99.69931 42.778343
4 49.111835 42.004395 31.3672 1.105541 13.331538 92.149605 90.847305 66.7422 13.025898 66.988754 92.88332 26.004713 23.912579 47.06986 93.15062 63.776947 97.06882 66.33563 68.722275 3.7692726
5 85.24651 77.80348 86.75774 82.1891 79.24515 20.597208 48.9196 58.140366 6.392646 78.89386 75.64312 62.256832 33.723133 93.402626 79.236404 77.60384 51.636036 77.58546 41.80139 41.66494
6 1.8815935 84.527626 94.87597 64.73666 39.162193 10.799474 7.0560217 14.321309 56.299355 44.509876 46.02681 4.7321978 56.937332 13.790905 47.5907 20.267845 70.593056 55.988693 9.4123 54.694397
7 86.28781 57.74602 27.11215 61.684006 42.091305 51.889645 8.64057 24.13829 78.06734 52.58306 75.97903 85.39129 14.040094 58.640404 85.386444 64.107376 96.31948 13.347745 45.68221 45.80215
8 9.366465 23.79607 73.30064 7.415557 29.988039 73.84943 10.737676 63.91701 18.984407 11.768394 27.02955 5.7444215 74.49717 19.562292 73.35396 27.758085 84.2091 28.794748 49.842472 90.67395
9 1.917553 3.3200622 50.161755 37.53907 75.05247 68.84909 45.10109 45.197712 70.954765 1.961571 84.84438 84.90471 94.00523 55.888634 89.16955 9.87097 76.14015 69.8385 35.683186 69.734604
10 28.367592 94.64635 86.35179 63.46299 99.374405 45.975365 32.833057 0.29050112 33.272606 32.12063 20.055698 11.832428 6.368232 75.675865 86.568924 92.89694 52.253586 74.98025 58.622517 90.71726
11 25.544374 14.498586 54.794727 85.87964 72.53869 4.293662 9.122574 38.22853 57.609432 92.77885 45.782463 9.146744 68.212944 78.308586 37.907295 21.059656 90.27374 32.25263 40.409298 5.5829644
12 5.969983 16.448801 92.820244 4.770899 34.491997 22.842104 67.08685 83.336655 75.38293 13.261789 68.70854 42.98104 56.11673 87.29151 52.12735 89.11536 58.45558 39.742096 55.239117 22.896172
13 50.001526 84.09579 98.4672 31.765253 71.67251 51.271767 94.01266 45.32799 92.36011 25.043404 16.469282 52.69513 97.848274 36.360615 50.581253 36.201786 11.5822315 12.69874 41.95103 35.115856
14 74.78335 8.435416 76.21415 83.52682 37.726593 35.27819 28.63626 67.60111 23.066204 64.11859 94.11927 68.89961 26.55577 91.6281 94.904305 29.135777 76.31796 5.75338 95.31632 15.833193
15 5.247444 57.391693 38.010986 42.602997 23.75831 53.373898 70.47088 8.55301 53.810925 44.95578 2.881533 51.571655 87.178116 51.88465 35.73669 44.373035 18.757421 54.397167 7.1265697 11.280608
16 32.23648 12.905955 33.017235 70.36296 53.71706 60.402596 79.10787 48.876606 57.456676 17.557663 98.04533 20.740324 95.46512 31.014675 61.681484 40.24777 13.377846 46.395226 93.29326 15.268904
17 13.214642 28.060616 70.6715 71.20465 79.025986 95.778534 96.964096 0.91736317 14.051896 96.24901 74.17879 99.296234 63.20004 86.14526 24.17789 19.129902 48.035885 8.174271 76.50426 9.208113
18 4.0258527 66.97702 31.955105 59.283215 32.752506 95.846756 48.76778 59.4755 11.812723 75.687805 25.712658 15.251738 9.008598 65.871025 47.228783 51.15371 37.454422 13.23089 41.726303 96.47589
19 46.87051 65.02313 99.86616 10.123986 51.448494 57.911514 27.376425 57.52559 44.39649 35.73207 21.950233 63.87274 87.06482 50.709213 78.982475 0.8739352 0.18165708 76.84924 42.14079 10.867262
20 35.276188 50.355034 25.64466 76.443886 95.22888 4.0937605 82.07066 26.06129 78.77098 74.47532 66.74975 48.462955 89.678314 86.69033 34.425278 19.598967 17.699844 14.305008 80.66116 25.259048
21 25.573128 21.970345 27.204306 67.44573 70.765465 34.79003 22.601677 50.85292 28.108109 98.08569 45.15242 62.45998 31.846344 49.339603 20.850557 38.550587 14.702761 86.48875 3.2717466 92.329475
22 24.55275 89.05569 62.11505 86.21155 53.75981 0.46089292 31.87968 36.831535 24.944942 69.95828 29.299492 50.466328 63.114487 53.725834 37.851196 91.03637 16.100758 98.54171 17.88361 72.87972
23 1.9497931 54.06283 52.4858 63.357872 97.30173 45.938293 10.734833 44.90335 89.3472 70.83897 62.86498 67.7665 95.314 64.032326 35.417717 70.43436 77.6619 22.508377 50.616676 28.01404
24 15.572185 13.058699 62.926884 34.89418 19.556177 40.380363 29.679346 38.379944 27.03141 19.5369 32.25814 17.96438 93.79413 78.337135 82.95863 80.23453 96.034996 85.83236 1.3457537 93.464
25 96.7954 54.685913 46.695744 76.624084 71.75186 28.203827 31.632084 44.32552 64.46505 31.958979 80.91722 78.118256 78.5702 28.886658 10.899091 83.224396 61.96141 63.22912 94.51165 12.320262
26 89.290695 49.578255 6.9795666 10.139429 67.83319 59.38701 64.27964 96.72563 37.04476 68.63354 23.579132 56.969303 83.35153 60.8307 98.72914 10.025179 73.570206 72.3445 98.67831 66.30287
27 17.882502 29.146528 49.43896 40.483326 96.8088 51.869423 45.847435 26.538795 36.78978 9.614569 65.48925 81.68283 51.74733 31.693714 89.295204 38.772495 9.626985 53.75063 19.758188 25.712246
28 55.00552 82.94573 84.58516 22.216278 63.27355 32.60076 9.8103285 11.782533 5.8816013 55.457382 48.69253 74.3909 27.18765 16.13313 50.652397 24.294483 24.397951 96.15058 45.437233 89.924805
29 56.094124 41.82597 31.808466 98.53866 0.34652352 8.147341 85.31706 7.519567 29.194921 46.429348 6.966978 84.4948 46.41573 44.942253 2.37841 98.48806 54.3842 88.88224 20.87807 39.607765
30 23.187452 27.04293 65.000114 32.244312 50.96956 49.49542 55.23016 69.95225 44.12491 14.675135 62.329353 54.22168 45.045578 50.76456 92.91087 15.858656 74.629166 69.46583 83.59671 89.91886
31 87.93534 8.556789 58.357914 82.857635 10.824024 90.45871 73.65094 45.120483 0.010055304 88.91791 90.63131 51.71109 60.936188 15.383333 4.7920465 6.8121967 49.716526 15.376436 45.38941 62.332344
32 54.969494 36.7902 52.344852 61.907333 0.78672767 44.37434 2.126503 55.55868 76.82908 94.48058 99.403206 41.625298 99.37322 2.3335397 73.831055 74.02424 47.1335 70.60154 24.78854 68.20917
33 27.248764 56.870834 77.648964 68.79169 84.659645 31.842434 47.50448 27.642864 17.227882 76.80314 27.187378 31.9362 39.697464 34.36132 10.832823 17.125814 12.612856 20.838469 49.77012 76.935234
34 23.548466 31.385517 89.704185 19.285679 53.735954 83.227455 15.256721 18.503016 54.9842 0.8721769 96.09008 36.457348 91.56436 16.153543 86.96277 61.418682 6.6875277 41.181267 38.901337 77.829254
35 60.853832 43.26951 69.770035 93.9321 62.532013 66.40448 67.24129 29.855394 93.48138 76.54131 35.69068 95.491714 90.01143 69.81034 88.85006 56.05436 16.35729 49.43961 52.950714 10.823816
36 91.213646 13.806772 9.189981 66.16426 57.710762 83.5229 31.083315 12.80275 20.440006 47.889244 80.8601 66.59502 80.56344 12.585354 21.573841 75.08694 46.90344 52.233635 87.891235 54.217278
37 72.84934 98.7961 81.273926 2.1553755 96.89565 53.909622 14.961344 43.74969 49.9094 88.63586 14.102661 19.164927 31.395578 65.13164 67.68387 25.354172 66.98331 72.94057 55.479122 6.9583473
38 2.2984505 48.53098 16.860682 33.521183 96.84077 34.99064 53.4807 78.58859 83.276855 23.123943 36.95385 70.92494 0.8390665 93.3382 30.897999 32.884834 89.74217 86.46736 97.01913 71.65096
39 10.463053 71.94402 83.15747 87.870834 86.45674 43.43424 40.957268 7.04602 40.798508 59.199123 78.50894 92.25655 31.054306 0.10867715 63.177483 34.413467 77.40912 49.5355 78.925934 36.758984
40 17.058128 2.490592 45.630722 63.87413 13.731962 96.58407 92.84233 38.66828 60.9433 74.017235 72.65863 71.93606 67.37591 45.216743 4.149932 52.860523 24.371826 33.349846 81.21748 21.663725
41 70.601875 51.31375 95.80711 70.36858 74.93603 54.440193 35.774494 58.810226 12.783379 42.72592 0.9594977 1.6576469 66.577835 64.583244 39.537354 40.8734 10.790378 22.655743 69.649536 5.9122143
42 64.30868 62.97847 6.665927 21.759695 97.008965 67.55988 34.992455 19.926422 46.936596 82.26381 23.728567 58.587063 44.103867 25.679636 99.12204 60.59987 96.21421 8.552748 22.90356 29.131008
43 90.650536 79.43491 36.260204 23.576057 21.15342 21.696169 74.28964 48.515373 92.40767 95.17101 27.940487 77.22093 72.20943 16.807318 80.17776 51.972282 0.2710998 47.12659 3.7159085 55.924
44 71.61902 20.529455 20.249462 66.84319 57.844 68.99489 59.607864 89.6148 23.384827 21.092176 53.405807 31.465715 19.078278 56.079453 66.1032 67.42246 69.22947 89.893875 29.293615 31.188547
45 9.586298 13.799227 57.68252 22.566504 25.300425 84.16419 0.584501 12.479443 93.99176 24.177038 16.663557 42.851944 68.48861 85.20159 55.67521 4.938829 66.08304 80.94919 25.569183 56.552082
46 40.930534 44.74788 10.716141 28.00445 48.551773 26.062971 64.280426 16.99745 6.596059 83.25252 9.738171 84.2298 74.74417 5.5826845 70.91071 10.849512 24.820757 8.096385 82.13623 44.242104
47 26.121784 51.403694 68.63821 44.822998 2.223903 97.28568 97.8813 9.83302 16.023344 86.67796 84.65893 23.53071 46.66021 24.693382 42.570858 1.1079252 42.838497 47.483467 51.97432 17.160034
48 74.6853 86.616806 6.7910314 51.217426 83.848976 11.023683 89.90236 31.850279 17.472225 26.236444 47.251945 7.917273 64.76229 21.52229 5.0023675 37.925404 29.197996 42.502586 30.771196 35.05052
49 19.357336 8.982283 40.52937 81.54658 26.626509 13.042509 16.41848 79.018524 48.68123 3.1072974 29.584587 3.8844526 78.94595 56.87259 65.99779 15.404922 99.88075 54.93716 74.8045 18.570827
50 22.876024 12.016153 98.53188 19.139397 11.021757 92.12837 85.73167 52.974987 99.642235 5.568981 20.526922 7.9358635 10.144073 50.314297 53.93627 41.759727 97.62161 49.321163 70.53358 93.21201
51 14.319205 42.608505 35.508114 72.20755 37.29618 2.735114 13.884073 35.29526 47.622513 52.069004 40.714638 19.967407 53.60754 6.8961563 11.472964 40.442364 85.70122 57.819515 1.4212489 81.157845
52 14.888078 7.993346 65.06278 56.047977 39.013977 34.528343 98.296074 2.172166 67.25108 56.954777 10.833824 17.389797 6.8373203 97.07387 81.87198 32.06676 8.654446 93.052795 92.76084 74.355896
53 69.77903 97.47994 14.21454 74.07368 77.80926 93.61118 97.8874 79.82211 39.807552 19.583113 91.24543 92.5637 89.687004 99.38766 76.68224 52.695484 53.701637 58.397697 79.69635 39.696377
54 61.585827 5.771363 3.400135 38.11192 78.34354 15.773535 17.219639 2.028793 51.54851 43.62671 53.732826 74.874344 94.423744 91.695114 79.357185 31.514484 74.38177 60.43095 90.02436 45.9399
55 38.894905 1.4498353 12.870365 17.609781 69.60859 52.294617 47.93793 31.612593 15.90684 2.8968751 71.35924 77.61444 70.392204 90.52018 12.699914 7.0705595 30.974329 75.19722 66.150185 90.90886
56 62.80258 32.54567 57.91005 25.954407 63.77375 50.619186 63.1068 79.41029 30.75301 6.4365807 95.39485 9.966146 71.234245 64.412704 14.319939 41.355503 53.516724 10.530573 50.694702 20.775646
57 4.4835687 54.249638 12.558126 78.42771 59.94026 75.40603 35.513466 25.004269 30.728346 10.356152 95.91076 17.280579 46.30256 94.03693 35.822533 75.652985 74.29301 50.21715 10.232079 15.672218
58 33.225487 37.812786 72.299614 24.064964 29.811079 67.61176 57.794697 60.707577 71.12392 41.044014 18.395918 45.360245 54.957275 84.74259 21.987337 12.097245 3.3900738 54.639202 80.563515 7.252741
59 20.128138 18.350542 59.94211 16.876465 61.839413 40.83251 55.03806 37.25757 78.12356 55.960773 97.65249 23.687721 99.901726 5.1555815 76.06024 46.519257 18.15121 26.784426 45.443977 54.51587
60 65.62374 39.289753 61.532776 49.839043 85.37022 43.3044 75.585075 49.674713 78.75625 79.001015 43.847828 80.95228 79.710014 84.20272 68.377205 87.87911 4.0307226 65.0512 45.983116 39.704346
61 95.844955 87.04059 38.2377 97.39686 6.1877785 31.795633 25.953365 23.496479 29.974716 19.981384 97.09109 16.559856 31.40142 38.11867 66.316826 89.22016 58.454884 5.850625 98.80937 32.32405
62 84.45048 98.425 29.67499 63.87182 88.34204 78.95589 35.493046 24.102896 61.320274 67.59607 35.966946 72.13686 90.56178 65.34355 24.060154 66.75923 52.874928 83.137276 42.848003 77.45499
63 52.677948 90.54819 29.911703 1.4256954 56.822502 70.183105 26.555538 39.426186 30.135601 35.394215 23.367256 65.73368 22.402317 70.59369 67.40329 74.889656 32.37018 80.038506 54.11557 86.06642
64 5.055833 66.06773 41.408707 72.60542 53.319313 99.19639 59.100754 73.61156 26.79947 27.0131 7.5459957 52.191074 44.64376 97.37247 90.065285 33.27393 22.099697 33.857895 58.73107 76.81385
65 34.35826 1.921612 58.396957 89.91936 98.758 85.551056 73.88277 26.110722 13.592511 63.894302 46.97767 59.955494 58.64504 31.193161 68.267784 10.907001 49.84724 51.874424 31.407665 47.915764
66 4.0805874 35.05422 89.82558 64.52655 36.379803 62.396694 86.27969 27.497786 2.2378266 12.677002 50.282143 76.834305 54.248135 12.034452 26.103323 74.41766 92.15746 56.330555 11.600298 46.62453
67 6.061596 20.877874 45.030373 54.47678 96.789406 1.7701447 70.67718 15.565884 78.63164 44.876186 74.70828 34.397846 45.936455 75.07611 98.18811 12.637019 5.484933 65.39667 75.38892 75.27217
68 25.05687 98.285805 91.088974 81.83401 29.595835 98.356926 11.8462925 88.87011 39.589394 25.598818 92.52792 87.90373 11.714983 42.41599 42.707096 85.60204 24.796444 28.127361 17.78013 94.95486
69 90.31496 45.96354 69.474266 19.577265 37.07834 44.480114 0.3078878 91.020744 75.443794 36.025574 49.823944 40.993214 34.293186 66.90899 38.161423 87.99628 50.671417 18.708748 78.68255 98.997856
70 89.82447 38.314922 77.67419 60.843323 64.83383 30.434418 80.14108 99.20307 87.96995 94.10011 18.769693 2.5570512 18.424166 91.967445 33.43974 9.186989 16.682941 94.670555 64.185104 62.108128
71 88.24949 93.123665 77.05663 22.60846 7.778841 59.334045 63.530224 1.4234185 88.366585 15.043765 96.36024 37.9671 74.42675 30.405354 22.338688 54.440414 35.329636 79.05047 2.3359 81.57716
72 61.078335 67.52163 56.131607 96.36839 71.42703 96.35943 51.5726 5.9841576 51.942783 96.487465 70.00193 34.51186 0.85437894 81.29358 40.996925 24.837732 80.69901 14.41043 35.341347 13.359523
73 10.665035 82.15417 34.766876 3.1450033 46.343117 83.454544 17.069721 86.11469 80.859116 78.53111 45.289127 7.8632474 67.901215 29.230059 77.090195 42.440723 36.116524 91.58858 95.49897 37.951385
74 4.1947603 96.654945 42.681694 97.91765 55.449028 54.7413 35.343 95.28455 23.92761 6.0643554 82.15347 44.553852 35.44089 96.14036 71.83032 28.246367 36.07089 95.41103 74.325005 33.66948
75 97.76717 91.51672 99.06913 78.3487 80.85396 30.591005 93.2574 12.565512 42.323334 56.184208 82.38075 86.888695 37.626785 15.245199 55.151253 64.61559 73.56924 58.3827 58.884613 73.43821
76 27.44094 33.82915 90.438614 8.764898 69.58533 52.64638 65.87293 80.870804 75.403534 17.309301 10.835624 98.8934 20.858074 51.510475 97.844955 92.66668 50.690506 29.535782 38.484985 26.098162
77 38.95654 76.624146 23.2463 67.39602 20.562618 34.15808 52.30641 67.67217 24.031252 56.215763 62.75962 2.5664926 38.809544 16.891312 85.28585 45.404987 84.46125 64.861084 42.418777 35.43063
78 38.754566 6.0071707 75.673004 52.80273 21.994621 33.633358 86.86938 11.884171 16.284245 55.11521 34.9198 85.92301 31.372356 93.96866 10.7742605 6.246418 69.32474 26.616383 45.680523 65.74291
79 14.695048 56.958366 99.663506 54.498993 6.7681313 41.652115 44.308163 71.32562 77.686165 71.28479 45.45406 71.46933 52.05945 42.938858 74.019104 12.524265 57.52556 47.644753 16.415041 58.480602
80 44.486977 50.56912 17.262226 58.55892 30.07105 85.25997 96.530495 72.14983 84.67541 77.67668 28.816181 4.525572 58.05577 86.951744 25.012154 17.301052 79.86365 12.804919 94.75246 1.7433167
81 71.24311 3.2616615 3.1405807 47.37066 19.255781 68.88367 36.639614 99.81895 14.5410595 3.2287657 12.663775 4.2171297 50.066097 44.911366 65.227715 48.405468 60.72195 29.687447 7.6581535 5.9075236
82 30.835836 45.75583 63.340042 84.85404 60.663277 60.32955 0.057661533 95.838356 10.181499 57.928055 43.812664 90.306175 95.919754 62.2777 57.98238 99.458405 16.34146 84.750275 85.06041 31.246006
83 5.956358 97.54603 75.54895 95.89651 45.719837 3.03061 94.21147 16.129816 85.51663 9.518343 53.02086 0.9571254 7.0834694 15.173072 85.740814 87.43285 86.36985 96.45256 46.957333 75.2321
84 12.149847 35.59331 92.14596 38.301025 12.075609 57.024296 11.445475 16.486704 3.0110657 68.376686 42.447014 89.9678 64.42347 75.05127 53.55105 69.0136 72.170654 4.3066025 54.15624 91.19416
85 85.85013 95.79426 68.799 84.30828 61.927383 89.70777 84.850296 4.212284 43.40595 34.60897 5.795741 97.204865 26.42206 96.99014 80.59212 23.0012 16.737371 50.227486 33.03076 39.521057
86 1.8703401 57.345737 40.187298 29.195219 85.07107 9.576405 45.44632 99.29655 58.336727 99.74215 86.62322 28.523804 56.330406 68.79313 53.53923 47.86899 99.86187 77.17281 0.02758503 26.404112
87 45.28421 95.980354 43.559986 99.31702 38.837288 51.065384 20.096052 95.15494 87.022385 65.2428 83.799995 37.2099 95.22876 47.816307 70.17721 57.273758 67.07247 58.679295 79.00854 42.13848
88 61.5816 97.610725 90.06615 59.315933 60.115826 23.256939 42.65694 80.16245 30.698055 15.003532 90.04643 39.137985 95.53144 42.873215 65.068016 67.09383 4.4591546 83.17867 54.83335 95.61442
89 9.890204 2.4157226 4.354918 6.446862 89.47031 59.370125 32.809658 54.410217 4.0417852 40.258152 16.663939 9.919953 38.04193 27.61963 43.308426 85.988884 95.58083 8.384967 72.39202 48.4347
90 11.473709 86.86238 22.685696 72.758415 46.248825 85.21621 75.850105 49.043118 26.692593 77.27345 8.5390625 41.1054 48.22234 15.207804 17.269522 48.42364 97.00227 15.874171 30.666565 71.03999
91 73.25812 81.43151 38.099228 37.221928 93.033394 33.58888 37.223454 71.27216 24.309708 52.592693 83.21766 81.15268 30.941164 80.25914 35.02288 60.762405 80.500244 84.322914 46.983433 84.56365
92 41.478764 91.563644 64.03954 29.137522 93.23008 96.08837 93.9754 70.07342 85.782295 92.35874 57.913963 57.835 73.71795 89.68388 49.82276 83.92943 61.53469 44.645626 64.61804 71.43701
93 10.418474 23.036379 12.7022505 0.893116 86.63336 35.1868 14.430875 54.377705 68.52868 3.9203346 31.87983 94.74403 56.568157 37.735905 25.987423 12.055182 53.190453 22.191875 36.10028 60.905045
94 46.4234 77.91114 35.400314 77.35227 63.015663 96.27699 71.678795 26.225794 68.74963 74.93423 18.318928 63.667633 21.204931 69.90319 27.824497 57.62189 4.507989 33.773033 50.277782 43.78165
95 47.800774 58.4429 85.0266 86.05231 95.87177 13.667506 16.799753 90.22909 28.51029 10.740894 21.25963 95.22771 26.877266 4.5849442 41.45785 47.3231 43.05211 21.926678 50.314922 85.47757
96 20.747477 1.84201 47.462524 17.573011 39.126785 5.4669857 46.74157 12.364101 51.1698 80.94732 6.3298645 35.96071 76.87954 8.592218 32.68052 16.916143 98.890434 39.65988 55.799217 74.3884
97 23.118502 34.234695 63.301407 9.766316 84.695564 92.32497 88.40712 65.582886 44.571377 14.7453785 49.602592 45.010006 75.181244 72.740555 21.987629 60.83942 35.107933 67.909744 0.010430813 21.264727
98 88.67101 26.123692 63.857616 39.210564 13.125128 54.162346 45.514877 77.19368 25.22226 48.18775 71.558495 67.0935 42.186337 45.403473 37.003952 6.667495 6.8694534 59.907787 94.76461 66.64155
99 60.525673 10.450268 68.01078 4.773241 42.08427 90.24267 55.331413 89.02347 53.172882 19.908602 81.26229 70.03992 21.889847 75.89907 85.44498 4.276866 64.223785 74.130775 63.21975 30.534952
100 14.148199 77.16391 97.44774 13.349414 26.175903 61.9282 17.22696 31.896162 47.247143 51.897938 3.1535506 59.89456 78.26829 64.83702 32.93276 23.898994 64.74483 25.974958 35.328438 69.48584
101 56.40922 31.98849 37.33014 8.818924 88.48721 47.76729 49.501656 72.13663 63.54488 64.01494 21.055323 69.633995 49.295773 16.719597 0.38520098 70.359825 71.21673 60.926098 82.51564 79.02277
102 31.529665 31.619698 93.91776 99.47471 60.57474 8.519178 21.96598 1.1480212 30.658854 12.866079 13.312822 89.465645 84.25833 0.64044 47.829445 37.376637 41.44147 14.848685 5.4786024 78.4202
103 19.326126 20.494492 28.35837 34.371525 78.380844 59.500557 92.79097 46.42173 85.81046 33.201744 33.15794 68.40119 79.8447 90.14452 44.438698 35.74432 25.491995 73.93315 61.14517 43.248074
104 62.560898 65.95051 1.4235795 98.29534 71.134125 51.20549 44.191986 90.756744 74.16136 91.63535 99.78655 64.47389 87.686844 23.299032 49.00183 42.84826 38.02762 4.4786396 77.74382 58.960735
105 33.863758 47.26377 73.69495 51.737152 96.89857 21.294117 84.15556 98.42826 75.01585 44.608887 50.128418 71.12259 39.533073 81.68805 28.112984 93.756386 76.36995 75.52423 18.152767 75.285545
106 38.177055 10.752005 22.417767 45.063232 19.469429 64.36161 33.807533 85.30888 33.66667 64.279106 77.34119 61.706924 14.049172 73.107254 9.884346 92.047356 79.706314 12.659061 95.28862 61.387444
107 22.596418 76.70604 64.33652 14.009887 98.192215 65.79888 1.8581748 2.5753915 75.493614 54.35195 69.6901 4.976356 3.4092903 40.732445 24.270832 82.71685 30.908876 74.237785 54.912067 30.956608
108 24.511147 26.0235 94.2623 91.01141 25.4943 15.761643 10.117113 69.00925 92.899956 2.6331604 9.265524 39.033054 69.471756 42.815964 84.045334 41.47312 63.955135 39.614304 33.075787 5.0610185
109 62.83055 14.539414 44.418777 88.324554 11.016691 94.81171 55.178642 18.71093 48.13049 95.79028 92.08572 97.65839 63.61112 15.688192 56.53441 81.30352 69.798965 8.604389 81.2872 59.701313
110 61.61482 53.46337 48.850918 64.38133 79.82961 48.02913 0.4313469 83.300766 62.382008 74.94304 64.23976 53.8814 15.435058 70.97932 10.436392 15.493256 68.82117 80.73378 72.63945 10.694379
111 75.475655 55.13935 21.004564 34.54075 42.986004 15.978503 95.50214 99.688484 39.38057 16.440165 9.114445 44.734104 31.954033 90.3153 65.97898 98.74903 4.797256 68.26828 48.570312 87.29773
112 60.597878 7.4531913 58.20228 36.98226 68.34975 3.318268 24.622768 95.889595 39.311455 41.574963 71.25108 26.95455 37.655796 79.878685 53.47573 67.4762 93.83513 87.71848 6.9999876 49.68592
113 42.147533 98.345695 12.920559 89.771835 49.031113 56.354446 25.289272 23.08945 5.259526 60.88721 17.389034 64.96716 88.7923 78.56986 94.717804 34.64563 51.193005 17.434484 38.392555 96.13167
114 70.22479 37.582886 82.84829 47.323616 45.73443 14.557004 79.615715 57.46035 91.826454 44.756298 45.727913 94.10884 12.500917 80.280266 64.858284 52.444607 2.590704 33.842968 83.365585 60.96914
115 23.504902 97.5351 86.570305 75.08282 91.797066 55.888313 25.170254 20.689148 36.074722 41.68107 92.90087 28.406048 17.706686 19.031096 97.34317 20.725578 36.937332 83.425224 61.98182 21.879608
116 17.463356 32.38529 2.830112 47.0833 58.664085 87.46177 23.59358 64.65127 90.20743 81.25211 13.677967 83.1852 53.699787 69.286575 40.41089 95.15207 60.742153 82.10283 35.50328 57.80609
117 46.83999 7.8949156 53.702145 39.215965 12.048864 40.089302 54.268753 29.363876 38.29085 50.44931 31.65682 68.66947 21.529615 59.280563 16.676825 85.208664 96.3406 86.508484 32.441074 40.252884
118 48.062855 36.390263 27.227861 44.02322 61.190838 14.037281 8.632702 30.769545 94.789665 2.4511755 67.35372 37.045902 79.64103 67.17126 34.862053 48.52012 16.005272 63.709248 55.02572 9.549642
119 4.0883484 26.588673 36.286617 93.363525 45.612473 32.951283 66.84936 27.85852 18.700123 87.34639 31.952518 58.15686 99.30061 35.546642 38.89639 99.155846 0.6354928 16.165173 84.14711 12.861401
120 42.946 20.674664 47.388138 11.435455 84.83726 90.40382 62.52258 89.262054 25.686281 7.526189 45.83222 79.17057 77.18472 74.34028 90.07112 89.03295 47.703796 48.7086 1.3281882 36.622227
121 52.692562 54.882145 36.95841 70.79168 69.959625 98.65058 29.495722 55.181946 82.960556 28.457392 67.77232 32.82019 75.95211 33.493877 74.84247 73.74086 60.223366 3.5905957 27.920187 97.29027
122 64.03093 80.77602 21.376831 21.8004 24.119139 59.548317 75.70821 19.116814 82.87946 82.14911 46.884197 83.88703 51.69024 80.441696 28.062773 87.97224 22.485424 30.446457 53.523613 0.806427
123 41.14897 66.302765 89.9039 65.530396 38.25187 93.59999 17.26488 28.369963 5.5856347 7.905287 79.85717 1.6687989 16.857397 62.228004 99.17463 77.44907 94.06579 0.47952533 48.290833 3.142804
124 89.05674 35.154057 52.673023 40.560867 74.458244 62.974495 7.591015 86.15583 56.819683 87.684265 42.62102 69.66068 44.854683 24.149925 59.138466 30.284565 30.0386 51.16173 64.46161 7.41539
125 88.58633 34.53431 6.6260576 65.3786 61.49149 69.13314 14.626413 89.95346 51.61283 64.16413 91.15719 65.338745 27.829885 85.40406 17.032545 32.93577 0.45289993 50.023346 69.99093 93.08876
126 29.06778 62.325764 54.732895 84.76363 13.845605 64.23107 87.850426 39.590054 69.3797 23.847973 90.646095 80.83832 71.97621 84.27947 57.38718 26.409405 37.97333 67.188156 86.781 61.008705
127 33.369488 60.002422 73.694145 96.13465 30.383879 89.40954 47.48352 18.691868 31.448328 88.45988 36.68682 97.8436 37.744534 30.76629 18.972052 34.623432 80.274765 27.551388 44.72193 85.86645
128 84.41939 45.36593 74.79108 10.792762 52.135212 1.9262612 52.999382 89.242294 12.8421545 71.515114 4.8007193 60.84027 78.40117 80.636925 61.09364 76.555405 98.486176 89.05671 3.9332926 32.042076
129 29.491203 34.98566 5.3867636 36.246975 27.598072 19.072199 26.18621 30.979752 49.779552 17.143965 84.225876 16.033518 85.659615 42.515003 29.183954 0.09059906 58.941193 35.377735 36.303818 16.722853
130 85.49922 88.656654 85.12995 45.51654 82.492805 40.090244 26.06231 15.504104 10.556698 71.669266 75.08264 48.017353 41.183537 76.39889 63.84297 1.6981244 61.01178 34.2339 15.22811 98.18673
131 11.40905 3.5905063 3.0620694 43.989937 68.31904 90.756226 86.185165 84.807106 66.96683 29.554087 11.860884 72.32498 87.14883 49.58688 49.366875 30.902046 26.240276 59.168495 12.484205 49.93603
132 82.815895 33.58561 38.035816 15.892607 58.293682 9.626781 18.065304 31.377966 6.9844365 11.434519 4.9287977 44.236534 46.379574 2.8075576 73.54651 50.982483 94.7702 98.29734 93.18977 21.02719
133 68.004654 5.057788 25.140291 62.805294 22.317516 83.73779 72.83824 73.25138 26.969975 48.130356 1.0366261 57.92319 35.510933 97.25177 51.113594 11.753225 64.6954 31.52352 84.98788 17.84882
134 97.6884 27.33425 21.774006 63.42354 85.65825 76.09837 3.9537847 23.865932 7.054734 68.69354 65.79209 15.732252 54.92022 71.60438 31.16427 31.24817 2.9513419 84.04147 53.877396 6.4436617
135 64.486465 36.62179 26.759094 34.609528 14.220041 31.829906 29.86954 60.202225 19.635082 88.433846 99.588844 96.0448 2.6060224 29.370218 73.28368 20.649136 66.374794 2.4704337 75.812645 81.25361
136 19.476795 91.96377 49.153526 51.827633 66.83333 26.218874 2.6038527 50.501442 25.091272 12.987762 53.80529 85.85766 30.648315 0.8763313 98.57547 81.05675 16.234911 27.322483 56.30938 75.20804
137 27.327072 35.522305 86.46323 55.652763 70.24405 31.072092 17.094612 67.367165 37.061344 73.218575 8.154601 37.558468 41.274536 14.222681 37.573475 57.310707 45.627487 86.197815 27.328318 67.002655
138 38.126774 99.69767 57.614742 88.88756 52.772003 38.181053 70.76914 55.98077 72.02132 72.21201 71.313446 70.09291 42.877132 55.868095 45.84896 28.883934 87.426285 23.393213 75.7462 39.17
139 61.72049 58.77375 98.715744 54.924904 79.36976 35.82825 2.263391 68.5796 53.78738 6.836903 45.40778 44.996006 56.62742 78.01234 5.3577304 22.09931 40.863983 38.608128 16.411377 40.378826
140 31.757784 84.61647 0.26233196 86.661934 64.53406 89.325516 4.106009 3.6361277 6.1643066 52.057426 47.16937 85.015175 72.72136 97.81738 92.09165 33.051144 71.19567 88.044945 77.32393 37.88251
141 3.5645545 33.924324 75.56885 61.139893 64.752716 15.597653 44.235855 85.02765 8.680874 4.0120125 52.7428 65.0471 6.952417 46.96029 61.865604 93.47269 62.26934 21.1501 78.64859 12.046599
142 88.106285 10.921484 60.878544 78.092766 22.52388 58.66142 24.845404 86.9022 97.60275 38.22258 53.92527 34.90773 47.471184 40.999626 81.10347 99.505066 63.240017 84.064514 51.39392 40.613705
143 18.617756 64.29226 68.507996 50.989117 17.137844 94.161026 10.193664 3.2455146 92.68505 80.39029 7.330579 44.435562 16.564 1.3531268 29.866838 58.33327 84.23114 22.893906 97.568756 62.313564
144 25.842815 73.49079 32.690536 92.51416 80.10195 1.378262 25.23082 96.96345 8.970558 20.104664 77.41665 42.283237 0.42459965 40.92198 3.2432199 12.714648 91.6443 5.331641 59.912727 59.41447
145 50.24976 98.04485 92.284004 38.640232 26.117928 7.6247334 48.204277 56.556194 50.96988 41.29027 23.896402 39.485447 32.63105 12.969065 84.282326 46.6026 1.2841225 44.941772 65.912415 88.96752
146 97.1136 27.642202 60.52848 67.66554 93.75083 7.7419043 28.51721 74.42932 76.4508 48.998367 44.722958 41.818787 4.862672 74.98579 8.21067 94.739624 99.80045 38.32263 84.33923 50.25923
147 84.09913 11.990213 6.47341 74.36769 57.28638 98.49251 68.19241 20.12753 90.55561 49.69353 40.120285 5.7203827 35.848766 71.00067 61.496567 8.952915 64.51799 99.020065 81.12522 49.1148
148 96.11447 31.834238 58.99967 41.53506 75.74579 9.646964 25.126892 65.16985 83.85727 83.77205 20.102888 1.0480642 60.246914 30.940187 89.875725 27.93523 34.94978 13.853139 59.734505 1.2495935
149 42.971355 18.080212 87.55828 68.736435 63.666405 9.0858345 69.236824 69.90078 45.120586 14.777124 98.23608 30.499607 20.77803 0.9082556 32.637726 54.85003 91.664276 35.478348 95.56142 70.230156
150 70.08679 39.4776 85.41693 23.7068 67.17516 64.60153 40.483845 33.35429 59.8808 82.55687 35.24022 65.62872 16.237623 88.07877 63.83651 37.792652 59.246166 20.584005 27.123142 19.46845
151 48.454952 73.3773 4.49239 47.920586 88.255295 49.450123 89.09898 46.373974 87.474915 18.16581 56.206352 88.97949 95.757805 45.579548 38.70429 36.909058 98.472664 94.924255 3.3095956 51.039104
152 28.832222 94.09606 65.45809 92.85781 39.1746 29.049133 93.09891 58.270508 93.91366 70.176056 29.999697 52.1005 5.7763696 61.384964 1.063925 34.074963 31.19492 76.130684 36.662937 31.294744
153 87.002716 62.616653 94.021385 75.523735 11.105192 92.32553 43.00303 45.56959 97.07623 86.58638 85.77605 61.599327 14.502782 8.737761 67.15574 27.037066 31.507015 72.352486 10.103923 58.888523
154 76.675224 65.76702 41.896458 4.648739 78.384224 30.686802 6.6540537 55.663063 59.32221 47.8579 42.880432 26.772398 22.245562 79.71067 26.790941 50.693584 64.40374 41.558052 87.78338 4.8366785
155 97.619896 26.498962 18.450523 46.678024 19.068092 90.82754 62.925194 31.488985 84.98292 26.735168 41.75834 49.825436 41.830887 56.731354 84.44769 79.93485 93.1353 92.87965 0.45936108 56.92163
156 46.759068 16.088528 42.23054 22.47451 38.907135 62.816887 48.134632 19.113016 54.620193 14.217466 6.467861 15.724998 17.612297 85.57672 42.730785 7.6803503 57.78962 20.60889 99.19132 87.61394
157 55.82058 28.47823 78.104195 71.233986 29.165333 23.173773 46.01375 26.953655 51.785217 60.923927 17.082352 66.04776 74.42207 36.655365 26.980543 20.252054 38.2578 24.075907 86.97071 61.6584
158 1.6432762 93.86072 39.65456 2.3891985 47.44218 52.774303 75.48431 72.39276 22.701824 34.5584 72.42333 87.886375 18.483501 76.31257 82.75888 42.145348 6.717163 6.2057495 61.505802 27.716946
159 64.158005 88.06271 43.3973 14.513516 77.49865 43.11018 71.249016 92.95593 5.3237495 40.44788 31.432713 53.30821 84.09197 96.19561 94.043526 21.038097 89.21202 91.388145 0.6406605 39.492935
160 76.37745 44.236385 13.5495 72.9917 30.783594 1.0997295 92.80827 59.764145 86.12609 29.23764 12.913889 40.73801 55.14375 54.00643 67.36923 19.271076 48.001415 23.582195 38.272106 12.394148
161 73.404175 59.526108 67.23921 56.38341 94.701866 54.630726 47.066265 50.48949 94.399734 67.623985 37.737083 10.950279 25.77085 83.65327 80.57493 63.103687 60.31243 20.278336 58.153107 99.154175
162 80.55841 60.28642 0.53792 51.156746 95.52444 48.38317 28.826004 77.848595 42.400623 51.15225 20.872868 96.429535 74.916626 15.116268 80.51671 39.178425 63.28961 71.84101 47.218426 14.365572
163 50.348587 1.4299929 37.417114 62.317066 26.139557 35.151493 9.402484 33.302624 22.200657 27.076084 70.308365 63.314636 55.21056 65.29902 34.92194 77.50542 6.6278515 1.4546275 22.183525 26.336647
164 44.33472 17.742561 65.13375 25.218237 28.570461 2.5812566 75.07558 69.982735 97.29555 87.3489 60.09551 84.92899 65.58516 89.595535 53.882366 0.91018677 65.04387 83.80316 72.85686 83.13398
165 78.20549 64.48743 30.655891 33.647095 20.390696 2.4913669 99.49141 85.115005 88.809654 12.097669 1.1241078 10.265291 32.399063 21.522152 27.272207 76.58865 12.868446 63.951664 54.139267 36.493122
166 89.904396 11.121189 10.131806 18.559582 3.9654791 51.115532 44.29747 61.883553 76.424644 50.323208 97.9117 50.30777 47.12641 34.016872 8.150029 70.81303 17.178589 7.7029467 33.89369 56.16222
167 23.763538 23.051537 35.227932 18.371796 3.0127168 57.827824 13.719427 30.561167 75.93646 32.801872 16.526491 40.61652 45.744164 73.18139 68.04239 72.871605 17.649252 44.820488 45.148056 92.191086
168 34.75916 52.498222 91.11996 18.53854 76.54891 89.18786 36.476463 15.981936 45.663464 20.76708 88.0416 66.35713 0.65956116 93.43065 68.55765 29.258924 98.36342 63.600838 54.402225 93.00836
169 31.681324 88.89178 17.28664 18.663485 74.16308 39.23784 33.968258 55.471714 28.902239 9.272104 75.55196 72.44041 79.29512 45.130943 22.247292 69.52591 25.916386 63.81734 0.6641567 42.470215
170 85.76007 2.8967679 96.86016 18.271399 16.11058 18.503046 30.196083 20.943928 89.43064 65.339165 59.227978 88.45596 92.27678 72.574165 42.78827 36.932343 0.08470416 42.327328 66.32463 54.357548
171 10.726756 74.92454 17.523485 26.637035 18.362808 88.50031 16.108597 29.075836 10.930186 85.05589 63.150414 7.7705383 60.602856 95.08619 25.73635 81.307144 97.96677 46.73448 46.7371 93.29809
172 64.08679 80.5654 7.7727795 72.02436 86.977554 8.967632 50.26071 12.683863 42.441177 80.47444 6.3522935 99.956856 16.32027 98.55129 23.19079 69.81932 63.765347 95.337204 2.6077032 57.362427
173 59.277737 21.193552 79.29905 55.971878 92.51822 67.52781 36.672146 88.306465 2.9383183 44.098072 6.729555 53.376938 70.27654 22.810257 22.172647 10.510749 17.261606 91.89522 21.788853 10.506648
174 10.184545 30.366463 48.372143 8.8073435 7.3621693 69.9377 98.966446 43.583916 45.24706 6.315714 74.98016 33.330406 27.688837 14.231187 52.371727 20.570213 1.5749812 10.045111 25.140541 38.801533
175 38.046276 55.64965 27.074402 13.641066 64.27425 60.111744 73.217896 82.6119 98.300415 77.58864 82.76101 64.07313 65.87624 27.043932 5.7428303 58.877106 31.128609 40.839066 16.671097 89.501976
176 55.039986 44.06018 6.239176 83.23822 30.320036 47.217552 77.9524 77.66981 96.71287 13.540995 77.644775 58.905376 55.901413 14.368695 71.374916 53.06759 14.019543 77.029915 69.65061 48.287613
177 36.757492 38.15811 34.769882 73.28613 6.8547306 59.60683 22.521507 46.52567 96.43552 26.204426 1.6102254 10.425854 72.488525 95.66774 73.82463 3.3417404 28.46719 96.35195 27.824842 99.57512
178 9.449214 92.46172 99.98065 67.8432 73.81134 47.264896 70.24001 91.15222 7.531041 90.17726 80.66529 37.26468 94.91494 24.827839 52.966755 26.816141 13.981163 32.93637 80.82774 75.1057
179 98.409706 27.665932 47.60406 69.68653 18.752205 73.7465 42.45529 26.718605 31.606071 17.852503 23.303371 58.773376 20.163733 98.27656 66.201996 1.1244357 66.71564 28.750355 93.54075 24.80197
180 16.398132 67.26475 41.61253 6.6815796 91.12814 90.9371 97.86868 0.02914071 17.963284 45.43242 53.91053 25.205278 42.088127 29.293829 8.970624 78.181625 91.58653 5.969429 55.18408 84.23321
181 59.761173 19.590086 48.016644 32.30769 26.96144 73.97299 38.28925 40.35533 83.9492 31.277376 24.619888 78.11845 64.35096 99.66345 92.90593 17.873747 86.60868 24.706995 91.618904 78.30511
182 33.2574 32.766575 54.91842 56.530888 14.845217 15.617114 19.461876 19.353998 30.202019 3.1437814 82.656494 9.642249 17.202599 67.48785 50.144596 56.540916 7.113701 99.56764 6.5211415 99.692215
183 39.833652 23.241955 86.454666 15.071851 50.90845 78.48183 2.1320522 82.29946 8.535189 41.772766 8.700329 55.747097 9.548468 27.650816 31.372786 91.430916 57.648415 61.909782 88.15301 62.061058
184 60.20134 55.796196 80.5722 38.84098 27.471077 76.68638 84.10851 82.31001 21.07737 78.632675 0.54954886 18.935347 28.096897 64.15281 69.772575 65.06551 80.10457 24.158604 19.363546 26.606405
185 59.492527 87.48178 31.102158 59.281002 50.808323 85.62182 55.344242 30.059874 85.14177 46.742695 22.284824 11.334628 68.59455 9.273375 5.349642 53.250034 79.73114 37.474483 41.714214 80.47114
186 9.092116 15.837992 21.177435 13.26344 10.120797 47.066074 13.120383 11.391121 44.292557 19.571316 15.675365 26.838785 63.23896 98.95715 17.939657 48.14589 51.932056 26.84086 59.33212 47.183197
187 4.557669 36.8011 27.059317 47.03145 58.892494 67.35847 37.993874 17.342901 36.452354 25.985617 22.748363 47.835262 30.355799 35.508926 42.83993 29.608763 27.01701 38.285637 84.8862 92.574524
188 13.027483 96.660446 54.864162 61.785133 96.801476 76.926926 39.527 38.77499 2.9524565 43.909412 67.84715 20.622694 83.45674 93.96775 32.388275 0.37434697 36.278297 74.40297 66.16749 60.314
189 52.418762 49.659897 95.02791 63.494514 94.77805 91.19961 36.788548 59.672905 85.53087 64.32908 17.274708 66.6122 77.02672 26.569176 48.37072 35.4667 58.89929 17.318958 25.903303 5.067295
190 10.832638 25.700294 74.697205 41.342564 16.295826 54.671688 96.595116 18.383963 72.857025 25.974363 74.46466 51.887417 55.066383 77.47177 93.902664 45.53908 37.311913 16.28198 64.978485 59.583126
191 67.77349 96.1592 42.23551 88.0983 97.208694 63.29881 43.40563 18.766487 24.69539 52.621376 79.81173 4.0498075 88.83676 47.20446 15.976191 55.176132 39.82408 31.50257 37.069744 66.201164
192 2.983427 58.019268 92.8883 22.266228 36.14887 4.9233255 11.210955 58.164726 84.86362 65.550385 94.65911 26.18938 14.781904 80.6813 79.34459 48.242397 8.809691 90.87977 94.27796 60.19889
193 36.876278 53.00867 4.1317463 76.930374 63.478886 75.39345 88.75606 86.19312 47.307247 87.090706 37.876614 17.300028 98.66781 64.54233 53.530357 76.22247 4.7312737 3.8031578 23.688477 19.171005
194 65.78053 97.841805 83.66752 80.00191 33.907402 69.50587 25.638914 27.777773 30.578804 24.058258 66.92717 15.81999 83.05979 37.23344 93.764496 75.54118 49.049942 41.097416 65.48199 91.70763
195 51.580017 30.25272 84.31589 81.59153 75.06006 93.80064 5.455285 51.32776 51.511963 6.710929 10.8302 57.85002 11.917186 49.67177 86.42525 4.769516 80.03194 94.97717 97.404144 12.760383
196 29.050995 12.49854 26.658052 48.27845 9.531075 43.283726 41.97131 64.17287 39.722843 26.898844 54.070587 98.92663 46.92652 84.402725 74.4377 21.41776 76.01178 73.01381 37.786526 70.32444
197 74.472626 76.34754 12.205469 73.26587 3.2794297 49.88577 30.638105 93.698425 60.612713 43.467205 73.915504 23.258423 87.89832 98.500786 59.078884 45.007057 21.306658 8.805979 11.165327 46.799232
198 69.2357 21.041817 53.71133 73.23919 19.788927 78.22929 57.50958 5.4368258 89.716545 11.589754 60.996216 37.63749 15.856433 9.570914 74.22615 42.924656 5.2467346 25.326443 14.69912 52.31176
199 14.554829 75.93543 93.13171 4.932541 32.35922 78.23467 74.24263 5.554837 18.526667 11.293661 18.15623 69.69263 88.15319 87.35693 56.371082 68.14631 58.304222 8.637863 49.43697 50.39836
200 44.428276 32.865913 96.397995 30.026972 60.47431 26.217377 36.36798 31.835197 48.372604 47.51627 75.79462 7.9497156 14.912099 45.754124 49.342094 33.506657 58.745964 16.488445 43.991314 48.05989
201 19.175179 18.041498 83.84815 49.429886 8.706027 1.2018919 44.001698 6.8312826 10.669041 25.958984 75.13691 0.8096814 34.25775 84.366295 23.842901 31.3811 45.339348 92.68873 6.8449793 51.960285
202 0.7630944 70.35595 78.71345 75.91025 45.415997 63.79924 42.766834 82.12941 19.030254 64.93375 22.503508 84.86274 18.128658 95.86528 97.390656 76.289 67.20856 1.4176548 31.450813 45.370834
203 42.332695 91.42197 87.86477 96.49253 25.047255 76.57402 37.61844 61.64998 30.629284 30.304892 77.73703 22.05863 83.03352 8.838404 75.35926 32.23048 0.8326888 60.80705 31.11025 1.6262352
204 10.506905 33.90599 0.04493594 17.260397 32.532562 30.58737 44.782852 43.03628 54.054493 8.300245 5.0757465 67.58675 42.018265 56.894325 15.494215 78.03046 90.323326 0.21955371 60.55075 49.919933
205 81.9772 58.42219 29.570543 77.91738 75.84323 8.778363 84.96603 43.108704 61.14824 96.99631 33.06734 63.642067 20.535643 67.70038 39.92222 99.401 83.50604 6.287795 51.930683 49.104263
206 61.290764 57.588173 7.060498 61.53821 26.571857 16.886759 83.7502 80.10685 27.327633 72.08451 66.30988 1.6284704 14.090311 22.317272 75.352325 82.97532 70.008484 57.557636 45.016582 0.9669721
207 89.58188 68.95606 33.78331 16.674662 76.36108 73.38357 48.63972 21.319086 64.1748 94.32096 92.15727 30.160158 97.76951 0.4654944 15.435898 27.65472 94.63995 82.823784 66.39514 62.733578
208 3.1259954 59.321136 59.91826 9.919906 45.69677 55.836643 94.05644 89.336624 9.193534 85.88595 82.8643 17.154371 4.427475 63.799126 42.266346 4.9985466 50.010784 53.12091 29.25955 61.11151
209 44.032 2.098 8.16642 63.064987 21.878141 19.580482 69.80287 68.50966 79.17495 29.579985 12.368191 30.37023 80.795525 32.287365 66.46221 61.141514 15.820807 28.811825 3.5643458 99.175316
210 75.179794 10.57744 58.05801 21.290892 74.723076 10.581088 50.75342 0.4796028 68.27146 90.01937 67.96466 56.25397 59.627438 31.634771 98.45926 96.22329 41.84762 11.079937 92.758835 10.234493
211 48.7687 64.28191 99.87764 88.93401 75.68985 95.89756 78.00662 84.48044 11.385793 29.240143 23.058033 76.530304 65.7131 68.3428 25.369852 17.251915 89.74857 78.98506 46.0293 97.28024
212 77.74328 37.486023 3.8250804 44.058144 41.584663 97.86542 18.20398 55.323483 33.638775 82.659096 57.0272 5.573553 7.81433 67.37558 67.44648 90.70027 91.782555 49.48884 8.712757 95.7411
213 56.14558 30.23113 74.86635 59.49103 14.92914 90.59696 68.52642 45.793324 52.35153 75.271996 22.698587 19.455278 14.972335 62.102245 31.767284 21.26949 27.946394 56.721634 44.55871 74.46886
214 26.406796 17.627203 48.29003 68.57948 45.496075 55.959576 71.91102 17.093622 88.08862 25.20299 8.159172 85.26332 10.9438305 91.718575 75.76446 22.773779 6.3570023 69.28252 54.64294 3.817296
215 46.101086 85.49656 48.411 91.438324 31.661182 90.01343 88.74668 72.80563 13.847918 92.97746 56.447525 2.6991725 5.5438223 54.98868 73.72381 90.949295 83.60728 19.383835 23.372692 49.36971
216 25.164116 54.884113 82.865776 99.98106 35.30162 46.938175 67.72638 40.68858 28.500826 63.708664 59.36061 70.27862 26.270061 15.988797 31.039673 21.418894 24.957579 6.8344116 73.12321 19.635397
217 87.51871 17.859829 78.78956 35.902893 83.29969 35.539925 66.23832 90.001076 73.19648 77.11402 47.102962 77.18761 41.68393 15.491808 76.02097 69.62167 60.33302 23.670834 38.130695 0.4967928
218 22.999596 98.40585 12.687052 88.73171 84.645065 81.10125 37.81265 47.61011 22.821272 61.070503 47.240086 35.798473 2.6121497 26.424587 41.18129 24.120039 86.98077 63.98173 34.418648 38.291256
219 90.041725 8.861518 22.401344 95.07279 11.097664 3.0299783 55.412006 27.045996 22.988897 50.25155 79.41934 16.159225 75.36506 1.9959986 15.539879 56.51828 38.164883 88.22181 16.397459 97.40701
220 74.46896 21.054089 73.20566 84.56568 36.863335 64.698265 1.0318696 4.235661 14.726936 37.047356 8.170372 24.87259 78.95287 6.979084 48.40657 36.770863 28.363626 84.99133 59.55833 72.72881
221 11.628837 96.34398 38.209568 92.47496 98.29777 37.078373 76.99342 70.595505 91.38683 70.05215 67.93886 9.435516 95.89736 35.39695 31.878399 23.739868 87.075066 56.58543 81.15165 8.063978
222 8.86671 87.646194 30.067778 98.192665 96.9021 1.1220753 86.86087 97.49171 76.76099 81.317444 52.0482 33.38016 72.92112 98.48057 3.8589954 89.61076 57.581234 71.131065 22.228533 80.004944
223 22.78136 14.151775 22.049654 68.492 20.484411 46.95814 75.055 30.097462 50.43191 40.541626 71.7938 95.823074 96.85043 95.02308 42.405273 40.63313 4.9825487 5.17534 31.82739 94.04446
224 24.78003 23.874462 34.078323 64.707146 30.070919 20.368368 86.48379 38.021133 90.55424 38.428104 21.185558 94.982025 44.854736 39.74777 63.754696 3.37345 4.668564 10.327482 60.861633 92.97059
225 42.142445 66.012 47.149086 65.00027 49.761658 10.933185 19.95191 24.689495 59.19505 36.445744 56.360687 12.862968 3.0905128 44.444435 65.19665 48.316376 62.37653 97.960434 34.430004 53.758957
226 67.16122 42.97223 87.92041 2.706194 88.09981 71.81005 62.387943 97.59837 38.70628 62.824757 22.348278 26.969904 99.40955 99.63552 46.2937 84.608086 8.40661 51.83261 98.40902 0.7915437
227 50.062965 57.12026 86.13044 95.921974 11.588216 41.232307 42.248333 32.757114 96.11381 19.292862 41.197987 4.1768193 43.58083 52.443207 0.6637752 39.691597 58.77498 62.39234 52.442707 63.018185
228 12.507564 99.014435 19.286234 53.84792 21.72894 91.21482 68.59029 4.830903 26.981789 7.0845604 48.570972 66.76441 41.07524 87.98975 49.99818 14.543838 6.519544 73.888435 86.52473 68.70493
229 56.74867 89.087425 91.81997 74.018906 58.432613 33.16184 92.58344 70.818535 20.51124 9.238738 16.374992 26.319296 86.54967 98.73609 23.168724 3.50312 97.515656 49.451668 33.542084 92.06212
230 84.31972 13.181103 46.189083 68.930275 55.957478 44.438343 57.54725 81.095955 17.68431 37.04686 89.115585 88.28609 32.47776 28.119923 98.69074 81.90358 21.561771 76.0696 63.249744 25.005377
231 49.747364 21.655893 19.359964 78.41582 17.868912 58.65043 85.41463 84.12453 67.05885 77.448074 55.100143 39.33207 12.712753 43.98065 87.538605 84.850655 64.77118 44.698437 53.565777 48.578728
232 45.716595 62.37912 64.46437 78.54249 99.09719 57.354008 76.85146 97.196495 45.40208 63.72383 60.804157 37.52126 14.9931965 83.650856 46.00153 36.732887 91.13065 77.30093 38.77533 71.477066
233 71.8046 17.973011 80.423706 2.1264553 94.31511 66.96097 0.6889105 37.70932 18.84114 40.37131 99.48288 48.104267 89.44377 99.16368 62.126667 99.03726 56.199497 16.840803 8.726608 7.274449
234 68.916954 28.308655 84.830986 48.93928 29.921097 64.33447 88.99507 70.38063 4.7773123 43.691074 81.94473 67.32741 39.966892 58.494766 43.093754 9.595501 75.122925 15.48788 2.4767041 92.33592
235 84.510925 19.213413 31.757938 14.265603 53.32363 23.37106 86.731705 93.601 24.698608 69.38401 48.314034 85.17975 24.118572 50.661415 59.93222 10.730398 30.285484 25.590504 39.74331 38.218697
236 62.25462 79.37733 97.37234 77.01049 58.466656 45.978905 80.779564 1.1536479 46.532516 27.09955 51.182472 82.8701 25.726503 30.188221 47.222977 48.39658 84.95964 25.264496 76.147064 46.218567
237 55.68303 38.97071 14.828157 7.665324 95.165215 50.314827 30.00545 47.4979 24.670542 77.01027 30.925226 89.811516 18.315893 84.07757 52.279495 56.136734 81.199005 61.45188 67.35852 38.46992
238 44.476723 97.80642 44.909946 22.066338 85.447945 80.78375 65.37823 69.7224 92.69436 25.516325 87.84647 31.056606 0.5970895 33.96778 25.79627 73.6303 20.036644 16.554707 23.224974 25.852562
239 69.06598 28.092999 81.01821 79.27408 30.404514 34.795296 32.878788 76.43976 23.628622 4.3302593 9.48894 42.848923 16.139359 2.406764 15.6687975 42.239388 15.889347 56.595673 17.640764 4.4007006
240 93.280876 69.8399 43.480705 6.631583 92.75038 5.0839305 19.60799 72.94639 84.78765 30.493324 37.72599 79.92837 15.271026 87.71176 90.773224 42.008408 65.11449 88.45938 61.796444 60.76483
241 93.71312 36.515553 57.636116 8.0024185 4.247856 30.81786 69.16034 17.850304 7.5868073 13.176096 13.546312 62.453396 39.632523 52.13719 81.65165 4.1185436 90.155235 88.09735 17.517817 55.674736
242 60.37972 28.158415 97.99195 43.5389 83.12641 60.845036 41.643208 84.33062 9.729123 38.079433 48.69805 37.197857 9.154719 36.254704 81.55143 38.21159 98.94397 90.42279 20.26649 19.73318
243 67.29452 90.14792 33.904118 52.589 78.65057 16.161991 68.889465 59.800426 29.692429 81.349014 75.1008 51.673508 32.090836 54.59776 31.94496 38.974316 6.574619 92.573906 46.164494 35.98863
244 38.837902 72.41689 24.11719 62.33505 50.97992 11.766195 60.204582 61.87988 7.232624 24.432861 74.24173 50.962418 94.70905 97.584854 0.90501904 84.915665 89.13017 85.698746 18.83291 41.658054
245 42.60488 8.001577 73.16141 90.59604 71.50338 58.999466 18.739414 72.43899 3.5481334 9.344858 0.29144883 15.570503 86.03137 89.1716 6.487364 63.69322 3.44733 24.631739 36.16899 70.47646
246 90.00891 96.26568 3.6082804 14.360666 8.021677 24.657047 75.18257 11.544842 49.744297 73.257034 69.61273 20.100689 81.31964 13.063919 98.095375 72.27964 1.0701776 80.8278 57.25868 86.12975
247 19.6859 7.4982643 87.68416 58.803356 70.67424 11.684095 52.37696 51.260654 30.283653 72.95367 84.46029 32.87037 16.663193 89.938805 70.75435 61.647392 68.29891 20.54233 29.827345 55.085476
248 87.105934 17.281605 69.43821 32.837284 7.59784 45.18131 61.70488 37.524994 1.2586534 76.974686 5.3149104 16.954756 95.877884 39.062397 85.94927 59.74297 29.756588 59.153538 39.927357 48.188675
249 37.247765 84.27788 45.82794 35.05522 87.26429 76.47905 46.23553 74.22806 52.691086 97.60312 51.354336 75.02897 53.90833 97.87813 20.386887 93.888306 92.012886 73.19117 10.466635 89.26622
