250
13
0 97.74675 17.482174 33.874302 13.352275 38.248764 25.588953 46.55144 99.13427 12.749916 11.74823 49.47356 25.680183 20.944363
1 60.674625 97.2112 91.85553 95.40428 37.568195 14.827007 64.32588 39.277237 95.10141 12.005538 11.71754 93.71189 67.40421
2 82.591034 60.527534 52.00436 73.35199 23.776484 65.19479 28.662395 55.915726 71.08631 55.778473 52.91362 91.60177 85.764854
3 96.28993 8.045488 88.79753 43.2895 49.129147 2.333039 1.1684716 12.599945 73.335175 82.7196 52.453552 31.464762 71.33738
4 88.96401 62.724293 34.447723 58.26501 70.31523 89.36507 75.50467 35.125393 27.143908 24.967701 70.717094 60.596977 1.1370122
5 0.5946815 20.491367 1.9152403 75.991455 18.34615 21.227629 2.2832334 98.938194 19.073963 49.555122 87.152695 26.360733 86.940765
6 67.37113 84.14654 95.276794 5.154896 11.799163 98.692825 39.127384 29.76849 73.55333 49.78978 90.32272 9.36228 41.87566
7 65.708786 34.0532 86.52664 80.0808 88.6693 15.270084 6.366271 57.739532 69.198746 22.322958 82.19955 82.66222 6.447607
8 21.919525 28.901178 66.17282 29.403925 47.82012 39.966225 0.8218646 17.792343 23.530113 20.68885 1.864022 40.314262 52.3055
9 82.49284 47.777443 84.4638 37.70074 83.3818 75.1431 66.926285 7.885724 67.96299 27.712662 29.834152 36.826157 14.123464
10 5.9141693 37.03122 66.50607 49.093605 2.8796375 9.907436 94.58263 17.529858 76.89457 66.04951 60.67475 0.90352297 92.59447
11 10.460007 27.933847 28.728956 47.960026 50.791294 52.223503 36.146664 88.94358 70.09697 73.30741 2.5512397 35.212456 56.010662
12 66.63191 16.090948 99.89726 99.82097 2.8775632 8.046829 73.32798 96.23469 69.29065 68.71877 59.53065 81.135345 82.30012
13 17.21155 47.80938 84.5867 37.051346 46.44448 77.18148 76.75464 94.78044 92.13654 4.9585342 80.18635 53.508514 91.088554
14 32.627617 80.67096 8.015734 55.752842 21.700794 16.197468 9.681744 25.118076 62.746502 67.625824 40.33774 77.92447 44.83462
15 31.707848 23.113733 55.05723 26.622385 75.96254 90.29259 20.850664 89.84634 62.363506 97.87272 55.49149 80.69629 72.38521
16 29.929071 65.569756 23.121082 67.04311 35.545223 0.2332449 43.307316 2.3261428 26.22741 84.81446 38.197636 80.84671 73.028015
17 20.9867 78.85307 25.424171 47.385185 36.550095 76.656 88.28602 66.77545 3.243804 85.80076 72.04232 31.087715 27.234554
18 37.293266 4.801923 65.13135 74.162964 29.909397 33.803856 40.42493 34.170662 63.43443 39.598076 10.472083 97.82665 24.27748
19 18.801659 9.777254 82.278755 97.54144 88.26772 91.11021 69.543495 21.209496 60.43666 87.77801 42.199207 44.725166 69.80428
20 19.255548 92.755035 47.39843 67.766716 17.369974 53.841763 92.331055 79.324356 45.803577 29.626995 83.55028 44.798244 54.00911
21 82.33053 91.46127 75.19523 35.318184 39.54904 62.330746 86.3286 12.228256 81.75049 18.111753 57.2471 15.298957 58.537132
22 34.39284 78.74812 48.059155 76.18343 96.54481 21.363712 82.670555 26.926458 31.248367 95.636215 30.221008 67.22837 85.58357
23 94.9831 97.4044 42.76305 35.874916 80.03713 26.519125 42.53322 99.70659 67.90381 18.28068 3.9462566 57.204014 47.976345
24 33.557213 90.82192 61.136894 33.279778 39.021225 3.4440994 93.01502 31.079668 7.652235 25.482977 56.561436 44.800716 64.37155
25 58.797855 57.263138 0.0826776 12.7506075 80.99247 2.6831985 77.79302 25.182909 89.65188 42.498894 75.56903 87.18002 74.27666
26 8.499617 54.339283 69.14291 5.1891685 85.79044 37.451954 45.23105 16.576368 59.017365 55.50322 79.525986 27.122658 7.4387493
27 90.51389 71.84795 20.457167 35.055126 97.35956 68.182556 53.286785 95.77968 29.745275 39.11831 71.31674 26.852041 91.76729
28 60.958336 61.893486 18.496174 76.27397 71.78619 23.072512 95.39137 47.68735 43.8331 67.16116 51.117157 22.352774 15.673733
29 33.669853 84.66482 94.33478 66.290665 63.294853 26.759089 32.17322 17.681187 77.633194 90.544914 23.567945 4.779589 35.690147
30 27.669842 94.199684 8.945632 60.089256 47.49871 55.65629 73.59676 75.75326 58.763493 10.268414 93.77369 9.523922 3.0679107
31 29.93114 33.12372 8.873815 66.08848 36.87211 86.12381 44.99091 11.856675 9.812146 86.068085 33.85671 89.05066 64.85142
32 2.6987195 97.57286 95.70984 70.31573 71.2103 76.51388 64.21644 35.140305 17.118948 15.602243 84.83075 5.3896484 61.128414
33 80.136215 30.650318 40.26328 3.1833172 98.4814 75.77917 52.281487 45.471424 91.21065 21.9949 53.958027 46.88257 84.898476
34 16.606373 80.636894 34.574104 50.016563 68.88048 64.598114 86.61751 67.817635 56.825577 35.13684 49.554245 62.630802 76.755005
35 62.01563 48.98294 20.829117 80.48269 52.221333 74.5056 13.389349 88.85453 41.87511 83.514206 98.27681 74.28337 93.81038
36 33.99766 74.99902 91.787575 46.925335 63.952873 15.03796 69.54921 53.921215 24.815868 87.26146 72.08633 60.256584 15.873682
37 20.91161 36.716698 97.69422 74.723816 4.7666016 86.08111 2.1167457 50.92473 59.279568 4.1597247 86.57797 23.001278 58.932148
38 62.583645 58.890366 36.468132 40.035564 19.30716 28.287495 17.60987 40.41021 18.1185 90.520584 6.068534 62.735397 69.34386
39 65.637764 2.0606756 84.15173 27.82092 20.954561 21.0621 97.50276 31.224573 84.46795 21.405739 31.313896 61.623352 15.118986
40 26.34858 68.43277 26.297028 77.61021 11.248207 49.7152 64.9817 85.48281 4.5843306 87.0668 13.521278 49.219875 46.26336
41 17.68748 36.146282 51.440304 22.114367 51.96971 67.08945 81.772545 15.445482 14.943659 27.861511 95.54822 77.266556 64.52228
42 49.190895 16.646475 60.143238 18.474442 80.38198 22.07666 7.0412817 10.748792 6.7346516 18.44722 57.91881 71.50693 74.82176
43 25.384039 81.76508 24.331839 92.031906 3.0947208 60.363735 79.202415 81.10758 18.302298 18.936872 76.923195 31.758345 10.1810875
44 96.22702 86.04028 63.185265 54.019253 77.28059 38.441967 45.956844 91.22097 32.55883 6.7294836 95.63306 98.87092 49.928127
45 12.257999 49.408096 67.15439 46.045567 15.0084915 40.46406 78.007164 61.691822 77.99063 51.387638 80.82531 94.30999 42.839287
46 30.654114 21.070087 89.54553 68.10996 6.644493 33.14756 92.67252 6.270349 7.8101635 80.825134 67.71894 63.609844 60.377808
47 45.28285 95.71769 53.638214 65.39837 84.110794 9.219503 18.728703 73.05448 33.39403 54.982082 26.796734 56.079746 1.5235722
48 74.13189 15.026426 7.1020308 17.400057 74.17826 36.70761 31.955332 89.930466 41.704716 1.0826886 6.82739 10.647154 11.591154
49 80.99535 99.901596 70.202385 98.01965 95.66385 5.3538203 53.524315 85.631714 72.96436 90.68086 51.487286 33.948128 19.412882
50 47.93436 60.78932 24.004793 9.095335 60.14025 2.89284 59.13592 72.94855 29.69184 49.734688 59.54613 75.18276 63.566708
51 3.6242068 76.91621 97.71738 7.6517344 4.311514 16.505945 80.04472 70.14456 73.42314 32.336735 40.023636 61.87557 8.942175
52 49.90418 10.130906 13.465762 96.58062 40.896935 88.370026 48.56912 54.99128 97.555244 18.374044 6.172305 4.845768 29.125881
53 69.57324 9.230852 82.727516 79.457596 96.27475 82.06365 77.22985 69.79241 70.07625 74.22263 72.097336 32.46643 29.479105
54 67.38144 48.00467 74.32351 95.46054 26.58605 36.74463 99.51498 4.002887 24.487282 88.120636 12.9175005 93.36912 72.494064
55 7.4489355 2.123034 12.776035 55.77858 39.820534 68.87369 42.882683 98.41933 13.517893 12.528694 10.32517 3.441012 39.400665
56 97.82015 56.84882 81.9165 83.65805 7.50193 77.18183 31.515472 58.872128 54.80655 52.745636 62.857807 91.4613 29.74655
57 84.99841 30.760973 33.70031 72.6392 22.368729 75.02707 64.88258 4.7694087 98.37343 43.92392 20.851982 23.37048 70.96214
58 84.16908 63.94773 61.19367 10.032159 69.27829 49.054707 71.51503 2.371037 77.90749 6.418663 80.715385 82.27846 63.67985
59 81.474396 32.35026 98.37593 5.385864 87.256325 60.25042 59.527718 32.881706 9.942317 81.56892 77.575264 70.052895 94.46018
60 3.2913804 24.250872 66.487236 39.414013 23.586481 22.01522 37.704224 71.226204 70.09184 91.80359 47.670383 1.5179932 14.966536
61 28.222597 33.709686 12.353706 7.0178566 78.38443 43.672337 56.85304 56.712086 73.37872 68.29623 11.444592 44.254326 30.760366
62 62.08728 7.118833 14.581388 87.07931 46.82309 94.67686 98.02659 76.41732 40.07901 40.215153 0.12154579 84.457245 93.177444
63 86.79751 38.59508 38.43831 18.924023 74.12082 46.773674 47.40233 38.734787 55.468323 88.50367 60.680916 44.655643 48.66442
64 45.188324 37.193996 6.770033 71.21111 96.910034 5.7206097 27.08761 38.22441 59.800224 84.07008 52.771587 1.9375682 95.298744
65 20.545881 84.12441 22.947157 34.746284 27.086765 4.8020124 33.411835 77.47587 13.135588 96.01979 61.24723 11.371279 71.08176
66 84.86548 69.98246 62.466152 46.81871 95.12336 52.154922 21.850586 86.635025 82.18333 23.533487 92.781685 38.710857 20.659607
67 62.50195 93.86948 3.6280751 92.34584 42.842834 92.50362 43.541813 75.21208 20.986843 99.83382 39.33519 32.499344 70.39935
68 59.71604 14.83261 29.839802 48.837532 10.746938 57.936756 92.044426 39.218204 96.053986 61.65031 38.13151 5.089259 69.67285
69 79.92705 80.76243 38.30753 82.474884 61.063217 36.007656 73.42185 82.61588 47.095753 91.853645 82.17767 94.8358 43.93865
70 23.708487 7.0509615 35.68217 1.5945673 6.062192 17.147457 15.456116 44.870113 49.160965 78.34401 86.54851 56.05735 24.878914
71 85.19024 37.568222 95.7901 37.795746 50.63199 45.549194 15.824127 35.75501 44.676 78.40631 47.219265 42.88968 1.1142492
72 57.10172 64.02641 80.32556 16.603588 13.655978 21.122425 22.637917 75.80426 15.727293 35.623432 17.833519 84.78099 21.085262
73 34.9862 85.41391 50.139763 2.5823176 87.43562 50.261044 28.899431 74.399925 88.002625 83.05418 2.1820605 8.202094 17.804039
74 3.1166732 10.560471 59.71401 67.13784 73.50889 79.25441 15.068304 1.7111719 36.392963 64.05371 96.498886 13.38408 18.828148
75 53.420597 49.646694 85.03084 93.90092 66.04574 32.47189 86.63819 32.207523 16.380579 77.70193 25.031746 86.00363 71.329506
76 47.608364 81.41906 38.69578 60.160595 8.981395 73.3414 40.71327 5.3963003 46.308308 75.03102 68.17114 26.401192 97.770065
77 72.28407 51.18172 98.83107 38.721813 34.799896 56.32167 84.097275 74.353676 75.8385 93.80672 33.39491 12.33486 71.652695
78 89.61912 13.320065 19.087584 12.418157 90.49168 45.146896 73.13994 3.5817325 93.65454 30.751663 95.55386 78.25883 41.03878
79 96.07074 92.06334 84.42823 30.707895 91.78872 92.19931 87.40527 57.22149 82.41001 26.793873 60.940178 42.052578 43.52242
80 82.88227 7.1210203 88.77368 95.27886 1.7553508 44.203735 43.25018 83.0778 5.916238 76.00186 43.349476 87.1037 19.687647
81 20.316833 56.569057 96.59631 78.483406 36.15626 67.44884 26.064188 47.14916 79.5684 43.664787 15.571117 8.701563 10.522461
82 73.37065 39.940655 63.225746 13.405949 83.78908 29.295498 41.162735 21.724314 68.44633 60.637886 85.82928 14.119017 28.047836
83 34.86064 73.422226 79.824814 67.123375 81.14376 93.191216 13.435197 48.60791 89.43962 10.701883 62.91844 43.909855 27.79454
84 39.50458 13.120354 93.25592 53.52036 83.98154 76.710266 15.756864 32.4566 23.140133 93.19384 50.341606 78.30101 42.68765
85 7.0620656 26.147926 61.59809 3.460431 31.514341 26.891851 95.63721 47.34855 72.9425 39.98015 22.211855 77.977844 32.261253
86 43.560577 14.730948 29.870575 46.300453 48.263824 18.16467 25.450546 40.23126 54.08364 16.177296 59.49976 30.087906 24.733234
87 74.78565 92.48283 12.889081 4.0365934 61.03526 51.068733 75.990425 72.65304 84.370514 51.29416 32.75612 53.94729 0.26538372
88 78.78882 79.380554 49.420937 50.766045 84.543594 68.99006 5.194032 78.177246 13.632238 10.591417 59.0087 27.313042 59.444153
89 38.903202 83.62406 72.4558 85.2598 28.814919 57.850117 49.163723 37.874393 77.68662 55.45584 2.8862298 80.48422 77.76072
90 28.475756 58.353245 31.791735 97.75204 72.78283 71.073044 29.419773 80.669586 37.010902 7.9930964 53.975338 7.87251 71.87492
91 64.24957 97.753815 36.356335 5.5944023 10.567456 32.97333 66.6979 76.47814 67.69997 98.98612 67.66496 98.84254 64.55185
92 58.10245 65.240364 90.441536 82.36666 64.016846 89.05035 44.673508 53.43675 95.4453 68.569824 99.25464 36.891872 57.12446
93 40.9581 84.124466 61.7271 69.01344 98.22861 38.45737 16.642635 7.1597633 85.25603 72.2345 93.6019 32.592083 3.7695348
94 28.38841 6.194532 30.69256 68.177864 32.633274 11.656338 67.254654 54.340534 19.36686 56.300194 59.882523 35.0718 2.1665454
95 35.51228 27.13346 79.38412 39.15595 41.544277 52.006042 24.703491 88.70616 53.07115 21.754986 1.2889326 85.43643 70.68755
96 49.855988 79.945175 5.233449 0.79653263 67.09642 32.225746 60.021317 48.12834 82.641426 86.38966 36.35149 63.65203 59.492226
97 52.419193 98.672264 61.960625 45.54955 90.75978 39.573013 30.183428 26.617504 47.751545 10.632175 91.78346 72.792175 56.941254
98 83.04712 13.722187 87.99762 60.86417 5.367172 87.71767 23.744446 89.04858 73.82948 16.80079 13.840896 1.81669 50.51521
99 71.01101 34.69327 88.14087 36.367065 72.60869 5.4641304 71.88381 74.667336 46.164356 49.74857 12.036478 59.55964 44.680798
100 33.178265 77.21385 1.3617337 94.68663 33.630108 76.13226 42.57719 3.9989233 58.224094 47.84279 76.54934 41.387566 86.32831
101 67.21541 34.55318 31.299644 34.1957 31.952238 30.793922 45.542652 25.04719 41.962814 81.34051 11.620522 30.361908 5.279076
102 99.59832 71.315895 72.373024 47.154938 63.708103 97.979805 44.39354 21.229141 10.502445 34.501278 91.2723 29.588163 35.672695
103 21.57296 75.22734 28.51687 33.977688 5.9450984 37.307827 0.2516985 49.101562 16.982925 8.144533 0.04734993 86.64601 75.93675
104 56.371834 79.542114 81.28853 12.638819 23.615091 49.2767 69.98122 48.406525 42.27031 78.120575 65.896965 9.121579 79.05622
105 58.43133 25.403559 38.944633 82.652756 61.474945 64.47976 30.902975 28.376263 6.7360344 87.55793 96.45667 64.06676 5.3309083
106 5.7278633 90.71785 38.02291 66.19551 21.569597 54.69619 77.32703 73.76328 62.665184 50.007725 30.227291 27.49344 37.20058
107 46.966084 62.92356 42.190804 34.19926 93.73707 34.233006 29.21763 83.083435 84.95624 62.85391 43.394585 46.75334 63.372047
108 54.52208 89.88946 37.588287 10.985541 0.049436092 36.282604 94.14698 7.9246044 71.39727 84.170334 29.382837 81.84233 89.47597
109 84.32946 89.45871 19.703108 73.75284 62.13723 40.373875 31.967873 96.02401 83.452805 11.295718 18.774122 86.4637 83.66421
110 66.4728 93.90361 93.464195 97.544846 88.7118 38.12811 95.545334 28.716118 37.506695 24.723309 46.028496 43.959312 83.95641
111 40.155075 93.084564 48.755253 26.600027 98.59731 29.58811 20.961267 0.30392408 64.27462 60.914127 44.481384 11.481452 77.6867
112 32.934006 84.479416 63.403557 65.427895 87.10125 90.76999 85.4237 66.2411 31.32621 62.4572 98.90717 53.627544 62.543507
113 80.94304 53.90362 86.07452 4.2631683 41.681416 56.572998 85.87473 36.3126 29.401375 94.57332 85.5194 77.332634 74.173775
114 11.610293 93.49079 17.859554 54.167015 2.7622402 8.510006 4.0406585 28.063107 7.7210007 50.274162 1.7922759 59.02851 92.48399
115 5.621773 67.67549 51.312836 93.11102 99.88187 56.65927 48.751766 73.80051 64.69434 75.548256 25.760263 40.685093 64.44761
116 63.020874 40.21343 81.40008 75.0915 38.36255 63.631596 36.7056 50.687336 8.062035 77.33347 86.374954 16.70218 76.0001
117 39.02816 68.38731 54.60597 44.098305 18.327969 83.437546 82.46252 67.66995 52.836864 40.215946 41.407562 96.549355 40.072884
118 9.193808 1.4794827 69.153694 1.0993779 1.2205303 43.324375 63.302155 96.263885 13.595867 28.76277 52.789444 54.08214 70.99526
119 74.81851 81.858246 73.57701 76.325 7.1219563 86.872375 56.120895 10.958505 11.973214 53.25762 13.179379 32.609985 86.9622
120 60.30993 24.770582 99.15264 20.879055 2.494073 3.708738 48.864735 10.512084 75.65476 61.873722 31.830126 48.43363 23.984617
121 6.235117 67.533005 28.443378 79.04881 88.866974 93.13724 8.21166 7.6283813 41.737503 22.65696 18.892939 69.14694 83.97805
122 5.3987207 3.9255202 66.08774 57.272835 12.940157 21.573013 28.74884 29.921907 96.82271 33.484764 87.14738 88.2842 7.454544
123 82.95687 52.652897 77.2872 0.8868098 7.7762365 16.35462 51.389767 50.644833 32.452385 3.15606 91.01123 32.23258 0.024825335
124 34.61663 34.513317 27.912724 74.02725 10.658831 75.17333 67.58713 13.9580965 33.028446 99.3619 50.81711 82.92489 50.99448
125 64.79389 97.046974 21.986311 2.9276907 75.02563 21.80546 42.911327 73.38713 32.408207 1.0004044 78.222786 53.020096 0.86922646
126 42.395546 45.918743 23.353106 81.891304 51.03162 55.40756 37.392212 71.90432 35.855274 3.0023515 3.3953726 92.34199 29.340565
127 89.660835 28.3256 50.47616 65.68278 83.20307 41.00094 30.791409 10.52947 42.480873 96.04921 34.367912 44.56729 5.209094
128 88.23621 74.08331 52.048027 5.514246 63.914608 13.320178 45.01565 55.635406 60.1456 67.4805 95.155785 80.36476 91.95106
129 3.4829557 42.458027 97.29091 30.193632 0.38363338 86.951675 63.070457 4.355377 22.461843 44.400303 60.978794 40.151154 98.005936
130 95.837105 50.866604 17.193932 56.38965 85.06958 85.17639 49.111263 11.929112 7.720107 67.465675 41.441982 74.849335 94.003105
131 79.36659 41.730804 42.17294 58.334988 72.32374 33.45815 69.49355 79.15986 38.84384 39.328373 38.743073 78.24283 79.225815
132 40.08932 27.850616 0.38787127 31.493114 9.130067 11.578483 1.3948381 60.01123 38.82428 5.076456 47.459435 10.34162 46.73912
133 24.402147 15.582019 50.373077 4.7616005 23.306297 78.39001 79.608185 14.81604 60.185516 13.660717 6.4043226 45.6304 10.779631
134 18.38572 56.52649 56.990738 23.769342 38.135483 82.92633 33.69987 91.05647 67.51831 26.393843 70.18842 90.640594 98.49659
135 17.62377 29.136335 46.412403 16.104984 84.09812 10.836273 19.946987 80.65137 8.623404 33.214275 8.894462 20.774942 91.80118
136 30.827845 24.537992 60.85469 67.39215 31.760288 77.53943 51.332928 59.507877 87.65748 31.152843 82.73535 13.6935 89.30662
137 20.90075 78.78423 72.92558 49.797207 69.83355 55.331688 54.829323 32.653732 0.29955506 38.264423 51.31996 23.173475 3.2224238
138 82.49088 57.507652 18.888832 41.11014 67.12098 16.998356 57.51164 43.611233 39.553146 77.41505 17.379969 86.90952 88.02299
139 97.60313 52.350872 8.440601 71.933075 58.935623 47.86312 94.4653 79.72881 62.572968 71.69264 33.40565 2.0270348 55.447052
140 7.462126 66.305664 54.020714 15.930957 93.53089 96.405785 95.81693 49.237106 88.32919 72.00979 36.319263 28.984005 65.92214
141 5.2835703 58.606815 69.32254 34.566135 79.37656 29.619152 98.56901 14.7892 67.62962 0.52052736 15.315569 12.184387 2.2737563
142 26.642204 59.15693 50.311928 91.88763 36.704803 95.97128 69.08434 73.23997 23.481918 60.42673 48.543964 65.57542 64.62367
143 82.162704 43.38221 65.80531 79.51822 45.846813 42.804317 18.64527 91.39641 55.768513 37.885414 24.017096 63.009518 32.352554
144 45.427917 7.83844 67.82283 8.321703 16.114962 4.80091 19.523579 96.384155 34.619457 51.346165 22.555822 6.255645 90.99609
145 2.5571525 1.247114 17.349947 83.43986 2.1711886 79.822815 93.19749 71.18605 4.7875404 99.21842 16.005875 78.365 73.291115
146 87.163864 43.99696 1.9804716 22.565662 27.655792 52.292896 73.3914 18.056726 75.845894 20.041931 87.83764 50.310265 19.80878
147 14.849663 52.323784 25.215603 25.928562 0.9004593 11.78239 35.589344 8.137983 42.718662 26.664495 9.533262 10.399026 83.442276
148 73.29921 81.57781 78.13307 68.68979 79.43509 66.19118 48.35909 46.330894 50.79664 62.310833 4.707676 63.27613 76.295334
149 9.973061 5.9396505 75.140884 57.32279 4.0196776 2.8636336 88.49246 4.485154 38.7077 45.433735 31.343174 98.934494 74.606346
150 50.19599 41.40777 67.40032 44.518852 38.080944 27.014345 63.970203 27.707684 67.81407 78.868935 58.02248 46.139633 24.002426
151 36.364323 68.44928 67.81944 78.38286 66.84337 57.959724 30.880802 23.976862 35.0402 57.918358 38.595135 95.24282 90.50439
152 60.513695 75.79954 82.06456 8.651936 19.287586 87.703926 34.945213 94.483635 95.97458 64.19722 45.52784 13.079304 87.5478
153 28.526777 87.04378 96.64084 45.25546 25.781757 69.06267 0.8574605 41.731697 1.4890432 19.612646 33.25189 64.01254 6.6621065
154 64.0476 50.301968 72.08044 35.97262 46.71443 48.692043 3.5581589 18.799597 0.33259988 47.022293 66.098976 27.520227 34.920776
155 38.491787 7.158285 27.622705 8.031845 71.08609 5.0319376 74.438736 79.99231 91.06869 80.71687 11.219013 19.850784 37.33491
156 84.26368 62.928288 41.953247 50.489418 85.384 64.85007 40.669315 21.21526 71.24447 50.5082 87.05013 40.29184 76.28539
157 30.491907 30.419285 77.97705 92.76699 73.780365 48.462902 46.697746 16.355783 2.6859522 38.735916 29.205078 99.7653 98.46531
158 84.14057 58.47292 27.168816 99.19229 35.42918 47.387142 92.280716 37.16565 79.76261 0.24154782 99.691376 87.76897 39.51255
159 16.585796 99.837105 83.45612 17.580963 76.2382 77.05036 28.85831 61.34298 85.26917 3.1904638 49.669075 7.7766476 62.281044
160 38.68497 28.043228 37.36727 55.96931 52.26538 50.13856 57.96883 45.17602 60.668034 91.84328 55.03663 75.67493 82.06377
161 41.68608 38.642956 10.812253 0.5146265 45.75264 36.64229 0.7287741 53.428684 18.775105 87.51871 24.884874 56.456802 4.3789206
162 75.14177 10.4879265 48.76888 62.031525 84.25718 33.482273 80.9481 80.12383 92.48661 35.118847 34.197353 55.72123 18.410915
163 34.700375 86.07185 79.05388 21.528852 44.637047 59.009766 22.295946 68.14889 36.99756 64.56243 60.441025 96.27487 18.664753
164 1.0262787 70.26274 5.0429583 25.17938 64.30856 29.910624 72.07179 79.368034 82.04308 15.402251 41.08074 0.7033348 96.49324
165 95.21573 87.25286 23.648268 71.4874 14.755142 38.0741 49.419266 27.934843 38.36389 20.834673 34.901012 68.34259 47.81598
166 6.7611694 16.912312 6.729025 48.154755 97.05063 89.51874 1.5074611 90.01803 33.15379 39.290558 96.95147 13.143784 36.821247
167 98.80203 16.97669 49.862217 83.0612 85.56076 52.96637 96.629196 58.703537 43.057285 26.576794 82.93785 52.22457 16.661013
168 46.795982 2.4666727 87.42781 61.396988 77.46481 53.6024 49.126083 55.77012 73.04152 93.34796 36.822044 58.12232 64.1946
169 88.232 20.290024 94.68926 95.00588 41.63698 95.74 74.55571 45.878063 52.723988 53.772266 31.892216 62.95402 76.93865
170 60.550804 53.80446 49.816513 91.32734 25.538504 49.2662 30.856586 44.283028 25.81432 95.174774 39.94999 83.8962 85.560455
171 86.616325 21.497982 2.1391094 65.957634 54.819 3.5698712 14.306503 15.713131 65.68217 41.489918 70.42998 15.084815 99.68669
172 62.962925 94.04503 29.935276 48.716045 27.516674 85.30263 79.493126 62.96407 50.002552 51.87481 28.618813 90.59809 13.04872
173 29.613167 98.03566 80.924 91.17559 83.00044 63.82226 58.014225 40.79603 85.920044 99.16137 13.472587 38.130802 49.301125
174 19.656801 44.398724 10.333151 2.234733 90.28024 63.666145 44.557632 35.969143 63.072674 5.144036 42.61267 69.86181 55.042503
175 15.086115 34.0518 99.28571 74.27749 74.00609 63.49436 87.366844 27.187336 0.19734502 25.596571 85.285805 23.14691 98.68431
176 56.952114 25.0431 55.80775 97.67878 83.38652 59.708183 18.242067 51.231213 15.281123 10.204565 76.195076 32.2036 35.94302
177 65.89605 18.427038 27.24725 18.41278 25.215244 52.867393 16.25939 65.81858 19.20877 63.583572 46.742386 7.355094 47.371517
178 66.95322 30.33693 5.6595383 54.024197 50.549103 9.096688 77.81139 62.58638 78.792564 85.1798 88.99458 62.555885 53.158115
179 34.727924 9.190315 53.281445 8.434492 47.77493 94.83893 3.4790158 61.145813 46.874977 61.50542 94.974686 41.651226 41.377754
180 94.051796 12.753254 91.67675 8.33171 18.072498 95.75878 87.15548 49.103867 52.357567 19.050472 9.39033 30.016624 25.448238
181 78.19713 81.89917 60.482224 70.03845 51.839626 76.1087 10.939491 83.713875 34.121426 65.6478 0.85338354 41.529297 31.450706
182 39.731598 52.426857 69.992485 79.396996 23.466522 74.609474 99.49273 47.334267 63.346577 13.394195 35.999084 97.92877 25.320118
183 35.01088 67.42566 63.252323 90.212036 38.003178 6.4574122 92.01323 75.68047 65.67788 82.44557 36.281334 38.02415 92.21831
184 19.377851 49.598164 22.851742 21.843838 65.62793 0.277102 16.758091 91.57807 91.47577 98.09474 67.66473 33.069714 11.113417
185 43.846226 68.37734 88.921394 62.419945 39.092834 54.25818 13.358074 37.17675 7.8882694 33.83434 17.860996 70.13579 48.66286
186 21.856516 59.467922 92.54608 38.417072 63.03907 55.4711 36.04818 83.88458 45.769577 43.720108 39.484848 56.639526 96.85169
187 75.95772 93.93407 57.82491 98.28154 23.696142 41.495693 50.16446 66.65852 16.005398 78.96497 32.394184 15.6624975 97.97182
188 67.97846 46.733772 76.72043 62.045227 4.5547543 31.34225 66.227684 34.389973 90.77216 5.012602 57.23559 99.864624 93.78817
189 94.11269 76.18562 85.36539 88.23331 45.744877 1.9386232 37.78025 99.490875 75.35568 84.95797 83.327675 91.350845 50.9749
190 33.060898 26.021069 42.4117 44.606823 69.72017 78.64678 3.3703625 79.055466 68.60657 47.019543 20.523232 55.97154 0.10351539
191 42.248447 99.498024 78.807236 2.1523 43.984474 94.10671 38.611465 58.31551 5.615836 66.477425 37.46389 43.75784 88.43009
192 31.07269 5.411416 87.376976 51.986324 73.179886 63.93193 12.078243 61.261456 4.878807 89.412476 10.740614 4.2910576 72.82189
193 91.41355 12.397713 36.5673 73.4413 95.42882 0.2472043 77.747955 25.020473 81.58567 83.05878 12.447012 31.59703 97.7229
194 56.19207 78.0073 91.62039 26.2976 43.639393 28.999352 21.957987 23.695713 3.2157302 29.362196 4.0744543 72.14435 32.23472
195 50.026257 9.410196 38.255703 98.79919 11.774445 22.130972 38.29227 76.3288 62.05582 73.04446 83.862236 97.33564 70.329865
196 3.680116 58.578068 1.9957364 61.964436 45.96616 37.196182 12.066805 36.225136 83.83339 55.17186 49.54853 62.77867 38.21679
197 14.992589 69.613525 64.50159 17.658352 42.989437 30.257814 46.163464 10.94976 98.77713 57.39655 50.479816 75.463165 71.55853
198 28.39157 29.6538 31.038534 51.08028 22.935122 34.211975 92.12323 34.188168 25.580853 96.86297 24.454927 64.15997 95.827
199 40.25712 62.66504 13.060063 0.39539933 59.701187 64.04084 16.345835 68.15527 28.698236 45.1697 83.25522 35.01697 83.06412
200 72.7067 10.824812 87.13356 52.55768 79.03145 68.74865 43.027134 4.5018377 96.62518 37.02014 84.99274 26.631302 51.70421
201 29.04957 17.580133 24.054188 4.6486797 25.672812 95.42848 13.249606 50.291573 56.43392 87.61034 22.739624 99.964485 65.316444
202 83.37068 21.587664 15.683693 80.61073 61.227776 92.110176 87.91157 10.04368 45.40184 98.88375 76.416725 10.183221 30.08406
203 21.836102 29.918026 36.294247 21.843248 64.29 77.02867 88.41014 6.2449694 97.45943 27.67852 99.85169 98.34395 99.066666
204 31.407553 4.5423985 63.98483 6.2565327 23.976051 3.3181608 64.749 60.444687 25.476027 81.40454 62.921833 35.575516 76.96277
205 9.043175 42.08993 30.71978 65.52881 54.910107 36.04214 75.0651 63.249397 22.814857 84.73174 48.004436 18.637144 71.84453
206 36.41479 1.8873811 91.81327 29.578691 14.027005 90.55245 19.757229 58.518784 49.778088 36.30761 65.52 84.03122 42.26943
207 2.684009 26.526934 54.791306 96.682236 3.9800406 9.963918 46.142967 1.3051331 57.07744 87.20815 65.47554 67.50179 30.799597
208 0.36776066 4.4968724 98.851776 45.557327 49.82946 54.29483 56.38537 26.364756 56.44201 48.785763 87.39173 78.49662 81.30658
209 94.31586 86.08921 82.89818 42.38954 36.894142 45.447124 51.56394 84.1658 93.186485 44.64466 27.896982 4.6515884 51.696777
210 39.110886 7.7852907 95.468155 31.523418 86.93901 20.835632 3.52571 58.038666 52.899277 82.75306 27.629656 88.43935 89.54271
211 76.92012 46.447212 51.31768 53.307945 71.30296 64.055885 79.46918 85.49503 34.192814 10.510052 35.67367 75.89486 95.09329
212 53.856476 99.0492 47.26407 54.213226 49.713863 81.99442 7.279855 82.25899 59.37805 42.222614 30.726063 61.090702 18.458593
213 93.78113 67.14194 92.676125 97.8916 78.38948 40.762604 78.82081 6.9685755 52.373035 82.11208 35.361034 84.49303 63.688557
214 29.953545 22.677994 76.61294 22.112877 83.40031 28.14135 27.12317 7.9931555 95.847115 36.842823 3.4994125 70.74185 53.062595
215 43.974495 46.586555 57.522488 99.41771 47.49301 87.2538 0.64480305 90.00434 73.15261 94.545235 14.714777 87.57577 18.263006
216 58.557434 92.52345 66.13364 6.1210575 20.6873 93.27759 65.97298 53.278 23.800272 34.657322 95.518875 7.75097 96.616974
217 98.22576 34.850037 91.89365 18.117231 48.119396 44.971848 10.644507 38.485962 28.236532 70.30307 78.823906 99.11062 21.145117
218 73.16866 2.4149477 82.983345 20.796066 6.0986576 73.514946 2.7217746 34.310825 97.23734 19.871843 62.02396 99.38132 47.046494
219 83.423874 99.99997 92.2594 50.682304 91.65483 90.32301 36.31534 23.942345 67.287094 38.92699 77.41814 14.582485 90.09796
220 27.017004 14.954066 82.22315 56.513397 28.990793 6.485772 75.19098 62.96966 97.58908 60.506737 81.72985 85.513176 27.86194
221 1.4227748 85.380844 16.221851 65.57933 10.062075 73.352486 5.0755024 19.311607 83.26077 84.82278 9.994787 24.90824 9.286451
222 9.835964 76.83101 29.420025 59.254368 64.34704 11.862654 43.11426 55.780148 42.653976 11.388815 14.159614 1.7302871 43.633247
223 23.6683 23.404043 57.22214 54.612114 17.912066 65.596924 10.446173 68.1881 61.28344 69.136536 36.203396 78.72053 78.69686
224 26.242882 9.352946 21.512676 20.244349 28.209824 93.04335 57.880146 48.745644 71.49093 53.36219 91.42691 4.451066 66.79225
225 32.903553 7.055336 7.376581 18.617702 11.051589 25.71088 29.9815 71.93698 74.1571 49.860023 56.58631 47.48124 45.198803
226 61.538387 41.560143 10.841883 81.24206 14.862961 69.18431 72.8367 34.61597 15.619993 95.33431 80.86418 7.121605 93.42189
227 38.64283 91.099815 67.96427 77.53911 68.34918 68.87208 87.992874 80.48515 72.15714 35.42341 93.0598 57.45597 52.476143
228 1.1131406 6.031561 42.5533 98.586655 12.112534 23.639149 1.1708558 78.53717 5.5018544 24.728292 82.87206 33.74812 58.688854
229 89.63525 0.4793644 94.98146 27.07662 5.7677565 2.9320896 56.958168 59.32514 66.720665 94.81877 94.708565 34.348774 36.420788
230 91.479515 4.772985 76.90581 36.208088 81.396095 43.495647 29.364227 32.064404 7.4956775 80.54869 12.629705 7.3543253 25.30483
231 13.974958 27.520758 29.714066 61.982883 11.747032 83.85635 80.69649 88.5787 70.220474 4.5316515 55.34721 44.897224 60.836475
232 18.80719 43.255787 77.69712 79.741455 17.399204 30.316418 88.19828 10.18979 2.7683377 64.27672 42.7488 52.04342 93.85901
233 80.2953 3.7394643 96.554794 74.601715 3.6261082 48.27565 15.905887 50.478924 23.969524 85.601654 66.47599 64.65638 54.058784
234 75.76143 51.138866 43.44386 48.080166 20.476711 60.470222 85.58221 13.263559 10.7952175 84.81906 78.03065 20.445824 6.8363485
235 10.81072 36.083065 21.935171 14.131665 46.869373 2.8745234 53.234745 43.875694 55.44921 54.307014 10.075092 75.186134 55.3341
236 93.351616 5.0275445 14.5998955 28.90699 62.355877 65.3058 98.94445 67.81512 84.74943 2.105713 53.925896 89.891205 76.307106
237 74.19058 82.8332 92.272964 50.36998 66.920616 62.300526 84.943825 17.17559 90.38238 98.78802 97.75961 32.30791 64.84222
238 98.08992 27.606213 47.40356 51.882988 7.573742 3.6384583 23.368519 19.056416 57.8741 93.38302 74.75171 3.7751138 97.35163
239 54.459908 67.438324 97.87405 32.784634 92.21525 10.874832 82.49753 56.55526 6.8995953 92.59346 48.7347 11.152053 82.222595
240 45.400524 83.06514 62.328274 65.029236 16.328884 38.832462 82.98361 31.151426 97.98953 61.59305 90.093285 0.67864656 65.51385
241 63.56063 90.17102 15.265208 40.64153 22.065609 27.262915 86.76048 35.027046 0.86678267 57.83153 69.34015 40.420334 98.49861
242 4.670167 53.167908 68.49721 22.12916 36.81471 65.97957 58.80766 71.47461 42.98688 47.218258 82.172844 18.309856 85.1612
243 7.636279 58.054573 51.488583 48.215286 43.604332 68.66712 63.909847 17.178654 60.532986 7.1852026 20.623112 80.279144 2.4281144
244 11.172045 20.645464 52.80377 46.09661 50.717197 48.77917 61.807453 18.130129 10.708231 77.78523 7.048571 32.57317 1.6987205
245 91.02094 90.39492 36.990635 79.07455 36.730965 69.58275 37.165558 47.321743 28.54966 66.93999 46.36752 78.38449 73.69592
246 37.882774 57.337467 10.156899 37.40404 55.102436 54.948765 94.42375 56.22809 83.88259 98.85242 90.96485 56.19142 42.489212
247 90.03567 15.536099 46.845444 53.68942 57.667583 30.07474 76.98603 82.868286 35.236465 51.3425 0.19518137 22.68222 42.97809
248 63.48006 1.9878387 60.526943 19.938023 66.32081 48.91809 54.189144 99.50792 17.087788 92.61726 32.83219 50.53675 22.121222
249 77.793884 38.944405 98.56964 77.96643 87.428276 75.11754 42.648113 19.465298 5.7628155 24.65371 19.46578 4.974085 80.554436
