100
5
0 73.09559 85.29016 40.2965 36.65536 39.32237
1 88.35545 49.7724 3.240472 14.654756 49.678688
2 84.489006 6.2678156 50.017315 55.52813 50.678795
3 74.614784 68.495094 68.30555 72.47608 0.3356099
4 65.553696 99.102776 32.07713 56.21375 75.356865
5 6.5117598 69.238266 0.9708762 57.385105 97.087166
6 42.27643 60.322994 21.194279 5.3555965 41.704605
7 21.764929 7.6115847 56.78946 68.59152 1.779288
8 94.54428 88.86006 15.434277 16.280943 84.03537
9 91.61177 29.590548 46.511322 44.962097 68.92562
10 74.01283 64.08927 50.12266 48.84896 92.10228
11 89.11994 26.242292 40.452534 11.957443 65.58614
12 76.06118 45.34391 8.201111 67.936005 80.11693
13 54.236973 59.053867 3.8874626 15.638023 58.182495
14 63.578964 60.85719 66.22 65.84951 4.3021917
15 99.76508 40.32293 73.568504 78.02993 30.75348
16 72.32994 84.97416 61.02702 93.893684 76.726746
17 18.600786 1.2146533 5.3442535 45.249825 91.58057
18 31.2119 39.602352 76.51557 87.881996 2.4380386
19 83.18817 67.1572 42.821728 46.746456 78.87547
20 58.895714 29.720194 61.865215 54.79051 64.85363
21 67.693756 88.028915 4.523593 4.9450455 75.1418
22 32.417053 15.820557 80.06615 35.26416 6.2452197
23 82.24543 50.351532 77.01625 56.527946 28.04532
24 47.800987 86.66936 4.6502647 17.72827 18.529528
25 76.29978 90.015175 52.823784 26.722128 41.101753
26 66.3053 5.9845448 59.620106 27.737886 6.5000954
27 41.869408 0.6253123 21.651274 50.97973 92.79824
28 12.541252 98.32291 30.138462 20.476849 23.300493
29 98.13576 22.304338 11.455602 87.039505 98.385284
30 71.85796 39.521927 10.423433 10.949123 7.7668486
31 31.860357 70.60432 17.404144 24.867916 4.28257
32 91.59003 22.475773 38.76965 73.684456 1.1417449
33 14.454639 8.897203 10.491287 23.2042 40.764256
34 65.72356 90.381065 10.4643345 56.66685 39.433086
35 31.018358 28.653234 73.92264 94.030075 26.687515
36 35.939068 8.152855 38.17488 0.19797087 76.05186
37 3.0927718 40.808975 88.67128 18.045353 46.565586
38 93.98281 37.04801 25.809097 6.8798485 69.356415
39 42.423485 50.130486 24.785358 29.794008 33.497322
40 80.36966 30.758614 18.573124 75.179504 23.30978
41 1.186657 30.293661 9.222627 46.704037 71.24664
42 7.9809723 10.947525 14.244026 33.520126 37.571125
43 0.81058145 78.469505 36.529995 65.44998 71.65151
44 96.43693 68.65144 27.556824 9.698701 99.236565
45 52.745975 94.38695 14.345837 16.730421 63.231056
46 38.72755 80.71215 20.773113 8.272129 69.890755
47 55.23452 67.835785 38.825584 36.38388 21.001673
48 61.101406 67.14037 29.25812 12.029034 5.023855
49 9.123814 60.74494 97.801346 35.890366 37.089485
50 1.2277782 57.604115 0.50758123 16.537262 25.172293
51 72.662865 43.718517 47.788845 0.47964454 79.962135
52 2.5853693 80.84726 2.025795 39.686657 90.84053
53 80.41072 99.159775 86.19198 68.27395 93.507576
54 57.971104 35.758102 4.312861 90.99806 75.58047
55 71.40956 67.94452 87.79361 77.9995 81.91069
56 63.681896 86.96925 31.7491 97.59259 18.38606
57 77.19626 47.98747 96.67602 40.91033 48.620712
58 66.008 91.773094 86.75502 82.290474 49.314564
59 94.64391 75.81549 35.632854 84.82155 78.22702
60 22.030575 59.76577 55.874752 46.444267 30.015654
61 82.35448 38.62575 5.1009774 12.879878 6.387764
62 13.757669 29.975336 56.22847 65.035095 70.65936
63 12.341892 41.24793 35.36693 26.942688 46.941696
64 91.73773 19.19437 74.8244 14.846313 99.521706
65 12.942844 68.54013 13.628208 34.942905 95.962074
66 68.878136 42.42169 65.778564 98.9492 86.4303
67 60.324635 92.12816 72.491974 2.6371062 86.45283
68 86.41382 56.706768 74.59244 89.92893 87.935394
69 73.44721 37.3781 52.092545 98.35281 84.798775
70 36.98219 52.995403 17.498476 18.074291 52.249504
71 4.34618 34.087772 76.11494 79.50743 93.85723
72 80.79337 80.52762 56.260586 26.595575 91.939964
73 28.00756 27.468842 10.441226 80.48184 39.87569
74 10.2952 80.908844 21.232903 11.485195 80.77289
75 49.005787 83.37355 0.61484575 92.600105 70.90792
76 67.472244 57.076168 87.29151 24.271578 42.60466
77 84.53584 73.32722 60.016884 46.163593 30.326563
78 35.933895 15.27738 52.72814 30.43325 98.96285
79 90.589645 65.55918 50.854122 45.312386 37.782192
80 63.133915 89.41685 25.856102 82.716484 98.409744
81 55.461628 51.3259 35.147728 6.564665 70.4792
82 83.562126 65.43458 10.708153 18.020296 77.55058
83 61.373764 8.965665 73.4927 93.34535 7.6186
84 91.446236 16.66584 6.018889 52.322144 34.50467
85 44.954098 14.941322 71.00319 91.56668 82.306786
86 52.784695 94.15353 85.320564 5.564165 45.55469
87 3.5896897 72.57691 71.52674 92.61337 1.6140759
88 19.407255 28.124374 49.07521 28.115767 85.701965
89 81.669304 70.20237 13.04785 72.01171 89.25228
90 50.62189 57.31675 50.988686 66.22631 81.52883
91 93.8737 66.02287 79.061714 91.77997 85.38384
92 82.433525 14.607233 8.237755 15.753883 75.05083
93 29.223442 5.2737417 63.324726 9.991527 31.949503
94 40.42515 44.79476 59.243114 11.7164135 34.32271
95 64.8581 82.23434 91.83649 28.737186 28.858494
96 28.358025 68.09941 91.556816 89.02443 94.45976
97 37.622177 65.39786 21.427572 99.211975 52.277218
98 25.121134 25.870853 76.2163 76.518234 5.5939493
99 17.452543 5.3410826 8.505207 35.478603 32.369137
