100
6
0 44.681465 5.5875244 5.2265763 85.564476 60.770573 65.42384
1 27.15125 34.215492 21.246677 71.99262 57.568626 25.109673
2 59.708054 67.94968 14.697915 31.294601 34.581734 87.8442
3 95.46039 48.057938 18.852568 41.86199 92.291306 54.992897
4 34.999023 5.4037213 57.770477 63.090206 73.30056 13.417524
5 76.34386 16.33622 4.7392664 73.08738 1.8125117 45.861816
6 10.746611 33.76295 8.640856 57.06626 38.25069 94.46911
7 41.222073 0.80699325 57.381165 56.582664 67.58534 99.73584
8 53.618824 1.002115 8.702278E-4 82.77157 49.279957 58.116512
9 14.709627 13.688702 89.458916 56.919003 24.564583 74.59525
10 83.685074 62.58761 52.51842 98.953224 0.66514015 4.7119856
11 49.244255 10.61222 23.97229 40.08432 56.154507 60.489613
12 91.11794 2.6610553 54.929344 8.011639 27.118706 51.06941
13 68.42849 43.765324 11.782515 2.0694673 95.403824 18.097252
14 73.12936 21.943157 15.430111 29.293585 8.588868 61.182167
15 91.414955 37.707893 2.1508694 49.466343 8.239311 38.555073
16 26.065659 95.20437 8.62779 27.408432 6.894934 48.35267
17 45.180874 86.632935 59.907185 17.403698 42.356533 67.53328
18 85.51374 75.96934 18.617647 27.92654 4.4848323 34.97095
19 29.327356 45.76226 33.214127 90.83818 60.45263 80.46942
20 59.771366 25.130653 94.71541 10.631376 39.66677 27.508837
21 31.311417 81.662155 46.228523 31.934345 21.312147 44.22851
22 63.66116 99.37925 69.80198 23.640882 25.915342 92.2355
23 96.9173 4.296899 76.47669 73.16768 70.29971 40.0376
24 43.406647 20.536911 55.91314 61.066742 1.0848343 93.99451
25 50.381435 67.54826 81.06827 56.717216 81.46702 7.3581576
26 25.566656 78.41062 2.3326576 85.50998 69.81753 8.0851555
27 75.921265 51.8461 36.0247 34.21355 97.07854 44.598843
28 8.70449 97.77621 38.668037 14.850741 96.78772 10.521114
29 23.439306 31.794907 24.481695 65.197815 13.169849 33.614307
30 3.8511276 29.326296 0.7870853 82.92112 45.78691 51.045765
31 77.77482 49.748146 51.265823 0.63605905 98.981674 46.348137
32 75.64564 39.355762 58.588947 95.38132 79.582375 77.300674
33 35.888493 21.867067 20.706976 22.120535 36.906147 16.514856
34 20.4772 62.76899 99.83304 47.267376 75.9587 98.19432
35 8.559715 72.18324 12.331772 45.259075 62.021553 81.8174
36 69.62421 17.522871 28.04764 26.247585 37.80561 95.21247
37 2.2586703 40.629864 44.526154 34.17869 36.397003 4.992324
38 26.338165 29.4043 70.21861 66.805374 89.408615 37.247448
39 28.471392 28.170294 72.034325 14.710247 44.07698 89.28137
40 36.54164 87.30299 62.78819 33.738358 40.532772 57.285564
41 28.486359 3.474921 10.38897 98.0249 54.90108 7.2485447
42 77.226036 98.789795 54.67943 29.092258 46.202065 67.45363
43 24.016476 95.707436 83.59545 20.295261 6.909263 44.888527
44 97.11009 81.44511 81.750465 32.688915 98.44389 36.645897
45 1.487118 73.696175 13.608122 83.07763 61.79673 26.583422
46 6.453693 49.28704 87.35391 92.700645 10.302347 26.080692
47 89.76357 67.089035 97.766624 13.965887 20.42234 73.72708
48 31.353485 7.79649 83.551994 86.39792 19.17731 71.20581
49 87.85227 16.212208 88.26638 7.7514114 56.384583 71.00382
50 90.051125 82.08714 22.973066 21.570158 71.505905 41.606228
51 66.958755 57.654293 4.2220235 9.620417 56.74197 71.821884
52 30.876308 77.07001 24.18558 62.693752 2.8953195 86.877495
53 97.428665 17.642248 78.68321 48.30424 7.5892506 87.8914
54 82.97502 17.04943 16.641926 51.38962 94.40438 48.410194
55 8.6802845 17.820423 0.2547145 57.729168 46.86483 39.217514
56 99.927505 75.78358 33.478672 73.95263 37.555706 51.970875
57 63.34115 13.028276 30.370367 59.43743 31.851917 18.85547
58 34.165554 82.05682 31.455893 77.81384 47.080456 90.83527
59 35.44566 10.225892 14.824617 38.40633 49.67912 72.83874
60 26.618654 45.342987 92.7233 88.9681 14.027882 15.690481
61 7.6927066 36.155678 12.363016 85.09943 86.99405 48.1202
62 64.5538 70.97017 9.495658 61.10434 33.82633 96.92206
63 11.29725 70.157036 7.90143 4.5537114 82.084145 0.72888136
64 82.86262 33.805435 52.624027 39.044422 88.71162 53.274525
65 1.7285705 71.46013 85.64523 96.63648 7.195586 30.392534
66 15.26767 18.01796 21.920336 30.943304 24.630905 13.942355
67 8.380896 58.153873 3.8152456 82.58053 79.73708 56.55258
68 45.681225 51.802696 99.32462 9.533954 75.71101 19.32345
69 90.67584 30.918592 32.09526 13.49966 23.469448 31.13035
70 43.303864 18.586576 15.92924 48.705463 39.513664 69.04556
71 37.89546 38.788647 2.972293 23.45742 0.6308377 94.90894
72 63.487087 88.41924 76.762146 11.261219 51.885765 99.24417
73 36.77137 9.107363 54.958363 39.15872 5.1271734 93.477684
74 58.82777 17.880226 0.28839707 42.382397 7.9901814 48.89925
75 7.029283 79.083244 48.81246 91.491936 48.257786 34.03663
76 18.777042 26.511997 45.960873 63.874138 6.2466087 46.48995
77 39.166103 83.77027 55.31205 81.6903 20.719135 61.856693
78 62.032883 89.79853 56.91881 71.63927 83.03645 82.14661
79 15.113002 53.879475 6.2801304 82.21621 77.54003 82.90244
80 63.381607 40.024776 6.116289 95.13542 60.180885 0.4049301
81 16.445225 27.775425 79.32028 24.698717 51.79578 42.30369
82 48.13578 38.633717 33.719208 7.143986 44.876087 57.81982
83 27.706306 73.6985 34.349083 74.15696 55.00732 64.45015
84 23.996943 58.291996 18.433071 66.514885 26.889156 95.98621
85 86.42879 81.24887 18.280506 69.794586 99.57481 64.10909
86 6.602204 75.81833 63.346664 19.343943 82.74646 21.539772
87 64.69968 13.22378 8.286989 42.011513 74.87993 85.94634
88 94.18269 44.142498 61.66903 76.16606 67.183075 2.7552009
89 48.718685 99.95884 27.54941 86.79746 3.2123208 26.168901
90 45.094364 52.958054 64.104614 67.27557 92.50704 59.39896
91 7.7501717 15.514141 67.36438 90.88259 84.7642 30.895561
92 44.341278 53.80586 8.200253 65.46806 34.439297 65.18388
93 68.13342 47.684254 11.390096 82.14538 38.864464 64.67808
94 19.899214 70.76341 12.388033 57.777405 74.535095 6.865877
95 73.48386 78.401665 30.607635 12.728429 48.59455 54.906677
96 93.401146 27.189875 41.161175 64.786545 84.02376 61.750717
97 71.72287 36.336517 98.61569 29.685503 91.08911 66.393524
98 52.741665 31.24786 31.311983 9.63707 59.81086 6.8654776
99 11.885673 95.25129 36.96499 17.063797 70.25638 60.178078
