500
9
0 70.05665 80.678 49.50555 25.42693 91.383766 91.46695 78.868065 72.765495 16.173714
1 28.511005 51.637543 12.096232 81.422874 67.63778 73.81723 49.438606 8.3524885 14.712882
2 57.32597 29.694021 21.991312 71.4141 19.198973 80.97083 31.082285 47.20122 78.85334
3 17.0847 60.19817 30.327583 76.484146 83.123375 53.865726 97.47718 28.6256 85.06133
4 35.23341 38.16469 26.664722 59.27673 92.44002 90.642914 92.60345 56.480385 41.479717
5 7.774627 82.16511 77.34617 21.20452 79.00555 68.53012 64.67862 74.41184 45.899284
6 27.223433 35.223907 58.049072 39.151245 52.186363 99.49412 68.80781 92.886986 69.63151
7 41.813904 20.218956 23.485916 36.250793 7.1077824 30.300594 94.07793 44.632572 2.9324472
8 80.41875 78.97771 45.816483 82.44132 55.927513 34.199757 97.81077 29.179543 36.04874
9 18.199385 72.21243 40.99224 37.08864 71.28745 87.96666 76.343285 41.284023 90.757355
10 82.50114 20.755756 39.2043 52.442795 93.25827 87.98141 41.64771 56.806927 75.87099
11 44.278316 56.365936 80.174065 74.29719 34.53114 93.79619 8.592105 30.115234 65.90675
12 46.403046 25.1077 46.424366 33.630623 49.42576 20.811224 31.486523 39.94168 62.043262
13 48.539288 40.050674 92.29218 31.526243 36.098106 9.43895 71.67327 7.2213173 6.5921307
14 82.73216 33.149708 33.64886 8.02167 4.1170955 55.17214 64.09651 56.677265 19.560183
15 54.209442 28.421677 30.745346 78.9242 59.22758 55.967384 76.49975 99.48183 24.365604
16 80.23775 81.85062 53.099262 95.96973 34.026062 36.031746 94.32615 35.39913 18.857176
17 92.81767 69.95557 95.4821 1.7736256 33.67371 84.596825 15.260082 45.60586 40.26911
18 35.280724 14.105314 19.921917 19.250721 41.50207 57.141006 11.920053 20.321201 57.371086
19 24.152124 66.73596 78.54197 58.227875 34.18085 31.177313 28.250145 95.27081 68.39891
20 64.02509 46.71688 35.120575 50.59589 59.07082 16.169458 75.00884 13.987822 17.369938
21 51.352478 3.2301784 26.616245 5.2253428 42.52757 64.97445 7.2686014 60.676037 59.632065
22 78.575745 26.813465 19.319714 58.973133 11.044717 13.6285305 39.77412 18.876362 75.52961
23 19.236916 28.671955 2.4988472 19.675154 24.503458 17.540634 34.733753 71.877045 96.23349
24 91.05963 73.7628 42.887012 27.532505 33.89133 27.157307 10.39337 96.90738 66.48941
25 86.09969 62.932743 65.21342 8.004368 40.721817 42.190624 45.88354 4.696274 63.972546
26 96.393654 52.435226 27.25845 62.885136 65.62086 63.37068 91.34411 54.47877 37.561363
27 83.90927 27.625381 21.473526 91.18367 7.4764013 95.21597 91.01277 39.17749 38.789345
28 33.63534 90.97185 67.67033 81.30936 11.123544 14.300579 84.95348 81.66594 92.53699
29 36.125065 37.68729 74.61026 98.831894 12.76018 42.76533 66.63956 6.903595 60.90814
30 51.73696 12.485605 76.98691 91.50463 0.015407801 74.32209 42.690212 11.097622 59.193653
31 52.27482 42.849255 17.293161 73.37643 50.385284 65.625626 99.47852 11.797971 3.6640584
32 53.580086 15.349018 53.980087 68.669304 37.827156 84.146164 60.702957 46.866344 22.89017
33 13.200641 96.08588 11.884528 88.654816 32.413353 1.6403735 89.02009 58.055473 36.56661
34 82.36263 48.583782 59.07559 45.509064 24.435925 29.915064 86.61867 62.792545 2.1387935
35 86.35185 7.187307 2.555567 52.88705 4.736823 99.53742 28.461832 60.324352 98.053925
36 54.055573 6.2366605 18.927366 33.727634 68.106705 69.540016 94.180565 50.503677 43.64608
37 77.12059 1.0367513 36.494034 75.673874 44.776302 12.710846 13.056689 88.388626 48.776913
38 71.016464 62.148167 41.981537 56.073483 89.16917 87.404076 72.787895 61.627293 35.533585
39 45.552002 7.9147396 33.151375 31.02979 79.236 91.50016 39.896255 29.249435 24.64072
40 91.49531 94.06668 23.734856 27.464056 5.423832 63.078262 14.881724 44.13343 22.157753
41 28.015732 94.63404 17.336237 9.605718 11.013794 72.21019 26.896477 9.65733 72.334854
42 71.753075 30.047565 20.143873 69.96742 12.820911 15.8066635 6.402409 71.72616 18.375694
43 23.344057 3.771621 36.026943 40.29449 76.16868 77.569756 14.475137 8.896083 95.13734
44 93.43638 41.69326 86.5783 1.5731394 2.052492 37.78956 73.99672 55.29151 55.940838
45 61.70663 94.44351 84.5385 89.10724 82.37732 83.928986 19.513649 3.5928667 24.955553
46 83.21244 97.36243 10.508024 54.994537 57.52178 43.6737 70.814445 70.74027 30.352093
47 78.31491 16.081232 26.933086 81.51576 36.89911 8.788883 39.71402 25.064856 33.637756
48 21.687054 56.280334 99.91888 27.434063 86.47947 82.50045 1.6675353 46.77177 33.029472
49 72.27188 86.30096 6.5227213 24.731487 2.28675 40.334946 32.81538 96.11805 1.1716247
50 43.293465 42.4704 31.6737 21.61771 30.694544 88.42512 45.771408 44.851524 83.032555
51 39.556175 52.26401 78.16669 29.793787 65.20065 57.243454 45.60696 29.88159 14.614802
52 92.5781 9.43529 10.121811 38.05393 92.87006 83.73161 52.491863 77.87564 30.318748
53 82.134285 85.652504 49.14419 75.575066 57.98925 76.10779 34.040516 77.02737 58.424152
54 24.286001 82.66741 14.141071 93.35803 47.99577 64.6021 14.608156 68.24436 3.6007702
55 66.12107 51.341827 5.2862225 28.973228 13.049025 89.02942 74.636284 43.488754 99.62188
56 5.349392 25.18646 62.237263 70.87333 7.4451685 77.26544 54.03111 86.436264 27.270687
57 58.009075 27.039904 54.19032 51.484287 98.27453 69.88219 75.09053 3.23447 99.473175
58 19.229603 68.30079 89.08335 34.14953 3.4646451 26.259422 88.14114 87.89746 13.276291
59 80.66956 39.993088 37.456875 38.438725 86.08905 70.004295 3.5612106 51.119934 61.564384
60 25.967413 13.110542 2.1938384 81.6921 28.75408 57.138832 72.03027 5.993265 15.647787
61 75.253586 1.520747 54.26023 71.43921 27.989983 44.637917 20.59828 56.284756 12.889582
62 79.15793 10.57064 96.95555 22.950375 87.39487 44.80806 69.69216 55.075073 50.565674
63 4.620844 67.7458 26.756567 66.94495 76.82096 78.208664 9.78499 10.066682 57.7077
64 43.3561 6.3516498 45.23241 91.885284 17.944897 74.48874 53.40224 87.473694 61.301823
65 13.056648 5.649686 72.86256 91.223785 81.0255 49.787968 44.275696 34.3863 98.95595
66 26.12276 21.204365 7.875103 42.542942 10.713423 46.688156 70.43249 26.833374 82.75543
67 80.24265 65.92452 16.064507 45.015007 67.03516 10.3290615 6.6086173 61.5013 82.088264
68 26.221191 80.67609 60.16176 42.552197 23.35894 35.46222 27.305048 24.45159 42.676884
69 58.373608 68.228676 78.11124 94.96938 53.70047 50.252163 94.34404 20.043468 72.28913
70 81.69262 62.39907 91.45948 53.899902 16.48897 81.88856 84.5346 45.313496 38.97064
71 41.021378 88.50215 96.98431 58.022446 69.36165 69.10127 91.05951 82.53112 77.2118
72 5.9840918 95.62557 19.98201 38.109406 34.79988 38.660477 23.44293 83.657364 0.3386736
73 22.722763 46.523018 9.12407 72.445175 63.0746 65.38823 27.408594 27.363068 90.70235
74 7.2745504 21.837461 54.6197 63.36649 28.449524 93.92485 3.4524262 25.995577 5.081481
75 60.082096 37.114864 42.86297 8.3917675 46.012222 61.250137 32.287365 2.7637184 54.190372
76 41.008003 97.131 30.695606 28.74347 16.90482 95.994415 81.71298 23.846561 81.83343
77 8.401388 10.257787 52.406628 40.44094 37.91839 98.370224 77.57616 50.684635 78.36274
78 7.460099 32.11064 48.19147 56.133377 35.974472 51.651413 93.58853 5.175841 79.21822
79 74.88379 16.807306 36.905212 58.446438 53.71155 80.12152 25.109488 59.657173 82.93229
80 52.049667 32.80326 60.86802 74.54068 99.99125 94.37458 69.22009 85.183975 32.388042
81 20.153881 76.74135 45.215843 77.18669 82.53396 43.302216 18.323439 87.36766 51.597786
82 46.058826 46.232403 45.30304 85.291435 91.9122 53.232567 63.776886 13.75193 70.18807
83 20.233196 84.77697 41.514008 50.398003 3.0820131 78.83636 84.839874 79.67361 0.61268806
84 83.02164 57.017372 57.934696 55.27652 58.948093 62.64271 19.27945 44.53672 41.82965
85 95.94517 5.2567124 41.03875 14.984083 99.23607 10.944819 50.81304 22.916317 99.49862
86 26.02734 93.62358 10.660523 35.716957 89.79739 50.56735 92.10407 31.323755 67.27323
87 48.986553 39.235027 77.4873 20.966583 81.824066 95.40334 29.039246 63.47192 11.187506
88 35.580643 88.64973 95.661705 97.860634 76.12352 62.188614 56.165634 38.89224 15.6320095
89 12.683975 73.82772 13.598644 21.15205 58.32656 46.384575 9.042168 53.265156 45.81083
90 87.663795 64.31461 6.66821 60.999596 40.698254 79.093925 75.86414 99.3138 45.387627
91 36.597794 98.81231 26.05728 53.37354 0.18796325 84.14388 87.57684 77.851105 32.7519
92 53.209846 46.030945 56.903053 30.187147 79.24008 69.71004 51.96061 46.732216 48.75394
93 16.242636 31.078075 57.73343 10.643536 54.372875 34.327774 62.22902 85.67856 20.857727
94 46.81491 76.30276 42.247456 49.7688 26.174313 31.652773 75.708694 22.270615 35.104053
95 40.69525 70.59295 3.772217 6.2371674 58.546238 52.952637 83.01337 33.736496 97.47989
96 19.339079 32.76308 12.267769 85.34291 38.205498 35.80337 74.87191 5.6198716 77.05045
97 81.98193 63.691967 83.41097 96.46186 44.39646 75.04822 53.836918 41.586613 95.08195
98 78.094864 52.96631 37.689503 65.58798 15.892625 37.229694 83.69396 96.042595 62.417324
99 66.70782 24.294949 31.005007 58.579056 77.24374 44.842293 2.7228594 66.09869 32.92263
100 65.21557 16.258627 17.987234 56.29711 39.91449 98.07027 67.87284 11.328447 96.20178
101 54.57611 33.55375 91.19828 44.049316 82.36527 30.522465 88.064804 68.60691 82.20841
102 12.96562 87.94941 4.7535896 17.868769 98.618904 5.0144377 94.881065 73.7094 92.13206
103 4.6106396 35.341557 55.85374 33.122738 43.030697 27.969397 36.60882 50.280155 98.607735
104 13.825476 5.2405715 73.693 78.66616 83.94394 87.05207 42.55566 50.197624 32.57319
105 61.918472 94.65025 69.64249 52.452183 20.65506 64.16978 34.763206 18.36434 68.324135
106 73.761765 75.57085 77.944336 26.124043 39.918392 63.19119 69.91889 13.961619 24.36446
107 87.326744 36.14536 63.115303 40.810226 21.793287 40.537548 19.286133 50.814133 21.002977
108 74.86651 40.360905 65.57534 21.063602 27.185232 67.73735 74.84689 30.50838 36.005157
109 85.2621 88.985985 6.021619 14.165372 63.696426 46.161556 6.6501436 26.460583 91.95317
110 71.206505 89.97265 59.4738 97.75386 94.37944 59.93165 59.69733 71.26387 42.79955
111 48.224335 4.9877825 94.91408 1.5105546 29.317402 46.816498 3.0596972 28.550655 48.629906
112 37.83689 6.225377 74.15279 19.861238 76.24946 9.114843 49.933727 1.7860711 29.619032
113 79.81251 72.873566 48.36338 84.567215 22.97356 50.82491 85.295204 32.566116 13.40242
114 12.570876 68.11661 87.402626 32.181377 23.982494 33.708733 17.330557 47.171776 82.08339
115 51.32118 9.111613 7.8184185 76.845825 88.600525 95.75479 3.1083167 43.916927 30.89276
116 22.553259 16.442888 64.36611 71.676186 83.80294 15.066367 65.677216 42.157196 86.24786
117 30.35351 33.867424 77.90624 24.774563 22.310108 3.6466718 59.32039 45.175625 13.505495
118 72.34608 85.377975 10.987425 18.576347 5.9154153 91.621056 43.607765 62.465466 20.151974
119 43.893112 13.307035 58.552082 27.574366 89.718834 83.6157 24.466455 16.655546 35.295193
120 52.217728 24.150175 53.70121 14.139652 51.282757 97.924934 73.288994 95.09282 21.570879
121 44.079906 7.217288 34.49462 24.14698 44.707592 27.260906 47.151653 6.712693 41.947292
122 78.16644 60.708626 68.03222 7.986319 15.278238 31.06051 22.385185 60.483616 48.564297
123 55.63897 29.178911 34.695793 20.77002 95.23345 32.610435 72.48849 2.6892722 42.234146
124 28.464634 47.408573 90.39214 87.89221 4.7095957 42.68748 6.5340877 97.77728 68.508484
125 96.86871 86.00284 2.780062 92.674614 48.942303 12.109417 22.778357 71.58232 53.475338
126 36.83353 26.790375 41.301853 6.1149597 92.38876 82.72377 76.5057 63.68379 83.24003
127 92.65012 51.813446 61.375572 40.90649 47.161472 36.080296 5.5923758 58.204025 61.38064
128 52.133434 45.856792 76.368385 92.49429 73.12351 26.908743 35.665154 46.46494 70.55213
129 74.296104 77.10709 92.37369 72.789894 38.04065 85.798935 44.482933 20.203865 81.67042
130 32.81203 92.73063 11.62281 63.231636 16.51613 55.432976 63.599163 73.81587 41.686344
131 57.250015 49.65783 23.462921 47.74416 60.04007 41.394318 47.638817 0.031107664 73.48921
132 40.903152 36.268627 60.46147 71.05831 17.647379 5.7625055 28.229343 29.861254 49.65124
133 69.66219 85.99074 90.90688 15.00116 50.316864 52.200497 9.3474865 95.32984 80.04762
134 52.717102 88.93629 87.55019 91.06757 12.618333 97.074036 86.979416 97.29003 87.18274
135 58.203167 6.5900383 44.193417 5.5330696 65.78107 49.947918 94.04575 74.419174 23.839457
136 15.013683 29.759508 67.511086 85.7333 92.02277 91.00287 18.41402 52.933376 39.811188
137 98.29715 6.0033503 3.7647188 3.973794 4.859102 7.7687263 59.296886 38.945232 29.88935
138 41.37619 49.920113 40.35976 41.664513 83.889565 5.57636 98.8165 52.774326 70.88586
139 59.550358 80.455086 74.58246 29.463566 79.87005 91.59924 22.717613 86.850845 43.738132
140 26.282257 22.172838 43.506958 64.34817 47.91903 89.266655 81.37373 1.5751779 54.98923
141 60.977554 45.93324 19.32832 99.66058 50.490124 48.18678 44.081696 6.190169 64.48897
142 59.373653 77.84106 0.13561845 63.917263 48.54338 91.45308 51.391678 59.50765 48.89256
143 82.92734 34.406464 38.131184 42.54995 12.838757 62.255722 30.446894 61.275696 2.7418792
144 91.25309 76.83299 99.93061 1.0023415 67.20405 82.316765 94.72934 26.993143 80.08723
145 85.18207 94.9396 12.981778 61.74824 93.92178 47.11342 82.332924 41.05887 76.83114
146 58.984024 62.26298 16.933077 54.231567 36.24205 4.015517 14.666843 39.31297 11.492324
147 17.999632 12.40992 76.93503 59.31987 66.47837 8.376431 25.298738 14.661217 52.456577
148 5.9108853 30.864132 60.242878 6.453329 22.063572 37.73666 0.9368539 79.12373 39.273197
149 7.2742224 3.2774985 68.79941 71.5464 67.99247 3.4334123 40.84191 72.66721 68.89364
150 9.541923 67.45524 80.03155 27.851755 78.96494 39.801495 33.310497 90.206085 98.74874
151 81.741264 90.99374 88.60743 50.964165 49.419533 62.704193 3.6051154 92.82814 1.6988099
152 92.82383 3.4439266 15.284288 11.870199 47.306793 11.860639 80.3362 95.2352 35.521816
153 42.94281 45.727814 4.4382334 21.564442 13.763481 10.962611 94.55114 62.777596 17.773104
154 8.118868 52.88442 39.345734 16.864527 87.98792 89.658554 78.97389 97.49258 41.833157
155 80.65671 20.08286 78.9008 53.19979 72.75415 19.962019 59.874718 95.92247 9.050173
156 89.29992 27.801836 13.563567 98.79604 98.90259 21.28939 13.318187 65.313446 49.713017
157 59.095078 41.852367 14.837652 54.029633 5.4032803 41.07095 13.218862 38.715916 99.080345
158 94.47685 63.505386 33.888172 4.829812 7.1813107 93.758026 50.818516 52.318592 28.915369
159 84.46333 17.411535 78.346214 45.298855 52.394157 29.484755 22.78151 70.43014 21.790462
160 81.146034 4.9088597 67.41482 33.696884 61.820168 9.433955 73.16509 94.90279 93.99737
161 84.93626 81.646126 44.204964 41.688347 29.072105 44.256695 5.9849443 41.064133 39.192234
162 27.306145 20.006699 2.089429 11.915999 51.24852 37.852676 52.44043 6.0904446 52.680363
163 86.797516 56.012638 48.75587 12.886179 42.74978 40.311016 79.35412 92.272606 67.068565
164 26.478846 42.377598 81.27884 34.79017 28.228664 59.703835 9.760374 71.59989 91.11798
165 30.543095 59.44908 76.58744 90.15499 16.608822 60.495163 10.576039 14.380055 2.9776037
166 62.452732 94.071846 3.6622465 69.12606 93.106636 73.41185 91.35745 30.616362 22.535711
167 62.57615 61.635155 98.46433 53.616947 55.770145 81.20005 61.78896 59.20491 81.97908
168 79.87814 99.14893 77.44424 57.273323 65.23367 17.070597 83.62532 99.02725 84.22477
169 60.52594 54.772057 34.054554 25.14621 32.205128 83.41578 40.913086 60.062546 45.83311
170 32.983948 66.56457 99.98475 56.805473 38.701046 95.76875 99.627785 2.1780133 76.210304
171 94.94399 47.210842 15.463048 53.18758 12.942755 87.991554 91.50199 36.507057 81.7911
172 2.690059 77.448326 45.06627 98.7582 27.348978 79.97206 3.7835658 85.29905 7.245815
173 61.36059 31.704796 51.908432 11.040968 61.231018 92.31964 64.50661 43.286377 21.885746
174 59.37799 16.72812 23.678429 17.549282 90.55932 92.80043 4.0178833 27.246738 74.69446
175 32.28467 61.80564 42.16044 47.84174 25.826931 99.88506 37.981922 7.9128923 20.566923
176 40.730934 55.925552 96.82695 55.615925 92.13535 40.362644 40.00187 88.00518 77.46904
177 51.959663 13.597286 83.98819 31.780869 71.06186 55.081688 11.138612 17.180956 92.96722
178 98.7626 65.21305 73.736725 93.61158 37.79747 39.453053 1.0637522 67.771385 22.370201
179 0.4022777 30.543036 51.737637 61.20738 76.244354 57.333763 85.885574 13.01803 14.27058
180 27.831882 29.83601 24.930412 91.8194 33.76346 51.96357 87.29243 8.662766 24.579317
181 96.65582 45.583057 82.42895 80.17337 15.578336 9.499157 66.64216 65.186584 94.67985
182 71.94448 13.033491 32.34699 36.017372 43.629444 75.95436 37.56348 64.7441 95.82489
183 72.33542 45.027935 36.646145 9.5999775 51.32491 21.640688 63.11404 56.27204 24.467611
184 70.97515 48.87925 84.02894 61.319084 26.116991 36.535366 89.535866 63.3109 85.49318
185 61.912216 92.15739 7.3864164 27.750904 69.703636 60.121506 62.619637 11.420989 1.105243
186 21.998226 60.232246 47.13546 9.147251 19.295973 67.96674 8.2544985 55.27333 54.392593
187 31.802988 17.648602 97.69441 76.57412 94.97658 50.893867 61.125652 43.376045 49.94136
188 30.150509 24.49538 36.994427 82.39617 38.44842 31.71022 0.10474324 7.1624994 65.003365
189 6.997156 52.405556 98.26209 41.598385 84.95819 30.56438 75.021126 55.117607 73.31833
190 58.519554 12.752539 18.203915 88.285515 52.382313 11.184812 58.98287 6.147915 21.147955
191 32.271206 1.1683822 85.69775 69.28592 37.59759 61.020653 42.592514 94.821945 35.89127
192 90.00433 14.957356 13.098025 35.012962 58.09968 98.32204 4.9081507 67.49532 58.11686
193 54.110886 72.63274 81.69465 35.683727 98.91506 0.3665805 14.778656 21.510506 59.036827
194 16.452766 62.22822 84.835724 56.48043 88.45755 49.740593 1.4424145 66.663216 82.17193
195 86.15596 62.180824 25.43289 54.98944 14.370626 53.485603 42.117275 48.834263 85.54218
196 48.934895 7.725912 94.10941 9.942854 28.532774 42.30774 30.873692 5.5954514 22.234064
197 54.895954 20.174301 88.66465 77.462524 53.30371 32.25602 63.118927 12.254536 31.947977
198 10.899061 52.382214 10.506082 34.362297 77.62755 23.829449 81.99109 66.41298 35.76533
199 34.627785 74.79425 67.57037 93.642265 41.48048 33.06638 4.8339725 56.58278 79.50042
200 19.130533 68.80429 48.11238 9.243732 10.572189 38.48766 48.131115 33.704113 73.727905
201 63.07457 67.22441 96.94864 52.697582 40.32487 75.970825 36.52416 84.46303 65.31073
202 41.785793 86.54844 6.7778945 75.91353 85.79566 26.604694 6.1431704 36.255013 2.3147523
203 72.57629 12.402433 12.593752 4.1103897 84.09735 77.34746 2.3717582 89.758514 64.374054
204 34.34751 53.105545 23.552132 92.083 70.59555 38.542587 73.72299 12.521351 13.355475
205 62.625088 47.834007 32.12561 35.913162 12.805838 73.319405 83.16159 91.15937 41.446674
206 1.0748744 25.399197 33.305283 83.51192 17.081154 20.816505 57.6565 19.473017 64.18906
207 93.03603 80.21438 21.004623 37.876778 72.80013 62.763363 13.227344 87.04528 37.176163
208 23.732323 98.30163 36.34265 96.48775 33.23821 91.27667 39.26396 37.65533 84.151024
209 58.23573 62.081547 34.464733 35.636295 39.756184 4.8073053 18.350565 6.378269 18.13162
210 55.72099 21.974981 30.56702 6.110728 95.92684 61.90954 98.811775 17.331446 66.89792
211 86.107925 70.55083 26.219923 60.568066 41.921978 35.455597 47.74531 13.333821 6.807727
212 4.027784 7.749295 83.99206 97.54837 46.37975 33.09162 74.38721 36.057926 61.448605
213 50.870758 40.15925 97.20324 24.065018 38.605106 18.817932 13.489074 15.882892 36.42121
214 31.330359 25.097334 28.741623 99.72874 50.970425 74.17665 30.208052 1.1191905 65.37498
215 77.27512 84.5215 55.66915 22.180807 17.541027 25.696527 49.634975 59.438305 72.240814
216 19.940722 61.683327 94.935196 95.03065 32.697666 24.11053 25.901646 65.34858 21.469599
217 32.577515 66.15441 78.66436 13.11459 63.151367 91.98253 5.8391275 36.61477 39.137966
218 52.95281 92.528114 76.50529 34.363155 27.855486 90.73743 84.42872 39.075897 19.316757
219 24.966038 46.89099 17.181862 9.834469 50.782753 5.5588007 74.55778 75.37074 90.4751
220 75.73403 46.04666 24.943405 50.144886 11.408937 9.505039 12.246937 77.2075 38.050884
221 97.89107 31.111176 93.886856 72.55403 11.585731 45.046585 98.50403 93.25551 22.478056
222 23.262703 14.966906 20.237982 6.1839104 23.97926 65.02667 40.081493 69.28117 19.737906
223 56.029247 21.603155 42.620777 39.48876 7.8276396 45.81091 60.41404 75.75539 70.31544
224 29.240067 16.514862 91.02199 12.08716 84.041176 95.53666 51.048027 40.7348 98.71283
225 86.40699 11.069804 66.27152 72.35067 51.717644 7.332611 56.46488 13.9071045 7.6387525
226 36.206554 92.1074 61.477272 58.907288 87.935936 92.40958 59.3638 81.9618 95.07773
227 97.03831 91.00323 89.97714 36.684937 8.424669 31.203032 87.46832 39.63254 82.72316
228 93.04348 3.2075882 46.07852 22.427761 83.809525 10.171479 80.37123 50.656742 95.06359
229 14.655608 85.793976 14.341259 68.14175 45.92783 98.97438 69.1364 45.707268 58.0109
230 51.740925 86.27445 29.343678 79.38197 2.4041712 4.568571 63.39232 10.348999 93.1611
231 38.432537 96.27942 75.227104 51.41519 74.50362 86.43803 23.616135 20.682127 19.947493
232 13.677335 36.313225 43.38517 49.806637 85.61546 3.7311018 71.76885 79.15789 38.761703
233 92.99819 54.47343 19.016827 85.26654 21.865356 11.67596 68.821495 48.566406 88.62512
234 49.33778 29.217058 27.51624 25.76329 77.79049 58.326923 81.56649 17.122627 47.988003
235 34.63031 5.6064663 42.890316 33.163326 67.17712 67.82988 50.463158 98.82691 16.67878
236 87.00895 31.747377 81.06371 61.850082 85.582886 66.07749 44.527447 87.386215 44.728325
237 42.86608 6.551087 51.598747 18.899643 47.311996 83.11717 51.77353 16.085732 96.79956
238 53.343655 77.83423 81.166954 83.6285 20.488834 84.29217 12.276763 72.84986 14.673251
239 16.44374 12.042356 41.48494 82.52873 69.35938 9.126979 29.323614 15.351236 2.7262628
240 51.814903 11.697989 5.1519394 66.70401 59.721653 43.783157 88.93028 44.58631 46.394093
241 64.57761 48.75626 88.50094 82.96576 70.06156 8.632213 11.208069 38.59435 60.236187
242 89.95442 17.166817 98.63361 57.735367 13.621873 71.63919 56.948353 68.213776 27.91667
243 50.209408 99.09711 69.299774 83.24266 10.545694 21.974247 47.923733 5.253524 31.667215
244 70.674675 60.46698 50.989002 66.85621 51.638077 29.41165 84.09124 18.445581 3.4227133
245 59.80875 17.276537 25.096094 62.694107 12.533665 36.84001 34.2503 57.19459 95.390495
246 15.480876 38.918877 32.65226 71.898506 8.1277485 83.83884 83.92154 68.09467 9.250832
247 81.67439 8.313173 14.780879 79.46989 35.954136 41.323547 64.00712 50.762295 99.81021
248 21.12782 89.70211 21.468222 34.575428 71.637245 31.54084 9.364092 91.484924 97.08015
249 84.48736 49.679626 65.01495 60.451817 22.897434 87.97716 44.978737 29.357338 84.3467
250 9.767967 83.909 35.372723 14.017117 80.64381 49.319107 15.764099 82.8911 5.150384
251 20.29633 11.986977 72.3442 88.78366 32.995964 49.65329 51.98197 46.071476 68.74655
252 45.482677 37.53554 5.998349 95.72325 93.08717 79.92707 42.886997 24.895298 0.27936697
253 16.665304 1.6768992 72.91038 54.00939 81.77294 88.31084 58.76306 7.1546316 72.53019
254 82.189125 12.839484 35.399734 70.30812 73.47724 81.8786 37.606388 1.3350368 85.11441
255 52.501083 23.699696 51.879013 60.892303 40.497665 88.56911 54.339428 66.73842 49.62297
256 36.238567 77.23412 93.69707 59.102203 37.10622 56.97186 75.960335 65.634254 52.95605
257 34.350204 55.136574 65.88472 94.32964 18.468672 68.788734 97.138306 16.408766 17.557419
258 4.7274055 55.06715 60.551697 5.2707434 6.76378 21.92548 95.86458 45.26879 8.338529
259 79.67283 59.55308 72.21185 99.92918 59.638588 76.22991 27.232605 48.24816 22.765022
260 8.854842 6.958193 0.38707852 46.91109 50.62173 1.4643967 46.2119 65.18485 65.01104
261 45.209545 26.004446 92.12988 66.587204 70.879 57.675022 53.465862 68.19274 56.848114
262 95.49951 5.931771 0.29060245 70.130714 98.48463 72.87222 98.71289 86.522095 85.922165
263 0.12460351 10.428131 84.28367 46.80475 47.402008 49.645424 56.076633 81.45211 9.93129
264 54.198147 22.67198 22.410471 21.116442 14.321125 0.7956803 68.474106 22.286558 31.345325
265 23.673326 83.1345 23.300684 85.23629 16.594017 46.049232 86.37381 59.113853 29.107248
266 93.96248 83.73112 61.789547 41.099567 63.18698 41.67111 70.886246 20.5831 18.120867
267 43.7187 68.26575 77.991745 64.732414 23.482578 74.35053 54.360737 51.473976 3.617531
268 90.61501 1.0125995 26.218355 96.263336 1.2302577 66.150375 71.64425 58.13217 50.828724
269 41.74298 84.692314 21.003372 29.927885 42.76622 1.4927208 97.02689 51.093338 73.537125
270 27.313393 84.51747 64.8738 73.66185 92.94413 90.73457 36.40662 52.934444 82.42416
271 5.6957064 11.939406 2.113676 21.613771 37.882393 43.96997 69.41839 68.838005 86.600655
272 97.96422 93.1818 45.290993 24.896128 30.424326 84.56788 98.242455 94.75491 44.2633
273 23.566305 20.05676 36.614246 93.87604 12.447596 92.90402 47.04417 18.922878 77.08984
274 86.66038 61.23771 36.66301 4.5092525 76.270584 15.36833 60.75802 98.77604 36.753212
275 52.96073 46.940445 54.326736 17.602074 89.505264 88.99829 20.356232 43.674786 51.272373
276 12.41917 30.163742 63.420822 13.608527 87.08301 20.525604 95.709404 7.188475 17.96866
277 76.673325 68.35768 59.34272 76.3897 24.382782 1.078999 33.56765 20.300734 0.9546876
278 45.88049 10.866964 76.28538 78.22543 43.4106 79.18504 37.578686 72.74309 95.426384
279 14.709223 80.581924 58.237682 54.014545 24.381668 39.550667 23.684675 26.619852 91.03093
280 67.29305 84.59332 33.032078 9.87693 74.685 26.448906 93.54329 11.863756 98.53197
281 16.112148 95.35877 39.726353 24.78885 70.85674 72.43732 26.607096 60.454983 94.84513
282 39.222725 44.426155 34.720993 31.25391 64.742874 55.407055 39.348038 94.82715 35.394306
283 50.8107 25.062746 37.033974 84.057686 76.994675 29.26917 4.72461 13.226724 81.65855
284 58.990597 16.51705 90.3645 9.143257 19.101704 40.21833 76.07443 99.81729 1.0975957
285 83.31553 67.798904 17.111414 12.439049 38.70042 13.109046 19.176811 75.53963 73.86913
286 3.2594442 88.27098 92.41365 36.227215 87.15004 27.96526 3.6366165 25.00726 12.323183
287 79.57543 55.398827 64.65853 68.85028 8.611554 76.93753 1.1975288 76.21486 78.606804
288 2.453792 35.526836 56.42382 92.81265 0.7619977 42.56501 98.98783 18.64615 95.44849
289 96.41815 67.076515 60.463406 25.360262 6.817639 67.61049 53.544342 55.996292 55.509907
290 11.39716 76.75151 67.08717 20.888811 99.31164 29.127365 9.639013 70.39914 65.18982
291 62.989258 10.364646 41.40927 90.32364 84.45209 55.170135 88.46767 34.575653 13.648664
292 72.7111 47.04591 38.072384 78.43557 69.548454 7.769346 69.665016 4.585886 9.745169
293 50.295975 94.89805 65.21305 42.54592 99.78757 19.698536 85.58539 34.82506 21.501017
294 25.55101 35.03673 72.089584 98.39964 38.278294 14.123976 28.863556 63.6456 82.99232
295 96.609436 41.199398 12.9978 41.157932 66.64909 19.8628 62.931664 87.4382 1.454562
296 40.489517 67.95502 91.033394 58.685715 18.84194 67.170074 92.12353 1.2552977 96.39251
297 5.4869533 33.873295 15.730131 9.084326 11.706919 45.9189 85.0535 14.582247 14.449787
298 39.550877 63.159096 99.01017 20.902569 17.721605 64.78055 50.51243 63.726795 5.8869658
299 45.27681 65.484344 62.107582 30.45047 64.799385 74.55443 25.595009 69.68617 41.142006
300 33.99787 18.630207 63.51013 23.969227 7.90928 71.82638 30.946112 17.96189 64.91567
301 78.36591 21.750057 37.201164 67.285194 13.266289 37.142014 51.609264 40.861923 5.56041
302 36.229187 47.555275 71.27325 32.245533 93.33703 48.213474 79.318405 74.60311 57.506813
303 49.6365 29.420603 26.420038 60.84086 20.79575 26.639975 96.798996 25.71585 80.37889
304 56.191498 42.495995 82.237175 10.563576 24.945414 63.742565 53.334576 54.264652 26.323313
305 28.78639 23.822992 93.74868 81.720566 64.21818 36.358025 46.606606 15.525746 76.65807
306 57.850655 81.767426 13.47481 5.4771605 17.480719 40.729553 51.03814 52.666824 16.43585
307 5.0022125 79.4206 84.29258 60.93712 32.718224 30.250954 45.541264 36.592804 68.64669
308 68.89999 8.368534 62.806656 30.85636 52.414085 65.16462 81.58023 82.82752 57.16063
309 64.481415 12.875319 95.96371 48.39589 34.316647 67.589485 98.60961 98.0879 66.15665
310 44.555725 43.54449 86.523506 8.176369 46.779026 26.511395 79.628716 90.734886 57.903034
311 68.99318 78.72604 41.449463 97.756645 74.80138 27.896135 33.35764 77.424065 63.060333
312 10.519039 98.47256 52.834106 21.116531 9.323448 63.70303 11.162072 56.36314 70.80968
313 67.75976 47.72588 22.83767 46.739502 70.22812 10.450071 68.93276 63.068844 99.19534
314 13.83692 79.176674 34.866726 16.225046 90.7603 43.62201 38.10747 29.439384 45.881527
315 81.07459 13.496655 12.17407 63.23812 10.654527 0.5109012 99.101814 68.2985 23.779648
316 32.476913 29.677265 43.793297 64.67818 5.7265997 93.85342 92.775 11.368168 21.647501
317 43.68247 52.03211 35.3927 82.86688 60.880596 6.164521 52.491524 60.993065 91.75792
318 85.84871 98.15362 89.4796 61.95411 53.1819 32.276344 31.531841 81.853676 59.154446
319 1.9112647 28.8563 24.870152 81.48089 46.574867 15.840757 63.28677 20.008844 88.42623
320 37.888855 46.135513 98.06761 1.6569078 8.620101 99.61285 24.32626 38.90899 84.051506
321 79.506805 45.475727 14.954418 92.33024 46.597767 26.367271 12.06407 93.77735 17.35695
322 43.72695 0.61410666 30.686516 43.678402 61.384182 30.975735 71.31417 34.830612 59.8231
323 87.383125 33.677475 73.10285 38.074852 35.354454 57.086056 20.3633 60.363506 95.74741
324 51.775654 27.365667 28.909624 40.37025 17.653912 60.37724 74.85439 96.26179 64.138664
325 52.605015 44.93101 33.631264 55.55889 80.83048 47.374325 81.65534 35.852676 3.3038914
326 8.285946 97.82268 76.64968 73.78391 82.48268 11.565381 32.648952 51.938786 90.5358
327 68.10342 54.935665 53.263985 97.60551 30.647516 98.02813 46.144695 67.69923 20.564795
328 90.57444 91.43765 78.606 18.32916 17.35595 95.516174 54.018314 40.88766 65.29373
329 83.47875 97.84443 1.6181588 16.247797 0.34011006 15.598363 40.791183 61.36393 77.49384
330 94.75489 51.14778 66.43858 5.3563237 32.35724 73.94892 25.178982 84.48848 37.814117
331 85.034035 1.3382375 73.06832 72.12986 52.754456 24.569971 52.593292 83.75001 25.140398
332 75.602005 23.176872 64.308975 82.65115 70.16666 49.632507 24.935442 85.990074 38.298733
333 77.38522 12.063259 11.697584 45.439106 48.605896 69.135345 27.835 27.639156 82.12526
334 61.959118 39.621986 17.49283 51.768272 27.12282 72.28567 36.73012 55.679947 57.722557
335 42.826576 81.256996 20.72906 93.15274 61.42506 44.449596 20.727993 40.91282 49.63413
336 23.39707 2.3576975 90.87888 39.474922 53.29126 38.512486 25.439423 43.526505 79.09941
337 53.268944 23.023241 49.851616 26.906252 56.636143 65.1397 81.20686 94.816795 69.27538
338 6.9539666 69.84388 74.07372 18.911474 54.043716 87.02412 3.130287 20.432753 0.3009796
339 50.163906 82.96064 62.744987 47.488945 25.630527 62.074203 77.16697 20.835823 87.26787
340 69.78524 47.210346 68.907036 60.700047 10.58752 88.46007 43.065228 32.61171 69.37732
341 13.266164 71.89017 79.11728 44.19614 39.185513 10.33532 34.902084 61.63274 76.49992
342 60.05482 97.25387 20.597189 70.42148 35.716133 18.922497 97.48805 92.33025 28.25567
343 68.78117 63.507736 93.93436 77.53374 27.65858 60.79537 13.775599 77.862724 81.92504
344 44.956696 70.01253 66.13992 93.21652 78.356384 82.698074 76.099815 68.15073 91.1403
345 46.444237 27.357185 56.422764 69.378265 56.857197 74.8528 43.972824 75.02758 75.671165
346 95.009056 25.012964 7.743275 77.1587 77.890976 72.91711 30.094152 37.013077 30.04396
347 45.96248 55.737663 22.15972 47.105225 65.618484 43.878544 91.34682 66.98303 68.78029
348 16.264349 80.19234 68.15186 32.62095 67.49705 86.73639 89.77021 93.482864 42.067963
349 93.39296 53.801025 66.65263 7.8193784 15.249181 98.57547 29.48386 35.12942 92.47634
350 49.32369 58.981125 52.69872 93.55647 66.69979 39.78013 67.14142 46.268295 18.411667
351 47.91109 16.466354 2.904886 2.453059 8.584118 52.85495 95.81226 30.409925 56.568443
352 82.84228 77.658554 24.723757 49.94723 12.090951 29.290617 40.050877 1.8222213 65.47975
353 75.85013 32.932026 69.938156 63.33999 81.05219 49.415226 46.527405 2.5530398 0.042003393
354 2.1551967 5.5848002 2.1269202 5.713606 68.50451 23.228937 51.114117 62.28746 62.437733
355 90.05811 30.696302 86.60247 45.595093 79.04923 49.385376 3.0946612 27.644985 35.47022
356 22.078245 86.736465 21.454012 78.68851 70.72191 81.03474 23.693012 82.179344 21.223265
357 40.083035 72.532 55.299248 1.6682744 46.998493 28.584158 36.638103 8.648711 11.0202675
358 47.40908 17.453253 38.351105 5.09451 77.400955 8.591497 77.91812 20.720243 68.05357
359 4.501647 10.390228 40.79472 4.258442 62.82536 7.2788897 50.60193 62.865215 32.33527
360 9.577507 66.17185 90.18763 20.685709 37.91234 85.051575 22.008402 86.88498 21.763987
361 91.93637 61.02063 82.23374 6.5045 48.284103 17.201727 3.6583483 34.71216 86.46881
362 32.570477 91.17095 18.22452 23.520184 7.9151096 18.191265 22.111916 23.15669 31.746393
363 31.563265 87.70165 16.578949 63.835865 84.500114 84.52476 49.083603 31.717957 27.91269
364 20.220703 40.537506 69.50046 36.451977 61.712563 30.48113 26.839155 18.269438 53.10971
365 53.28404 41.148643 10.427648 17.623497 43.342655 38.766087 83.84703 28.172451 75.59194
366 78.14185 56.734013 39.24895 81.211464 89.04968 47.99752 20.022392 53.768456 91.69806
367 41.929573 83.63204 46.39366 95.45747 2.423352 2.3035467 7.981867 2.2301137 84.558754
368 53.49935 75.70984 49.37603 79.146935 94.037636 25.04719 73.23525 72.747856 81.30424
369 27.387691 9.868515 63.028717 91.71579 12.751019 54.467976 83.697334 53.911156 21.810991
370 6.309313 31.518835 59.25702 31.722033 40.039314 62.31234 15.717232 85.57863 75.990295
371 15.847021 17.584599 60.40439 8.120066 19.045263 46.698326 95.69085 75.6912 1.0001719
372 48.32521 28.867031 98.086266 75.48124 23.683517 58.66786 96.92894 20.606125 2.0150006
373 77.982765 98.22986 20.27952 38.103233 88.01947 83.448524 57.237183 80.20012 61.936646
374 62.567966 37.79062 61.52265 62.722553 96.49093 28.66603 42.948647 14.074058 48.81933
375 37.00125 21.463417 59.226574 98.4707 26.251537 78.54444 38.774734 71.27638 39.41606
376 74.333206 49.995476 28.919071 72.901276 60.51248 75.33948 92.086914 81.06716 39.723873
377 52.70775 27.895653 84.95222 8.629131 3.802514 32.369125 46.049603 90.90558 95.97458
378 21.544743 54.83058 65.199684 27.13278 70.61935 76.81279 80.03552 39.799423 22.069746
379 19.49628 95.63945 69.46358 10.031533 99.895096 13.416296 51.990448 10.121954 43.447037
380 23.273504 75.7906 38.633053 64.87071 82.08053 95.35081 61.447483 24.451668 12.274247
381 85.004135 76.551285 18.985075 96.04445 24.709713 51.609016 25.201733 19.784641 75.172134
382 3.2607496 30.286896 66.76501 27.720839 22.696447 44.715034 48.5291 47.666542 84.320816
383 28.022312 31.650877 68.842606 24.163277 69.59419 44.592754 25.026089 71.89875 50.638206
384 16.919815 12.028349 46.273285 87.13796 1.5538514 86.374374 36.28354 78.94914 90.66067
385 4.392701 49.11463 99.822525 51.78277 53.763294 96.630775 84.8543 66.649994 0.48347712
386 52.736164 53.814445 48.47531 72.98697 58.339073 44.447674 81.28974 94.777115 94.68342
387 82.94661 67.866554 3.2128513 31.743734 48.447025 80.97356 8.628553 80.05949 73.98294
388 90.07563 41.201763 2.2234857 92.57407 25.25599 47.145058 46.208363 79.01724 49.16066
389 57.94008 45.35123 45.85031 32.39015 1.3164997 39.216442 36.49599 78.21698 18.182396
390 32.37999 75.73 68.115654 21.223116 52.65006 13.624555 13.730663 86.70438 51.14032
391 55.57391 6.020367 27.254921 10.294926 49.810665 64.90329 98.99082 75.335655 92.1743
392 68.36563 58.01521 84.13583 63.31872 98.292854 88.63508 51.25718 88.873856 89.95614
393 75.94399 26.412642 81.45282 35.869473 18.901474 35.09997 3.2780945 34.452187 64.6854
394 60.311394 68.3561 15.463722 61.703445 6.34737 67.643 32.463 55.836273 17.69678
395 53.90841 16.588926 3.6756098 3.1006515 14.72649 3.8268983 16.951746 34.26506 12.223929
396 11.748105 36.06895 73.766174 92.22457 72.67475 17.546541 12.594128 98.894844 63.589836
397 2.8740466 16.172499 54.869823 83.19022 65.319214 41.790054 32.39672 51.65633 39.877953
398 79.97485 94.85203 76.42119 70.93985 18.777061 96.96573 78.97096 36.286312 41.11485
399 8.427799 94.06353 56.479843 50.750645 51.777504 78.34128 90.09284 18.138159 99.41812
400 33.82955 69.92586 30.911123 54.401833 11.007536 8.554352 89.333206 88.74946 92.83006
401 6.208265 70.31758 45.276936 26.145727 25.92991 86.93906 33.276634 0.3401816 63.787563
402 37.549805 94.341675 28.73779 72.069016 90.080795 56.83222 59.38558 85.080734 4.838586
403 80.98354 85.45082 27.483898 11.625963 61.77951 87.777245 38.872623 24.422157 64.1047
404 83.42091 43.217297 75.81554 20.30307 73.53918 3.3457458 62.109524 0.3781259 45.216114
405 87.117516 13.3083935 41.252846 37.114887 99.47533 96.37883 85.66016 94.75694 2.0585775
406 58.188152 70.56504 23.305017 6.274396 50.811714 27.045464 63.60192 26.193922 17.516453
407 11.114651 29.57965 61.737377 65.262184 1.194936 24.759197 30.507929 98.177025 41.312073
408 14.225554 16.318596 26.881248 18.336487 42.06459 74.73038 18.039888 70.83762 17.729658
409 59.39558 75.96614 90.73335 27.169996 69.10462 98.88533 96.61546 73.86686 83.40529
410 73.57574 99.43399 3.315246 56.551163 37.06231 12.459975 83.151245 85.2046 67.95127
411 63.762085 85.310165 97.443985 74.51626 81.7849 70.62669 29.69477 25.004244 44.275047
412 98.53274 47.51788 47.606216 4.347539 52.413662 16.86287 94.48096 51.813347 76.25301
413 68.350685 74.04171 95.20734 90.99599 0.13125539 67.88593 92.78325 94.22133 99.415245
414 49.30439 46.91018 27.922403 1.2698352 46.843964 53.95943 24.213427 50.871593 63.080353
415 64.366776 44.414234 55.11375 81.30316 18.863869 14.1038 47.070618 13.513411 45.97565
416 15.31192 95.94259 55.82937 12.171804 31.042635 62.166416 92.50046 34.248013 89.8596
417 66.615524 99.214485 88.615074 36.44057 41.285164 38.784748 74.52413 54.0182 91.42005
418 67.719215 18.497747 96.719345 93.37407 7.2632074 1.3276398 3.3141732 4.080081 5.4934206
419 73.20837 72.16549 75.15502 82.70921 18.486387 82.67195 63.48285 17.06463 81.007835
420 67.72784 59.53303 74.02212 51.355278 30.245209 21.421904 96.25836 5.8913174 74.228874
421 96.36044 61.150272 27.308863 95.95291 29.017002 43.511032 0.46721697 76.213585 28.633844
422 30.994219 84.1282 92.242744 81.46009 69.25945 97.56572 53.53846 23.001068 30.881977
423 14.988667 74.546036 4.34947 24.938028 34.68395 57.80723 9.881735 88.61857 33.462517
424 41.9544 79.11295 25.087923 50.394356 1.8888891 5.555463 96.64696 82.28172 94.84005
425 89.88382 24.179644 52.487434 61.007233 6.2475863 34.517742 15.5640545 85.45791 49.681725
426 89.97359 33.889412 47.270332 2.5431097 8.650297 55.787075 50.009113 29.864048 71.59045
427 4.2901278 86.01209 61.3854 21.277899 64.001915 16.212034 73.551476 94.93609 12.935728
428 91.94691 62.46682 41.504776 64.61061 39.11812 21.094667 30.72335 61.18558 15.892612
429 55.994312 40.56313 34.48804 29.726452 13.637484 71.05554 42.201965 8.695441 29.61387
430 70.64317 0.31118393 5.8923125 69.44526 19.384485 99.53605 27.994907 33.703304 12.07965
431 87.66579 13.09126 46.90497 45.628155 66.39286 95.595345 16.293865 87.21322 30.83238
432 33.791893 17.96754 83.33101 33.002674 98.46471 61.556755 40.905403 83.11061 28.506744
433 76.290535 48.972534 90.79568 14.760089 9.091515 17.470848 64.12299 29.032082 95.45315
434 44.877274 18.971432 37.78364 55.17899 21.700865 42.7461 34.954006 34.3533 66.65221
435 11.57394 65.40092 1.7123997 37.687386 82.14934 48.18943 59.260185 73.67512 91.32798
436 20.208157 23.695791 93.31652 66.87839 17.147081 14.983881 96.88005 20.261621 66.61355
437 71.99989 0.5862415 91.00253 52.034958 31.236685 51.93385 96.53448 95.001564 14.491278
438 72.31268 11.052054 15.907192 94.499435 97.87022 21.910906 50.278328 45.7014 14.324797
439 57.803883 92.23463 50.56916 31.345516 34.961544 92.34997 62.877975 18.907333 56.930798
440 79.09971 28.4527 34.90319 31.34663 89.464584 14.561873 40.03706 30.111504 62.557983
441 92.3843 3.981191 34.42848 61.852707 76.758415 13.867545 35.405785 77.27453 35.483383
442 61.869667 36.980564 12.729711 1.3229787 98.95276 58.531254 71.235405 25.93199 34.42374
443 7.904834 6.4777613 11.356282 49.860107 85.134926 53.1504 4.5398116 97.05869 46.638554
444 79.703674 89.205795 5.108464 68.23516 16.104704 11.177701 25.40288 72.32651 99.87301
445 14.095283 65.77708 54.71626 99.083916 86.79917 77.95594 54.853844 18.349583 58.45537
446 64.666374 50.09043 69.18761 57.63249 14.197975 30.47949 99.92369 44.703854 77.5517
447 81.69838 81.663704 58.614243 4.817539 96.0795 49.290817 97.52509 7.8563986 67.10221
448 2.3368418 94.24864 22.074366 42.904274 96.446976 0.6237984 83.98056 6.6312313 57.57053
449 66.814995 7.7851954 73.273155 47.59552 81.47913 44.55717 96.87313 10.594379 24.20914
450 4.0186763 41.774273 55.913998 2.801007 51.067345 5.3603115 49.84384 92.69293 97.3082
451 76.30728 17.408955 35.191006 59.53157 55.782913 14.901519 63.439 71.03889 63.701088
452 51.090122 21.93641 3.404045 47.767345 78.69549 95.996506 82.63793 29.657894 79.82438
453 23.916393 88.332405 75.59096 50.80132 86.6667 82.29474 3.420049 88.48414 50.275238
454 76.10509 16.160662 66.01114 25.265575 68.16051 33.825024 99.38309 38.8184 39.89398
455 28.165262 74.77421 29.863817 29.323996 15.30891 71.49682 49.012733 5.8100758 41.51836
456 57.68013 5.833167 62.333202 89.93803 99.59421 70.02327 56.82491 19.040627 44.84714
457 22.890842 59.630386 14.692956 62.159615 26.394457 64.2708 40.78737 32.8942 41.822548
458 58.990192 21.998756 42.864918 84.784775 29.418152 95.509315 57.117207 51.177567 11.898679
459 55.889618 29.354017 26.589281 63.03804 63.44152 94.55598 93.467804 75.7834 36.21587
460 75.2317 53.335403 4.3936014 39.94738 44.830025 70.26592 60.102592 88.94568 96.40234
461 34.41326 82.76389 80.50182 59.937595 16.086023 59.52393 81.883286 61.283188 90.00235
462 54.38897 44.07963 71.65382 22.04352 88.77118 22.020298 25.920391 25.982368 5.635172
463 74.22201 95.73026 72.029236 93.18971 3.2559574 59.665382 2.1666229 99.21465 84.8865
464 75.78957 26.495975 46.67922 41.36684 4.822731 20.372402 54.453564 11.642414 66.62526
465 51.944153 64.365135 96.87611 14.559645 64.64325 94.888084 47.855846 46.558094 47.806202
466 51.227386 65.866745 17.371208 12.364072 66.87813 10.21555 91.567116 66.66801 79.878136
467 13.803005 63.524334 62.06072 31.463247 68.282906 40.1044 58.628696 40.777683 38.068535
468 19.157284 91.35136 58.345753 28.706158 26.819468 96.08839 36.400352 71.19945 87.090546
469 66.81789 5.67103 86.32137 65.86026 51.36703 97.20985 78.68501 49.908817 76.491394
470 52.185257 41.56917 19.984358 6.295359 81.776215 62.728054 50.502586 45.196335 59.385937
471 36.488937 0.40533543 70.282646 85.964325 56.501953 48.01195 23.173958 80.440674 80.00854
472 4.1154566 71.35395 26.846212 82.21047 12.993926 9.20642 99.93489 17.330212 10.367698
473 63.263042 85.83744 50.65115 54.638725 80.88852 83.91942 47.920036 26.065952 61.025154
474 92.530334 0.0027000904 4.9891114 56.74504 43.26368 11.94027 91.004234 77.077545 5.794388
475 7.2012067 20.370996 7.567292 64.98096 45.92136 28.211653 80.76342 1.9370615 56.539555
476 98.62236 67.64335 45.976673 55.05192 52.10162 44.948734 11.06565 17.019022 52.211346
477 70.48214 71.58149 61.672382 27.690006 75.31908 52.263634 62.501472 21.963448 48.182446
478 17.265488 67.389854 7.8384757 40.26769 5.7925644 66.85517 63.87155 88.773575 16.090483
479 9.68886 62.295544 32.27341 26.25323 20.056747 92.34144 41.65523 26.742195 2.9946625
480 52.249336 95.2811 44.487465 40.60629 17.229313 97.689995 57.394455 28.852695 97.17251
481 46.834892 27.974594 4.632324 69.15698 47.552513 49.19266 80.220085 26.93103 8.578503
482 69.57426 72.707565 67.84377 39.61523 99.8038 70.821815 11.44517 34.224415 52.68988
483 71.666306 51.573788 16.951525 12.265706 92.10639 12.632143 90.207664 97.27489 80.60849
484 52.4205 11.962515 87.27816 37.54288 8.926577 0.97782016 25.576199 77.795235 71.479805
485 16.684944 38.11369 16.833097 1.3661444 18.246216 99.1074 28.285032 81.116615 27.0131
486 96.48612 51.069855 22.046232 11.49376 69.066536 30.92938 57.108845 79.86857 95.000084
487 73.954216 30.68884 5.657798 51.261147 97.741234 22.576576 63.77751 57.21465 63.891647
488 3.1374335 11.155057 83.57575 8.668995 67.713234 85.36573 99.88977 97.11907 86.780716
489 1.2606561 49.114906 70.45349 94.58929 16.957712 53.644062 42.971878 22.224838 92.351685
490 51.37715 9.514838 24.678087 33.76666 38.03763 18.981815 7.974887 73.63702 9.163391
491 45.710564 98.25724 73.08811 85.004135 85.70397 15.452915 14.733434 98.39533 26.326006
492 89.46791 12.460793 90.59096 89.002815 45.371204 51.811165 5.6178093 47.80247 58.568214
493 68.93378 89.12686 50.984585 53.295864 16.020536 73.68092 56.478153 63.796024 67.380295
494 86.22154 69.84501 62.177162 21.524502 13.946176 99.0114 59.260113 12.223744 57.411636
495 13.608688 22.68967 74.70016 31.332832 88.17535 12.4076 23.992783 17.802864 83.068344
496 78.41626 0.9356499 58.61892 60.357685 84.86977 69.79772 94.71836 75.189156 42.22693
497 10.937119 24.63361 27.368515 33.866764 25.121498 90.14801 99.82546 92.64438 44.5737
498 87.32544 67.05413 7.856125 53.24423 2.7041972 89.80425 54.55497 37.026733 47.163624
499 54.733837 29.738544 78.17097 89.82414 97.26169 37.314903 49.372776 18.927216 10.621637
