250
20
0 89.10183 38.433914 50.21375 47.719604 38.024666 78.55431 48.02068 29.28292 51.22379 67.10424 23.574686 1.4444768 91.17359 89.11337 45.273964 32.745243 59.20514 74.21036 43.87592 69.38771
1 65.66447 43.33513 49.004906 70.34774 11.111635 83.09561 33.63012 11.505455 67.39168 27.960676 51.561623 20.26797 61.328064 24.8496 48.343555 93.84233 21.416086 97.51477 1.1438787 13.269872
2 9.481234 37.094402 75.00894 97.50996 24.133503 95.82442 49.39229 23.530643 94.3702 11.443699 74.96482 41.109734 32.299976 6.4182224 22.715681 26.764744 50.18226 87.67266 18.170475 87.12286
3 74.36642 75.791626 47.657585 45.63092 76.9019 57.186954 41.980408 30.622847 53.266006 25.886059 98.20035 50.552757 74.57421 43.55525 81.66271 62.122475 46.614624 35.11872 48.62815 47.85278
4 91.962616 73.67022 62.190712 55.44957 0.22573471 20.912815 9.417761 66.49471 44.145256 39.528973 11.247528 56.252575 53.907604 0.9162605 95.59855 49.74786 60.72282 77.67441 51.918148 37.0693
5 34.702194 44.96034 27.12096 68.73238 36.564835 61.015053 60.20406 40.849094 2.0413816 55.297947 88.99529 1.0734975 70.40005 6.0414314 27.28033 56.400608 31.737703 28.774351 85.31031 59.787308
6 93.06078 47.383045 49.325527 56.444633 81.29305 61.321785 5.7136774 15.04057 6.819707 21.200651 78.78959 81.78327 87.70034 52.53228 85.534325 24.57096 80.01156 29.08436 10.125393 73.55382
7 10.729366 56.05163 81.4489 77.32431 67.01133 24.928963 40.294563 39.617817 49.62975 0.15053153 3.4426332 59.25945 52.64411 78.68345 39.768326 90.842735 29.249918 72.06722 40.787304 70.291145
8 52.230824 22.92267 93.279495 98.36563 72.76288 19.579332 94.85677 56.985832 33.72814 80.86484 21.241648 3.8855195 52.505566 73.75081 84.82318 76.894745 66.79934 7.7591953 72.53676 61.612762
9 37.880253 37.913185 23.624474 77.303154 45.157337 51.494156 87.282875 2.7112067 39.83273 19.67855 71.06685 53.694378 73.1495 52.8269 64.228294 90.90061 85.11346 5.1451864 58.522945 51.371407
10 55.308144 60.81118 31.579048 81.343994 40.344215 87.44472 45.409657 87.44873 78.4694 34.800945 12.35168 4.026598 45.85439 65.393234 11.476916 99.82147 30.066788 40.833103 95.75331 67.540085
11 12.31708 22.24695 10.911411 74.73826 53.335308 27.243507 74.62626 19.517876 79.407 79.426285 14.356983 65.24917 0.4151225 82.04618 85.65457 5.9241114 35.018326 95.56058 43.176033 89.069214
12 7.723337 32.90633 93.81511 42.98132 46.022034 47.318817 56.623894 86.29261 84.465935 49.463757 95.4657 52.72839 57.108902 85.23021 87.08091 24.912565 74.79102 47.313805 75.49844 16.032827
13 72.95546 5.0615253 31.084412 65.24584 26.838367 73.12893 43.145973 65.3381 50.766754 13.306618 94.62566 33.130764 77.819214 71.20472 88.31401 73.50908 95.19126 93.95653 60.024364 6.162113
14 43.26402 93.13991 45.723385 94.84543 65.669426 2.9572308 88.665924 87.245636 80.70506 14.410764 27.680183 79.664955 77.469086 26.62503 98.98456 25.399643 83.31438 64.27614 87.95243 14.8159685
15 1.9769847 40.778095 62.297707 45.00044 47.396614 58.749874 9.017354 39.059605 49.25751 98.455765 40.445072 61.56323 49.140274 50.303505 62.852974 44.4703 46.455723 55.835693 48.658115 94.66923
16 60.65967 72.51269 81.48322 2.8343856 9.31344 18.322098 64.683685 36.794693 33.11384 63.036526 87.645874 49.484055 40.883457 51.76654 20.907856 0.56669116 75.5676 94.12009 78.23762 16.085793
17 81.46835 57.396214 10.073959 46.365337 62.263763 26.23573 23.600943 28.609484 76.876854 53.262806 7.1613016 87.2115 8.104616 27.529997 44.252502 77.03646 28.281952 39.88822 60.088684 78.523544
18 62.39432 69.41846 53.312885 19.32168 36.281574 53.27205 30.129702 26.596415 84.27327 16.971619 7.6827946 3.707397 54.20388 24.538486 69.2742 91.550575 79.778885 81.661026 93.92087 80.6926
19 21.265715 72.23918 6.2431097 18.018139 0.09662509 93.58514 85.81353 28.794552 54.884125 50.691288 75.46141 99.97783 23.318546 80.470566 49.78726 36.69595 43.257313 65.71877 64.016754 74.92015
20 67.90596 11.545097 41.599136 68.452866 94.27272 47.77782 70.47884 46.91851 15.056419 75.80443 33.151287 88.146194 64.86643 41.68588 66.42733 58.201607 49.304356 16.245567 31.810373 35.69091
21 16.149384 32.036854 26.633675 64.46702 61.93831 34.315598 6.2731447 26.474644 13.932472 73.87347 47.06505 20.445383 0.19705296 12.125147 12.804479 94.07925 21.723705 39.300953 1.2260914 49.119003
22 86.710304 73.90189 23.58418 7.5458107 13.837421 22.46455 94.82682 50.5185 78.27902 22.710007 94.93434 72.47567 69.946526 67.67659 66.3628 4.1653514 80.84401 43.63736 77.35886 68.71728
23 99.22551 98.467224 46.9164 32.997948 88.370445 60.4531 61.612152 86.47032 82.17312 28.946114 36.335213 26.01316 67.379944 69.163826 75.42406 97.34599 11.270076 33.100677 74.917046 61.875057
24 65.99069 48.94762 94.04323 37.254025 57.818794 32.519817 89.82789 36.38683 86.57982 68.620766 4.4213176 83.94428 91.628075 38.520283 73.70226 72.99162 24.56156 65.09284 67.645615 83.61274
25 32.647587 50.76613 9.223056 87.36243 42.278217 69.19169 57.137722 18.188595 19.223059 71.20998 87.95034 84.66076 16.630114 93.7905 11.171174 7.751429 36.3346 39.548164 84.26659 91.18839
26 71.824455 79.345024 27.421034 10.984248 58.99707 34.369976 36.028248 60.92579 84.5021 12.749779 44.543606 20.65037 30.942642 12.794649 52.361225 51.845783 27.505047 96.84776 1.1946023 50.78909
27 16.772223 80.627945 16.010612 36.910088 0.67625046 49.979137 36.429226 77.657036 36.95385 94.93341 72.75262 0.30115247 82.33759 57.629955 97.08784 27.399391 19.362444 1.4018357 3.5992205 70.71123
28 23.470337 81.54294 47.55599 0.016754866 78.49681 0.01552701 56.87383 60.405106 98.12662 55.578033 35.197735 81.40103 64.07618 14.2424345 76.70887 11.292374 18.229406 62.161148 50.796436 23.045164
29 4.4099092 11.358345 2.113849 97.38985 18.671936 88.33543 37.497147 62.48905 6.750518 84.48377 26.485067 96.82409 19.507038 6.2301755 44.0302 16.645664 66.78144 60.535294 1.275909 25.918615
30 76.02029 9.188157 88.405396 4.8587265 82.457466 42.5295 39.519234 22.929817 34.609978 61.84298 96.80164 48.874958 63.607174 29.540878 24.991005 79.64033 22.650814 90.11394 9.0368805 52.871376
31 78.02298 83.10342 61.027058 45.287903 13.897067 45.38654 96.78833 88.259796 77.206024 24.95876 99.352455 69.20245 27.484966 26.07262 23.643291 95.19788 0.4993379 57.792217 73.755615 6.043577
32 38.22284 29.294878 87.09586 65.56812 65.03428 97.96117 26.037003 80.67522 98.61152 35.61628 21.765018 90.643135 10.731518 97.20858 52.384846 98.48377 98.91656 0.5357146 10.394812 40.737606
33 84.53929 8.967757 17.17807 91.34041 20.6173 37.896973 44.607456 93.85451 16.15821 24.10276 78.18907 9.428048 70.687325 32.408886 0.91528296 45.66484 58.692955 60.79195 42.256935 4.797697
34 19.414217 11.15036 49.157757 14.117563 41.988045 43.75081 23.724102 3.7887037 2.8457344 37.234653 90.314766 98.558235 13.845837 49.10302 9.27723 32.341766 92.45334 62.733223 28.5577 65.44189
35 24.89171 22.947496 42.30568 40.753193 79.23291 92.510025 18.434917 10.557753 46.542454 4.0319386 27.488644 72.56336 67.216446 65.79314 92.24831 91.140495 98.35056 93.93211 22.044724 36.042004
36 22.24735 58.11125 64.96291 30.324608 0.9383559 21.749138 23.925203 66.127235 75.87591 42.648308 34.401745 71.10566 63.802345 44.57528 89.20515 9.695059 41.3604 27.120543 43.01287 97.3041
37 63.45965 9.842366 11.023956 27.680313 59.013306 99.95571 44.156307 44.984455 66.724655 81.15479 70.64976 83.83986 51.510765 77.855225 20.643192 99.3646 6.345564 95.32268 27.589565 81.84306
38 36.287582 45.745747 36.16992 9.457058 21.796793 75.04883 50.139965 19.894386 11.768866 19.677364 61.325203 55.51598 36.714733 69.0867 0.3704965 55.23725 6.943244 43.401455 5.007899 72.82098
39 56.2806 29.674376 78.25485 9.658003 59.661613 50.16208 99.37893 69.41039 32.795727 65.66342 98.512375 1.5032291 68.04928 82.660385 31.880564 75.084274 65.76087 28.999264 20.69524 59.743355
40 41.548122 66.20258 91.39147 24.32875 73.96258 2.0733953 78.15419 61.25978 63.35946 72.71739 97.246346 6.771016 1.386112 53.95571 54.73842 33.802532 64.437164 96.63017 9.633696 15.355873
41 96.215805 24.628735 39.432926 83.95981 0.6844938 87.50627 77.79596 84.64193 32.750046 78.08371 48.609116 42.00046 19.636852 48.92715 68.49085 39.447506 29.749662 37.501835 43.162304 63.5948
42 0.6669283 18.238592 31.333357 67.53351 55.554707 78.73217 83.53235 92.18882 53.627228 87.610985 99.922714 89.092255 0.24618506 11.891043 59.451164 65.2014 64.84912 13.2776375 98.06898 20.518654
43 38.19561 25.146109 3.2338142 42.233486 86.54638 86.867645 18.968899 20.271725 0.5366564 99.611374 45.527214 44.123016 75.9251 10.42574 71.84101 60.591976 26.409674 29.76796 0.6533861 17.94861
44 3.6807299 25.01241 45.31496 90.421745 64.27113 99.93843 75.031715 84.979744 68.06695 91.70305 19.780277 42.08286 50.12652 74.08108 76.63737 86.09064 70.350044 13.356155 71.934944 87.09805
45 98.23666 53.533543 66.05072 12.299615 30.216152 15.695858 53.934288 64.99941 1.6637325 45.323627 30.375158 96.86514 45.577908 77.05527 96.82588 93.04936 54.964775 62.278408 80.14854 49.76441
46 30.230766 7.5526595 83.3662 14.506549 79.40679 45.400948 66.345894 35.399788 94.93819 30.523365 58.850105 58.40113 52.268993 58.84727 89.669 30.023014 72.77889 11.70606 0.24423599 64.7411
47 16.114212 58.324562 27.540756 46.636494 27.968143 14.98288 43.700676 75.652916 71.35276 74.844734 35.570198 82.02564 28.869068 37.398563 78.43721 5.1673174 35.988556 87.50588 89.726524 23.095835
48 10.538822 90.734665 51.005913 78.19268 90.12869 81.337395 23.058235 47.831787 99.90833 52.09054 88.131775 72.675705 9.653968 99.23277 76.51601 69.967 27.573372 1.7237782 38.588287 8.031029
49 33.38952 0.60743093 27.285772 5.845332 4.1784167 2.8283179 54.98703 97.62845 1.180762 33.65716 80.010994 86.976204 96.503845 54.97946 84.8936 23.458553 46.47156 12.956161 6.3807964 2.4296582
50 98.62083 70.650635 17.342108 97.05444 26.297844 69.62167 96.78334 31.486834 56.857174 82.50758 35.60593 42.329372 24.051172 7.385868 44.071396 18.85609 73.82139 88.11155 59.992355 73.19714
51 65.933426 54.653572 13.959801 52.28445 86.36094 78.21356 25.463957 41.674053 50.714916 49.987877 69.17209 25.538671 85.08485 74.997955 28.04976 0.6183386 4.224789 36.454033 5.17627 8.49964
52 18.959469 27.433937 91.29436 59.34498 34.94404 68.865036 24.19737 0.5084634 7.4902115 72.319725 49.403225 10.060877 85.13762 57.21091 21.167023 13.122028 65.131065 71.654724 17.277866 68.3973
53 43.15387 79.41678 80.368034 14.080465 27.817429 79.65079 19.29428 2.2736669 6.8356156 97.0631 84.75455 65.55839 59.896816 75.99462 78.46362 19.908672 65.42879 98.814865 21.275997 6.666279
54 11.235976 25.899023 25.523985 50.00186 97.94097 78.044655 25.005753 62.688137 88.911644 92.0313 73.54743 74.940735 69.593346 23.497885 42.473145 11.685663 5.6461573 28.583437 17.806482 71.3455
55 44.82633 64.83676 10.319895 2.8692484 68.02836 33.54878 62.929565 71.34566 25.260221 68.51273 39.24993 0.5300939 71.56346 21.696318 49.784924 82.68966 64.07887 23.65569 65.21417 22.34772
56 76.7252 7.7840567 53.067745 96.12074 4.495609 92.53108 79.869255 51.53141 50.43689 57.228886 47.225403 64.40932 39.277153 25.604874 80.57235 28.52372 70.78743 69.75123 93.14088 59.014206
57 90.742645 57.369076 86.52126 69.88878 9.291649 10.438323 80.904465 97.55191 66.221275 5.8192253 52.1222 19.52759 24.633862 92.221 75.03926 88.08543 52.64351 95.83829 71.26483 10.507
58 24.586987 43.934406 47.70584 54.700882 75.75712 14.729768 6.907296 4.558742 78.67867 68.93397 52.696793 92.9225 64.40089 86.75612 99.22111 80.699265 93.17976 10.663837 88.442055 53.223198
59 28.335106 22.776817 2.5188386 64.44066 92.1193 93.62552 21.780842 66.22051 79.3193 60.94374 76.28499 24.707668 83.284256 0.8704126 95.916504 4.104084 99.444305 64.89975 8.853096 16.845053
60 26.540936 82.440765 25.755442 19.423521 88.16699 87.03973 83.61994 16.994333 63.319057 63.109123 91.74163 14.571989 0.062328577 36.13149 7.1601033 75.638336 10.728365 32.317425 79.33336 73.13331
61 18.999088 10.9574375 6.2020245 16.2565 71.53147 54.392387 75.42884 27.717007 1.2617409 74.62588 66.14929 18.803574 62.075645 32.914852 25.332754 47.988194 60.082436 47.81441 27.678467 57.1186
62 14.290131 99.5464 74.26574 7.305777 57.113617 93.446014 79.91755 4.3909607 64.98435 74.667336 65.95397 26.714874 12.562954 50.161682 88.80668 81.45443 5.936533 64.85594 47.496407 0.99609494
63 45.028824 47.44174 77.46551 98.95 31.640934 20.539803 34.492092 83.05653 4.516035 1.3414204 31.739151 36.292606 88.08591 76.075485 23.32024 40.154278 67.67766 46.5443 38.567497 7.896489
64 95.56388 34.064026 98.50101 98.280266 23.020601 7.800734 77.41995 90.25839 91.26829 35.88503 72.22498 59.478443 85.62851 51.80644 75.76095 22.267467 13.311285 81.233475 10.424405 10.966998
65 45.897484 89.18999 8.358407 45.505028 26.800228 20.868528 45.169693 44.630814 74.84609 15.515911 67.22081 21.317202 74.7394 48.83496 46.709503 70.78695 79.75275 90.07362 54.045593 47.087646
66 21.777885 63.09322 30.133146 41.082203 28.189993 51.710655 50.28453 95.407364 47.202885 46.795124 1.4190614 91.96389 35.966503 62.081688 1.2793183 16.73301 35.082077 46.36789 5.5433216 82.37176
67 45.054024 48.42369 10.393363 78.64457 4.087305 87.11999 25.357294 27.13123 1.2680292 90.3301 76.66314 62.95808 17.285866 72.25817 94.10366 20.985132 78.2871 57.985855 25.215572 5.718255
68 13.064539 57.005615 26.725323 7.2829905 84.537575 62.937927 73.54509 44.490612 2.3554444 75.93715 45.531635 70.05417 32.536243 26.714563 48.71707 32.39225 84.46171 28.698074 74.321815 18.522995
69 46.475643 7.4696245 20.661713 88.94483 44.034786 96.949165 1.7253339 89.08126 33.152294 50.31663 44.94526 84.102936 5.1342545 73.68076 69.3044 11.315197 43.78036 43.130527 14.753056 93.70544
70 34.804787 34.96522 22.87364 71.89148 9.799022 66.33339 6.291586 22.117239 8.233809 73.76726 76.52748 62.938393 44.4735 22.54358 64.41427 60.972893 70.30751 45.60783 78.02559 20.015657
71 63.906235 19.95613 15.998543 41.703617 54.261433 46.677814 31.472147 38.848377 96.015755 61.93551 17.449326 43.923306 47.126114 56.42364 28.634703 9.707403 14.107495 64.540016 39.676605 41.769047
72 23.796904 28.677643 63.783688 23.650736 52.85208 83.56056 68.99264 5.9358716 6.811142 8.081913 58.59363 85.797386 38.803078 83.14466 55.596848 30.415232 47.29467 81.855034 3.432417 17.387306
73 95.027466 19.1899 72.664085 19.841099 64.04374 50.87688 29.275047 40.58785 59.988785 42.429382 58.524807 55.867123 22.337025 18.61757 60.513454 17.839527 94.51392 48.494804 2.023089 59.14291
74 81.82654 51.61226 63.094204 60.990517 37.4913 15.231371 96.86125 77.22687 93.73523 60.984413 94.70097 34.55174 10.889321 71.15177 34.58747 58.167736 81.59263 90.9459 84.10884 52.111076
75 67.7506 33.154816 27.855413 14.50634 96.869156 77.252914 15.372694 5.2775803 23.008627 36.49772 55.68253 43.093727 1.123488 56.272842 69.17208 70.48329 6.2901974 55.49912 0.6564021 42.391323
76 89.65608 63.61755 78.4201 10.5526085 28.308178 79.5633 4.386127 60.813248 38.16632 60.224747 88.15394 25.155895 58.01562 65.85441 1.96836 17.190582 23.539185 63.31947 70.76009 7.0962725
77 66.38366 37.312572 8.835358 57.58173 42.64148 39.863968 36.747044 29.83542 4.482019 32.69236 24.074995 51.422775 28.886599 40.904583 98.56375 25.746346 48.482407 43.91704 83.16035 84.406
78 45.33061 16.650312 90.37223 14.288026 62.27134 95.28054 39.999134 75.494514 15.191328 54.16849 20.217632 4.62895 99.550606 28.89229 83.31095 31.125301 35.93613 22.258604 32.699585 28.203505
79 91.61969 61.24831 95.562904 50.922592 11.462903 91.36629 90.03346 53.26732 44.476063 66.92526 44.041843 16.138004 28.402693 20.325232 37.30063 95.72457 99.43567 27.132517 53.114174 24.55346
80 97.20131 66.265366 3.721708 68.332405 95.167175 53.220367 44.32172 83.72723 76.391205 79.201775 5.9471846 3.8445592 5.850148 58.231056 46.68491 38.233273 99.343765 88.61934 61.644703 46.738422
81 20.108658 3.1924546 73.43216 85.93842 26.796072 75.79383 92.07266 32.87663 68.438126 89.09235 33.346962 33.38136 55.575104 52.641342 90.86491 66.78654 3.0347705 0.3349185 95.02184 50.96217
82 24.196291 35.56317 62.911255 62.197685 83.253395 30.968975 50.531094 14.920497 69.392204 11.054587 92.00402 33.059746 22.360533 41.090904 31.381697 64.97511 4.1309953 38.77132 78.83075 9.470016
83 6.816572 97.5636 14.074677 64.01692 7.313311 27.298523 1.928407 5.772102 8.011693 50.555866 15.206612 19.392365 38.090088 48.042805 93.37464 86.543884 68.19706 85.39513 16.76383 14.083308
84 13.62266 23.468596 88.27671 60.275425 57.29391 67.839485 81.109375 0.48435926 18.110573 37.325985 2.5289893 80.24412 65.32971 70.11347 12.135535 29.497837 43.041183 66.56782 16.844957 47.426594
85 16.441977 24.915218 94.15238 23.311365 93.869286 27.329838 96.729836 91.24392 64.70666 5.0908566 93.305405 51.492405 36.713825 60.64819 57.845146 50.518574 59.489506 67.78545 37.662888 36.92872
86 0.16249418 57.514603 94.12669 89.22886 48.585094 33.617897 1.5866995 0.6631851 91.904205 37.420155 22.052551 59.47826 21.099848 93.790504 7.59719 52.815964 37.66315 49.714535 58.617752 67.5544
87 78.85146 51.032494 24.666245 50.556595 0.78707933 62.908195 42.857735 8.034343 64.99882 3.8894951 85.71964 73.48296 94.84637 43.470913 31.172478 5.599827 71.68282 78.10981 69.102844 11.7838745
88 58.72941 2.7307212 45.23865 44.558216 94.64982 93.74132 88.86192 23.206192 23.973656 8.15329 27.957142 72.021935 2.145958 32.04119 16.913837 91.117325 67.45056 13.582283 67.668495 32.281143
89 37.812035 32.41378 16.528255 7.8481855 9.026718 61.947273 83.77899 27.111471 82.874825 6.3305435 1.015377 15.021324 83.452225 53.496395 27.975105 99.590744 61.622356 2.5489926 44.112206 55.71348
90 88.48126 52.786846 44.364624 7.4554386 85.967 95.93586 59.282173 32.07138 87.10884 28.466928 49.167244 86.109955 99.84153 0.8132458 33.99071 16.393984 20.811558 81.30939 35.98826 1.1084914
91 2.2398055 28.984379 51.992172 33.714146 72.80896 18.006289 86.24367 55.26162 98.90528 22.459389 61.760857 19.556957 5.616343 70.91159 65.96541 46.47649 56.986553 91.389275 52.421898 57.82169
92 85.53829 47.218513 20.000435 69.02176 14.421016 78.82992 79.88517 20.628828 98.25664 14.984208 32.52771 13.115274 26.37379 55.696125 45.358074 64.49306 54.295 97.96536 8.852106 45.564682
93 14.75066 21.628834 66.01095 85.3278 80.896225 56.40402 47.594513 47.647934 23.619991 50.48724 93.29107 98.55626 97.72795 76.70355 14.682585 45.50312 73.32032 72.790436 28.229315 89.998505
94 77.83527 79.36089 0.9567261 93.00353 49.096306 31.671928 55.055927 78.22384 2.3884714 81.571266 43.740974 57.42642 56.29742 83.77316 64.539566 39.7018 28.027838 18.598253 19.38874 14.180535
95 23.49016 41.990955 66.686485 74.35519 98.986176 36.302036 68.59838 78.43992 37.27579 73.10662 98.784454 31.012732 52.673817 16.144966 99.2039 88.738014 48.172157 70.063156 19.248272 69.77851
96 87.0397 83.54418 22.181017 10.408753 95.60957 16.019886 40.322105 11.479992 80.776 80.61679 15.769214 45.217735 61.906975 45.302464 93.41575 13.125915 83.31275 55.16387 79.895386 17.609083
97 80.036285 84.97924 39.700092 12.699806 20.55279 29.165571 38.494907 57.700336 88.0489 30.033403 35.559635 6.6344795 94.426186 62.109917 70.86115 16.48991 44.229996 64.963486 37.597298 58.95744
98 89.597336 17.154253 4.8145113 29.698593 91.36262 95.13321 85.1098 92.36648 39.036774 71.418526 84.2673 93.248634 85.92485 92.30487 29.29929 78.38951 41.673565 85.635826 31.670963 25.591015
99 88.60985 90.528656 87.95949 26.302004 69.97322 62.936012 61.867153 69.92345 46.249954 90.92386 91.972725 68.620125 53.039818 81.71437 68.024506 32.798832 82.042465 46.87577 55.676277 54.756958
100 71.720055 83.33771 92.628 64.705696 50.915962 4.7858357 47.00449 93.82404 56.190727 31.86633 16.897928 62.909515 9.94277 69.75053 55.28578 32.579636 33.640144 40.02106 50.550854 17.175365
101 99.894135 50.407825 54.671104 15.169972 33.90791 73.30005 80.474754 24.94998 33.35151 12.678647 39.393265 47.579025 24.326223 2.451229 41.676033 74.16272 37.228455 38.2434 63.404114 81.5971
102 11.51008 73.431816 6.7660627 29.012512 3.1242073 40.332664 51.40916 40.63785 17.472279 3.5370886 51.29009 56.93938 57.621376 36.773865 60.917072 32.878017 10.193354 92.5565 41.36154 3.4366786
103 76.45654 18.224276 65.64389 35.963642 44.655357 58.615963 7.3498783 55.44178 31.434 78.13393 99.45966 91.92111 49.35218 69.790855 12.780362 33.750217 77.019356 90.220276 47.03775 20.930784
104 75.418335 44.6251 1.1391819 20.230299 54.741 29.099834 92.46471 48.265648 10.77162 37.367638 4.9375715 56.572105 17.843842 30.210049 40.291393 39.966846 50.04437 7.0379734 31.173737 47.88704
105 56.081295 76.26827 4.8535347 59.72254 2.5816321 93.35876 95.241554 66.68089 31.097668 79.25277 23.162592 91.93612 15.413636 87.14373 61.37008 80.555534 16.544754 99.25396 84.26556 24.114042
106 85.86389 87.90543 61.838238 20.451473 73.89256 4.532546 83.694885 45.47369 39.33292 87.24767 9.493995 65.325325 84.83581 30.73427 5.477399 98.06539 51.801872 3.0335963 88.51768 43.8634
107 4.264003 41.449486 6.1437187 11.723036 3.728813 16.371048 6.9041195 44.16474 93.95442 27.16884 25.277424 64.80166 62.26474 31.132566 20.798557 78.28376 46.463703 5.1748753 75.36574 38.9303
108 2.0949721 84.02823 95.6063 70.104805 11.135179 99.022354 70.06123 77.902756 91.71569 82.175285 51.706356 22.227978 89.70542 82.99864 34.43682 18.348396 91.58422 34.659416 53.63443 70.37756
109 77.685005 74.31865 3.4136474 32.9699 33.33544 74.758026 40.760708 52.301426 89.50475 43.797104 55.264538 15.904057 75.136 40.29698 64.77325 2.211827 20.360237 94.35425 45.942986 44.15654
110 57.251324 91.03787 94.68762 31.525082 65.753624 25.949305 6.9605646 69.08093 14.029902 94.04358 73.638916 71.98954 40.923576 65.39941 44.633095 27.516895 33.762848 0.6459832 63.372196 38.24839
111 16.66991 90.029854 31.73877 13.4718895 96.2558 71.9401 92.13274 13.4658575 15.521651 15.214884 13.978857 18.125307 59.454132 83.65488 29.567402 73.85234 92.763016 47.60657 63.104534 28.453625
112 11.091274 55.801765 48.283928 45.756084 60.52372 28.212435 96.17076 72.919395 49.083946 7.67771 95.87465 32.446033 99.95593 2.470982 46.101006 16.43672 5.2769423 34.600227 93.496864 56.792557
113 46.462204 58.087337 12.594181 36.220245 81.144005 39.177834 97.511635 40.75968 26.004368 65.62978 44.37778 55.144226 21.180326 26.970022 9.218496 82.954636 66.71563 41.750866 3.908956 69.882774
114 9.976017 94.06664 94.383255 1.4373779 9.353667 30.38544 43.847813 87.37201 42.33883 92.41739 79.04157 80.57496 92.57467 63.390987 80.97496 75.02923 82.33831 57.667892 20.971006 97.93255
115 94.5741 18.833982 87.698 37.683834 96.77254 23.8096 17.259253 10.024935 71.3318 42.489346 33.889175 57.319214 21.312416 29.12658 97.556755 44.209377 43.51512 36.108215 2.519232 70.494446
116 93.45739 38.72293 69.886795 78.082825 49.03536 44.622696 71.40004 12.709057 65.44049 70.34055 31.296265 87.453255 96.31925 93.694374 0.3213644 28.993671 92.349365 12.227458 29.165888 9.287352
117 24.548399 38.87682 87.964554 35.65396 75.98398 64.492966 60.6582 96.993324 1.4362276 88.150406 66.198906 19.36475 33.35039 18.686623 27.567297 41.980045 66.553246 50.701214 80.71387 76.70577
118 50.194294 14.263594 21.744274 97.64045 58.777992 46.553993 66.41293 29.749943 74.60639 75.14996 2.3073614 69.739456 50.14216 84.03246 63.592945 1.4597237 3.486067 34.79737 40.00613 30.64341
119 45.155197 75.00843 36.654846 98.416595 15.528393 3.9168715 46.394135 73.91027 94.63476 11.514646 50.939896 27.80313 8.403611 21.508015 75.87455 50.466763 16.13583 71.53447 35.25774 70.5768
120 4.927039 56.849663 87.2186 17.930626 9.263009 56.644714 7.7706575 43.419205 3.271234 97.79504 77.81661 90.593346 3.4665346 89.676346 71.120766 8.31368 59.65131 69.01407 58.706726 99.160545
121 78.36414 16.671068 89.034615 30.499178 8.417976 72.7522 21.336533 56.554478 52.19739 64.149925 41.112434 43.06752 44.121998 34.22517 58.04792 78.914795 42.72229 0.073456764 15.1067915 49.61574
122 12.867504 63.945538 37.43568 29.3912 66.6506 34.86132 36.718105 85.13488 86.150604 20.07706 3.015542 36.403168 58.6995 77.452255 55.782215 59.711 19.383633 65.33914 59.047443 87.74941
123 59.373856 30.62395 4.697651 29.63369 29.43421 65.03422 30.895037 17.281364 41.796555 69.65532 20.038176 76.152084 60.762276 65.44666 38.962585 81.8123 22.2189 98.9022 71.51864 23.3876
124 48.11709 25.162762 5.035436 72.515625 26.28445 21.970541 73.82984 93.807495 25.26027 45.78687 17.760723 17.272907 63.686012 92.90982 66.33088 82.18261 73.809494 63.079803 20.03969 8.264178
125 97.54703 38.212116 33.185013 27.09731 54.051865 14.721262 45.263527 32.55026 81.67493 52.391212 2.2477448 72.84916 10.454405 96.69884 21.60961 92.47867 78.77538 73.528824 4.8635244 43.9704
126 98.60337 56.751877 84.02521 77.4519 65.78293 39.413685 0.7000804 99.622765 37.4328 50.349487 82.06092 88.92868 78.654724 9.762329 71.84704 95.76181 50.856678 2.3574054 48.376118 26.486147
127 48.290646 15.498805 68.62824 59.23637 26.298052 75.84957 97.52416 14.352494 31.68434 62.183643 45.924694 69.88333 84.112206 48.445805 57.53481 85.02715 47.976257 71.42101 63.277836 54.197468
128 21.530104 36.107773 97.84695 39.43717 87.77113 91.435875 34.6404 17.300488 67.50198 84.50148 6.304413 71.53579 75.89863 46.001583 4.3649197 78.70322 60.70009 68.83485 85.213295 79.3311
129 32.737564 19.511444 94.867325 31.749022 41.943394 4.5051575 81.868866 84.03965 97.29015 95.22608 18.37616 16.64657 34.435905 72.94168 42.495674 44.392174 46.384514 73.59182 70.27512 82.64399
130 70.46431 9.70459 80.20456 84.07518 68.69977 98.01341 24.76964 16.166645 11.579477 85.2022 77.35518 46.87468 29.749638 6.577921 34.955727 28.634644 0.790149 32.314213 0.6231606 56.295036
131 94.52685 9.964633 98.84195 30.196358 79.92634 39.75935 93.10585 84.25798 58.20195 68.13935 90.47315 63.75814 3.083527 35.221924 21.961117 26.943993 72.086655 1.4195979 71.02711 37.460526
132 77.937996 28.052103 2.3583412 44.920246 42.013233 25.11052 88.60296 73.14529 70.72714 67.78099 88.93151 49.40621 19.347805 41.149628 47.393044 83.37753 17.817957 1.7418742 24.458838 6.860238
133 1.0468304 55.061817 77.027145 0.23142695 97.04046 82.76536 62.15396 90.027306 4.4825735 12.014235 61.101196 5.3176823 25.341803 86.21623 32.738773 25.170296 85.20454 61.874016 90.24984 52.42553
134 65.82092 44.56638 10.378003 72.414085 21.370512 69.91014 89.59488 31.671339 46.832104 97.24818 42.59094 28.96374 97.272125 87.14388 32.999737 97.19069 18.600183 83.70914 48.41584 63.415318
135 80.1961 82.34064 97.28201 69.18007 98.66867 78.38901 56.387634 73.45964 99.80424 16.249292 28.384584 25.489145 86.506096 77.76643 49.299824 8.98642 7.2809577 7.9333963 88.47786 17.983788
136 59.724903 1.6730428 6.256485 17.928303 12.689173 2.9018402 28.063572 84.544876 99.62097 63.74868 84.18053 53.141342 73.29136 3.2349467 80.37344 78.83711 32.120747 99.21214 60.72957 25.200356
137 33.03421 61.015163 6.7031384 6.876975 11.726963 12.047684 68.48079 98.19479 93.96162 68.10987 30.795193 41.94805 20.682907 18.258303 86.281425 3.4427762 34.01218 97.71703 87.98185 87.55693
138 3.3287942 17.012537 17.821629 89.49778 72.473885 66.07282 80.52146 71.8921 6.5030336 17.312384 79.77165 35.90484 24.309761 86.33339 74.41002 86.64285 50.844936 84.235695 42.235405 32.86974
139 77.63518 80.88159 94.92157 28.054922 14.98434 45.85709 12.807613 69.33716 74.81828 3.1724095 78.22955 58.743847 74.857475 19.627417 32.182003 77.93031 76.99207 95.71926 14.682984 85.05674
140 3.7674546 75.29235 54.042984 56.787006 44.20752 76.93676 75.659874 36.667694 5.3114834 50.35664 14.883625 25.53392 69.02382 6.293535 50.392254 42.611473 20.925982 73.651245 60.427685 75.47289
141 60.023243 24.592161 31.755293 21.104795 26.554506 32.736416 84.49379 42.510204 83.55437 4.1815577 80.73534 39.27388 8.822525 41.6745 53.424866 65.441666 36.94898 72.52035 68.13965 53.301735
142 90.10672 27.132093 34.616196 91.913536 44.52415 91.7481 39.08293 9.5277605 54.01568 52.82186 21.210564 59.711212 38.872803 86.78458 70.883766 72.67739 8.05245 44.970303 46.689087 11.984688
143 14.261943 14.965403 98.226425 48.66829 8.608693 64.79824 12.871635 1.6018689 16.399616 61.335857 60.791336 86.33484 64.94365 97.926895 12.750655 2.027756 63.397747 25.462788 88.03015 74.93173
144 33.43045 95.17296 15.617615 69.95966 76.44964 37.98792 73.35888 2.4221182 11.105961 4.3719826 96.10126 98.40553 35.55707 8.134061 5.76545 3.3255577 38.439266 78.67012 31.02212 57.974564
145 65.58369 56.98913 20.675404 4.2949915 25.237995 33.150146 58.37791 48.85636 0.97735524 35.630966 3.8923502 70.61216 20.740282 48.708225 91.3094 76.29676 73.69593 62.019478 32.527397 67.434845
146 59.19445 89.774025 6.5568266 18.335693 18.187147 36.070705 65.05428 75.89921 25.606983 10.767203 81.70171 76.15425 89.71462 8.4407215 98.974785 46.07485 2.84369 75.10933 38.399494 84.58542
147 47.88865 85.285736 99.05159 26.28985 80.897484 0.16095042 59.843075 13.174706 65.95159 48.62779 61.66336 81.487465 31.890398 71.6294 89.85804 6.634098 88.184265 59.943886 21.559465 2.045846
148 80.25621 41.793514 88.31508 97.61482 72.74101 93.20967 26.139568 8.88648 26.55397 37.317562 12.955409 74.43121 25.287712 12.86698 99.35582 80.71679 15.491671 54.477055 21.260368 1.7003
149 50.008083 72.04785 92.43299 64.896675 73.99323 12.295235 37.656033 72.81859 18.860472 56.876087 71.824844 84.68846 83.52076 67.389656 11.129433 19.779491 87.408295 43.78035 26.172287 22.544188
150 92.368095 68.254 96.242615 18.04213 66.11404 68.49148 83.50182 41.603577 18.270445 41.25123 26.566261 1.9939482 89.67788 27.75963 17.500305 5.7208595 39.42887 55.769802 13.714618 50.006912
151 13.818651 47.815453 87.4248 72.10787 22.927315 11.795503 97.44858 7.1688833 8.836013 57.212425 0.05376935 60.075474 93.5237 29.577297 92.72413 88.478836 12.359238 95.926186 4.058796 44.37489
152 2.9256165 98.116264 28.098238 45.626785 49.87954 77.44956 27.273357 82.28517 19.914907 56.88256 46.564697 86.43594 30.978977 96.1106 45.558132 59.862286 25.064516 43.466072 44.6774 7.627207
153 81.61068 37.95401 28.309715 34.66013 60.294758 38.79225 58.72876 38.77248 78.35134 10.264624 40.132515 59.753113 53.14508 81.0854 67.78615 98.13593 9.238445 52.175213 90.79103 97.03461
154 8.391356 99.93735 72.549324 29.558933 97.621056 26.788599 16.282541 66.53495 35.51766 42.640476 26.277102 23.626608 90.39436 23.857857 42.71782 32.89745 59.555202 26.369566 39.44147 26.061022
155 30.054712 21.306402 31.670147 0.17008185 44.93034 51.847885 53.302753 1.6179144 1.2031078 63.73313 30.75053 71.71532 47.217113 56.80868 79.25937 52.720936 66.441635 16.536003 56.389774 33.30998
156 96.06899 70.86403 30.611032 88.649574 84.04875 45.400757 17.155582 34.401558 4.1081247 57.318707 31.28435 3.3037484 30.385595 52.639847 45.405697 75.00694 91.17962 92.01765 72.10485 47.400105
157 33.67712 74.22972 42.675484 53.88403 11.131943 34.491222 99.35979 74.412346 62.628014 4.383093 59.92134 97.376305 69.16366 92.46345 62.681126 98.64956 3.275001 68.106 27.58867 67.72489
158 21.78064 67.2139 19.688225 28.573835 0.5433142 6.427783 22.446037 44.662148 58.536648 94.33504 93.36503 28.79042 37.166767 73.8553 8.22463 84.74553 74.98417 62.10231 4.8065844 20.100588
159 71.94699 73.0912 15.324926 89.1597 59.641285 97.97522 58.754982 48.58963 61.769073 68.16899 31.199986 52.60974 34.284355 62.673275 42.254894 41.929127 47.35706 23.896408 57.49763 23.447573
160 6.5050006 80.821785 7.7940702 23.905045 91.444214 16.861307 52.64118 78.31831 16.223955 67.33769 51.45431 76.63987 19.849491 51.243156 19.251335 3.382951 83.733154 79.527054 63.883556 24.059307
161 30.892796 91.285995 14.659291 78.56803 95.84146 36.291134 27.309967 59.86094 6.648302 91.52732 59.733814 81.312775 98.82812 97.889 55.35395 58.574337 80.72635 65.74053 96.342766 61.92841
162 2.1622121 92.38028 24.054272 89.25911 91.59082 86.036865 96.992165 93.95421 35.325043 8.172488 22.309505 97.96952 77.86048 44.68597 61.533504 69.7891 41.576473 46.023262 57.846375 37.321068
163 52.608883 42.952656 45.302742 94.39734 37.134953 38.398327 90.86149 99.326805 27.369225 93.61061 50.65206 28.031223 11.995136 99.26213 31.643295 51.128006 43.366505 36.78203 79.55803 42.68338
164 99.48564 63.178604 30.766117 82.325676 7.441199 72.36559 88.837585 86.37569 95.67357 9.02549 10.858452 47.326862 23.194653 6.553382 11.47595 94.411385 66.851204 40.676235 37.48259 26.45129
165 54.078167 94.80053 7.6679707 47.361595 43.59437 14.679503 3.3231497 35.50114 54.4638 39.09993 87.397415 51.8267 63.260628 63.26688 4.6669064 85.07883 57.176693 63.527332 2.72609 11.908001
166 89.29955 59.945305 22.066683 28.144503 11.534792 48.760624 42.437523 66.844185 5.376208 14.481438 78.11716 37.13717 24.633461 53.640305 74.27747 93.41193 55.062794 64.26104 34.430622 20.440334
167 70.42879 89.826454 70.75622 10.459405 73.73236 49.807133 7.185793 22.055042 96.11488 44.22071 23.325289 77.33597 38.29247 23.666578 26.033043 48.05029 73.35673 63.060253 96.71392 48.00089
168 42.525448 43.925404 34.67459 28.692781 13.13169 21.453804 0.30809045 28.238482 91.05593 46.289074 33.098145 56.11502 87.24914 2.6181042 56.677826 84.676544 93.34522 71.96465 91.22793 33.962803
169 77.05902 2.186644 28.70599 71.19954 30.615824 52.507473 21.667004 37.67017 0.4267037 54.70049 26.244413 70.86743 63.238644 17.346031 85.23993 11.841917 51.74271 51.754623 50.820984 99.595764
170 43.868973 94.8741 17.205101 24.6808 26.552444 84.26125 52.643894 81.62192 2.4965048 23.800379 4.291177 58.47862 92.33243 94.904945 67.996895 86.17715 73.57844 77.87143 13.122111 39.897324
171 10.005921 71.10267 77.09213 9.803474 42.553585 34.13441 69.13061 4.098463 6.9821954 43.64518 72.54468 99.39903 99.28946 82.58227 11.719763 42.736107 51.820244 81.68444 56.8557 37.345093
172 99.39303 83.3243 6.2181473 7.4106812 83.05897 90.84493 93.63866 51.962315 50.81988 26.351278 76.083244 27.387882 0.32239556 27.975147 21.795744 74.06357 62.84543 38.51477 29.843843 53.21914
173 34.499897 43.418865 4.4493675 33.515007 17.215569 12.516165 96.43182 56.356995 75.617615 49.673843 25.156153 78.48665 47.17332 3.5018623 49.838932 98.94073 51.95896 93.919136 62.778538 4.4683514
174 39.06164 50.286526 99.44443 37.63479 22.058327 81.13031 73.3618 0.14637113 3.3317506 30.277449 45.89467 40.734417 62.38342 54.365337 82.46193 52.880554 97.04 49.848557 54.07556 78.710045
175 7.8383923 89.29184 44.5924 7.791442 18.29542 5.2136126 74.5044 94.943954 29.660929 1.1401951 57.805653 41.361214 34.62379 22.7737 52.377396 75.61978 15.853178 94.00474 30.897623 92.97203
176 51.843166 2.465111 99.54455 15.557491 52.977734 4.778963 88.32147 95.94968 77.79953 42.809357 68.84363 20.243418 94.9661 6.9987416 63.619095 63.450016 86.19032 22.16789 62.51017 93.3871
177 44.528793 43.48084 76.0269 13.920421 39.707355 47.129852 26.790602 34.04349 65.82237 50.882412 6.8848968 65.88767 88.85959 56.011986 33.420647 7.6714396 93.22022 24.170345 92.57558 92.46847
178 23.090183 83.12567 25.291485 61.45602 0.35037398 44.477592 28.94224 2.268207 14.181071 47.766693 8.411175 25.804638 46.004833 59.936966 38.483524 5.2281857 58.442287 30.809212 5.1790056 81.13367
179 19.091541 65.82117 86.09384 29.500998 93.8121 41.336323 45.025707 71.89448 63.491394 77.68101 41.717125 78.57831 40.747993 55.915028 57.63244 18.244785 75.49909 29.162138 79.00372 56.664806
180 91.66742 33.92461 51.22686 9.853119 31.468128 54.79392 67.908165 44.686615 52.70107 73.7729 3.8644314 66.031525 21.346504 37.282192 66.138016 79.342064 23.650455 76.88586 69.13858 11.723333
181 34.98122 8.701181 39.461773 73.247116 87.29544 29.031628 99.42331 49.83008 72.38613 95.46791 44.1064 15.497351 67.57616 91.84097 19.53702 6.943578 26.60879 88.09582 85.822754 8.863044
182 7.6779127 21.311832 41.626526 91.75623 18.398792 98.462654 29.669779 32.353138 13.67622 94.63653 98.10537 33.25476 45.571125 39.690746 72.166046 66.02873 7.1534452 31.865835 83.64074 59.259285
183 46.774727 26.726395 3.179872 78.71606 31.077068 44.725014 39.46824 34.95214 69.317665 49.31805 78.77684 58.663475 57.233643 31.322712 83.72437 5.747521 73.76683 13.331472 98.21631 62.20666
184 50.641518 62.54424 90.02117 79.18517 4.231495 81.20327 28.386038 66.1505 56.619095 73.596725 43.148064 36.488396 2.5564551 67.82244 47.18684 35.8459 89.564476 82.47426 55.570965 86.0087
185 47.09177 64.2429 83.726654 62.834213 19.006163 6.0371456 11.308736 57.986385 52.272736 68.368225 17.656326 83.45142 68.113434 33.949745 14.80245 92.888405 73.93495 99.11316 62.57677 62.92885
186 62.608868 50.897755 61.552925 94.04187 27.105831 58.534603 99.1701 18.296772 93.90444 68.305984 14.587217 99.363754 37.955284 85.038246 42.554737 57.79154 89.286514 38.203915 66.2249 76.69396
187 19.654768 10.005152 25.337368 34.486736 14.103979 73.93672 88.1501 62.571587 83.08518 90.046005 52.932137 47.51311 66.16758 95.095604 24.45538 45.25053 67.65059 37.578827 40.94019 75.501785
188 60.947598 47.34179 62.108906 39.333332 4.8962235 13.539463 75.73025 93.77955 47.66066 21.72433 21.206177 11.6085 8.195341 77.77229 48.833763 9.36488 40.965748 12.642879 43.403046 95.50916
189 15.461331 15.011967 3.3655226 45.95741 0.7429123 8.782112 21.08674 75.067566 98.657524 67.35509 96.403595 24.883717 43.307568 7.145339 2.1267772 28.322077 93.818695 7.7343884 25.10984 17.356152
190 21.41679 76.740746 25.45796 94.84045 98.36472 83.14578 86.345146 88.42153 67.55316 75.52431 91.28252 72.35504 28.678173 41.24232 39.630993 13.620681 55.225555 41.879307 46.33896 53.46275
191 30.233955 29.397238 21.53166 25.64957 96.40505 40.213203 69.47001 84.92444 85.01078 21.451426 15.879202 40.2071 59.71831 39.17819 75.632515 69.3057 66.48035 84.099174 18.73569 17.734415
192 63.649376 40.5728 17.526924 31.5328 51.16176 42.229153 49.585144 40.894825 71.755035 57.157635 53.18468 41.3947 7.5448933 40.525963 50.97007 26.413227 92.77751 58.418835 65.136406 17.104012
193 48.128086 27.25079 87.635216 44.288246 67.54244 64.73909 62.194298 34.736954 48.38172 5.3580403 3.2138705 87.41004 6.658733 72.48647 68.41739 33.70414 7.640773 5.9681473 17.589586 20.260979
194 28.291077 35.20725 5.487937 39.361286 51.24573 39.70486 51.288967 36.64628 33.65448 9.4096365 4.5131683 20.45095 50.692863 72.51886 44.60873 73.29587 49.384438 97.35118 41.175972 61.27317
195 69.12099 54.357574 98.65293 58.69855 60.56494 83.79335 74.19386 56.31532 23.153484 1.4045119 3.053999 24.673908 55.950672 68.86246 81.2054 28.528208 88.93065 95.59964 30.87371 71.95695
196 7.7985168 44.957207 28.488445 31.51756 70.108795 18.765676 75.02794 60.465115 12.727451 52.068497 81.32497 20.627165 88.66908 82.90334 72.551926 89.93677 27.154804 72.928185 60.361923 68.22187
197 55.570328 53.08202 13.119883 47.27456 41.110737 97.079285 75.97832 54.435616 27.59657 84.84046 56.45622 23.197138 47.611763 91.2607 27.453321 86.231995 59.191383 14.125544 89.62248 42.696632
198 81.27798 62.425476 36.64073 84.83139 13.637567 44.535194 39.637417 11.319244 19.50761 89.26236 96.89011 34.391273 6.632119 73.995186 19.48487 52.430683 62.276394 28.266155 57.115086 3.2829344
199 17.122793 90.98739 26.28702 99.39764 32.508152 71.20323 28.19457 33.390076 15.213961 49.06076 29.26799 11.011208 67.96698 42.244236 94.30263 42.561714 25.016045 97.59429 82.105774 98.49754
200 7.7501297 75.08692 35.297985 0.68390965 61.503895 6.644559 69.36772 88.105606 11.714858 3.067726 17.964357 20.791752 54.76622 74.19894 49.947815 94.531395 89.5512 28.56155 93.67794 53.225224
201 2.4693668 45.2685 91.77147 47.33269 57.71659 11.894941 47.98835 83.03946 71.9252 3.9932132 1.50612 95.00762 87.07724 34.54873 83.63474 8.712035 6.8443418 22.295166 40.613873 9.555149
202 51.855034 46.601803 82.67891 23.646885 80.67224 61.603832 84.80478 28.104967 41.357487 4.168701 85.722145 31.056559 78.347176 27.790754 27.797132 97.59889 49.97249 39.009308 46.58306 97.511475
203 81.38548 73.68926 52.263874 33.525284 18.038225 79.539734 69.34849 90.77692 77.39091 28.438032 90.94171 64.352646 56.452614 60.149403 11.369991 53.51552 14.401197 8.375793 79.10239 9.578067
204 51.26567 14.029902 40.563404 36.015064 72.92663 30.327505 55.93297 31.20069 11.001849 43.647217 68.27913 48.30836 34.101414 4.8608246 6.8449497 5.949813 89.08857 2.5394082 40.046112 94.884094
205 81.0605 34.454865 51.32936 88.74207 86.5209 2.2979617 55.65242 23.64452 82.47052 79.51151 71.69793 76.61126 15.7712345 79.3915 7.3106527 54.84794 72.08513 83.75289 46.897865 36.749245
206 85.95694 17.916477 70.06648 55.480843 56.261505 69.7869 2.560556 32.31575 51.40756 26.410246 52.143818 89.83677 52.565826 25.48586 13.542175 65.31937 51.02719 9.537643 14.58022 8.035832
207 86.912445 2.3117185 98.43665 57.141747 54.22676 58.76307 99.29138 30.801016 54.122417 37.834637 26.889408 4.171342 20.704376 10.045708 62.61357 51.014233 77.35382 96.42977 20.012648 78.5327
208 75.98133 81.14645 97.40823 0.40730834 85.547325 94.50061 61.800827 92.04177 2.3548603 6.310755 40.972935 23.200035 64.84739 39.565395 55.167477 5.2873077 45.80791 31.892622 8.288074 57.57935
209 29.900307 66.15648 50.07229 43.132843 43.419933 22.91032 60.539 50.621025 3.9971292 95.72071 43.179966 72.95338 82.95169 57.57569 17.388218 22.586887 93.22078 82.57216 98.59002 12.565398
210 16.530968 54.514347 48.132534 52.487988 89.07295 33.437096 67.399376 61.078358 63.744957 85.69498 31.665277 78.38592 36.49809 4.243815 90.207306 87.79026 55.949028 77.01165 58.073746 93.11166
211 59.78776 84.5489 51.14472 71.7697 93.23044 88.01403 55.73719 68.91323 47.54052 77.354195 14.607817 57.910877 8.21957 92.45588 66.95095 63.000637 59.668518 70.05742 16.598398 84.01813
212 56.82 52.133198 62.38732 40.038418 34.383583 70.89242 1.4210463 37.870514 84.93284 87.909225 80.11401 97.343315 41.16196 54.45348 91.45993 23.237026 52.379425 3.8739562 98.42621 93.8765
213 46.87825 19.761293 52.85564 49.457096 30.480635 13.26201 3.408295 65.07693 36.615486 14.816552 73.12525 10.470963 28.129774 48.05321 91.92662 52.164246 58.09974 22.700304 98.11615 86.07872
214 42.700005 8.106118 58.664722 86.74695 39.27399 36.018646 85.15732 80.726555 76.756134 20.22552 51.84754 49.403336 62.21749 68.85241 16.868835 13.263136 9.294569 32.740612 46.46157 64.35984
215 63.433147 68.361015 85.81356 84.87876 61.1141 66.97152 76.062645 1.4735341 70.466934 91.80273 4.022211 81.834175 47.923996 83.38747 84.6736 31.43236 77.8898 8.97193 13.395893 14.605772
216 71.924965 97.31062 8.808989 20.41893 11.863703 74.91736 73.087875 55.718292 62.852383 96.69574 76.32417 56.44055 31.830162 93.293465 78.188774 14.8055315 42.849934 72.81605 13.571477 71.11038
217 70.30087 56.810272 20.38731 81.33443 56.04606 73.612076 85.25595 57.87143 17.296309 7.9855976 35.751144 72.94711 73.33413 29.010445 52.418728 90.487335 14.669943 10.76656 97.37024 50.520187
218 55.611473 77.695885 23.135876 14.080727 37.371708 61.575653 1.3276219 99.81005 34.611076 45.62011 87.806015 15.082139 3.6460757 96.950096 63.31018 33.947533 49.463837 87.95719 76.30995 76.15948
219 74.22636 74.18117 90.14482 41.06468 59.258102 8.265961 47.860847 87.52985 71.77826 11.223757 15.642845 86.98111 37.117046 11.295282 26.023537 17.012947 76.16216 72.63451 93.35823 84.14671
220 39.693485 29.169481 21.166832 37.7669 28.52506 79.41029 20.21296 54.932327 37.485607 84.61638 40.5227 74.85472 7.799226 2.3370385 24.415392 49.879116 86.005806 19.451588 72.061485 59.621475
221 26.876568 70.82202 88.69516 29.662334 15.58913 21.708315 42.552364 74.31924 32.54353 92.17134 95.600914 83.29442 18.50623 30.602682 92.46356 28.499014 83.203094 29.88739 75.45462 34.486942
222 16.05007 84.950485 80.76676 33.395897 21.476852 33.79926 9.52909 83.110596 95.394325 7.7019873 31.245571 30.865616 54.971336 49.70271 91.112915 39.33673 16.275257 86.9371 58.567856 89.38774
223 7.809371 61.67418 75.34952 34.313644 0.9280145 21.964252 67.16704 1.2328446 7.9685984 36.33692 55.08496 33.12536 37.211906 52.09183 98.887436 2.0979881 31.035608 45.095444 84.43161 33.299953
224 44.488316 75.19196 16.384237 87.34677 29.675692 37.717735 34.352417 5.279332 74.56875 93.35217 48.428337 17.447472 39.934456 28.633202 5.293399 20.031637 45.92944 93.71126 90.55194 89.284546
225 70.429146 35.927208 40.739315 13.382143 38.39281 84.00139 49.88062 99.72607 48.55373 82.25173 82.5404 56.657917 7.6049924 54.3695 46.53283 43.161495 19.013327 26.734793 83.95555 38.886177
226 13.892609 29.726332 35.62812 65.6813 64.32001 47.45934 49.580086 17.055702 98.460754 10.1728735 93.73018 45.15202 44.323147 35.196175 2.673775 57.84526 81.39823 70.97922 21.461243 78.64727
227 32.41436 90.81302 89.877625 76.74248 0.58476925 8.141899 50.05952 36.527317 59.737926 41.145794 20.905376 78.62117 58.34908 70.721504 3.8113177 85.91693 65.55452 1.1059701 6.5185127 17.61464
228 93.60534 16.963118 62.57478 95.41302 91.84708 13.411379 1.9411385 23.517054 51.19974 67.62792 89.02244 7.5609207 53.324245 91.566124 84.8437 86.96438 77.32751 7.015085 33.764614 5.9699717
229 60.168243 76.57845 97.122284 56.291103 30.134796 99.82889 8.176231 9.896088 70.19032 93.39374 57.92287 75.228294 57.99876 50.346684 19.53451 0.7012725 99.49841 59.133087 11.707396 82.503334
230 64.48299 29.269314 95.98522 21.806734 26.348036 51.966255 9.631473 1.9207597 48.5944 33.18602 89.89038 96.58857 81.53883 96.81091 35.100918 74.64884 81.721565 21.76208 37.27043 77.12182
231 30.535608 62.03853 75.09712 24.205267 58.51345 98.55791 68.33906 70.76089 17.434114 89.98054 7.708913 99.030556 37.961292 62.81413 9.538865 91.251175 58.9582 3.2665014 23.281055 7.5568495
232 73.07546 61.588184 91.02161 46.39904 47.866364 38.88957 21.687567 46.32456 12.802792 14.30344 75.176414 5.283892 49.462234 62.38253 31.460148 22.968662 48.209053 65.07286 51.59485 84.57874
233 52.344788 5.601263 77.8502 92.791214 66.454895 42.08493 1.7718971 55.751957 65.100555 53.350456 86.37525 60.155888 70.72269 67.89031 22.87675 2.7556062 34.331577 76.44999 45.99831 44.08515
234 22.005505 69.603485 14.087862 53.26234 96.22908 71.82845 71.811424 71.210075 59.548347 83.834595 71.271515 65.59508 63.84447 23.843616 0.9423256 38.61726 60.735767 37.592106 6.1936674 78.2006
235 95.27551 45.268005 27.375603 84.157074 8.348775 13.44809 4.989648 18.850452 84.176895 91.24095 31.477701 12.421781 43.368 74.93348 67.27662 26.709139 63.320988 64.976845 88.23747 50.871616
236 94.87881 36.431458 22.07896 61.992188 14.376009 50.132362 44.58192 52.481697 95.13813 10.7629595 99.64664 65.14322 32.63481 11.474222 40.599083 18.801731 7.491535 57.20914 49.28193 80.29144
237 4.119581 2.8516412 12.098116 90.46548 17.58318 82.89112 32.4502 76.20796 14.303452 9.466535 52.65882 40.956104 64.179825 21.228563 87.73508 82.06123 22.632063 30.047405 32.17085 13.828307
238 14.93451 22.624022 59.609158 4.979306 5.093974 73.77138 65.83541 63.607502 24.54388 44.570995 6.526053 11.758041 88.28063 6.6419125 2.6997387 96.23097 48.007393 21.059334 55.499954 38.012142
239 72.6928 32.518257 56.017597 56.16536 20.075481 24.452412 50.12402 34.647232 70.491806 35.105663 29.076498 74.22947 53.4775 6.9363713 46.88903 73.73877 63.460342 38.954056 99.60498 72.670746
240 53.149445 23.192293 50.698906 13.735289 20.629185 69.87573 13.471115 22.188545 91.43504 91.11823 44.639893 67.36068 1.8420815 8.181304 4.105842 59.36666 40.113037 43.228596 61.34523 24.672049
241 13.473118 31.746054 97.93264 2.3721457 9.107083 57.784164 63.707565 58.436996 75.5768 40.157475 88.05742 47.797024 98.86386 35.75703 51.226097 79.325966 5.942631 36.05774 58.570396 92.164085
242 33.63869 7.4101925 84.93606 14.372426 25.84254 15.283388 20.03433 97.88726 6.306964 10.572636 28.65296 53.73567 44.70057 83.51759 73.08102 15.371924 31.823599 81.616264 37.17433 48.00811
243 86.480995 73.90884 51.51077 80.45973 76.08163 39.69199 83.11682 41.14083 79.28231 87.4729 8.887177 29.567225 99.67487 24.957985 3.22662 92.51834 41.44076 16.08358 3.34208 13.637102
244 31.948662 72.333954 62.28648 75.79549 62.388863 36.47064 4.1534367 46.415295 69.72638 63.740967 78.152504 41.8163 94.58035 82.88184 90.63132 92.5868 77.228615 3.8372695 24.989391 98.267006
245 43.984837 15.929288 38.944954 86.94761 48.955505 6.9361506 33.432514 89.67197 70.97137 5.6283894 95.74648 77.05961 85.681755 66.09298 36.190903 57.923733 90.84202 37.751244 18.794601 98.72992
246 25.217926 99.27391 65.51485 25.745302 93.84257 34.354366 24.254 26.175617 64.2202 32.069927 94.98735 73.31451 88.16908 51.704067 17.94421 86.87931 5.084908 81.59541 32.258736 71.73789
247 6.3054204 81.81098 3.5340488 94.910614 62.843056 52.01136 11.628675 96.143105 4.968148 37.398655 54.52547 35.883152 70.973816 38.53904 5.790311 65.86602 32.0018 44.36919 8.843475 31.735992
248 32.185013 63.88079 74.58627 49.540848 29.75874 0.6924689 94.94616 24.173332 70.46249 38.640244 95.28627 28.858488 93.814384 86.13349 26.591772 41.865425 54.069115 45.6353 73.68158 36.340378
249 8.30983 23.345911 9.747326 58.408577 75.6781 96.92277 18.20131 69.68221 34.78047 97.59792 89.59583 5.5612683 95.454315 1.9043207 70.291115 38.053818 40.02053 39.760017 28.197044 79.418274
