100
19
0 67.01949 26.657969 24.299288 89.01131 67.46577 35.28514 21.226305 51.07 83.281136 33.929764 11.262483 9.361542 1.461947 91.411514 99.7196 59.60779 15.733898 31.281673 44.486282
1 41.684746 33.65897 44.625427 75.440346 22.199821 57.0561 46.549446 16.960085 83.04036 18.24825 5.4692984 59.5957 55.677734 74.86825 20.26167 12.736535 99.62358 55.297913 22.504456
2 66.8524 74.43647 65.923904 99.64694 19.273663 74.72722 26.2267 69.348946 46.993435 64.933815 64.54519 48.781185 1.9264758 70.01536 57.761147 7.830101 24.556828 5.998504 24.019522
3 38.40345 19.875866 3.4078896 16.149117 18.954092 71.69192 21.497726 22.193373 73.557594 27.333237 32.909954 61.234837 77.08622 11.8311825 89.51259 90.64367 14.971071 9.03514 49.880524
4 83.45751 79.55198 14.764219 47.89276 30.576801 50.96107 44.84303 27.51963 5.917716 33.81033 97.313675 29.90923 57.999794 80.66192 84.688934 40.763767 58.36274 47.417248 88.05131
5 35.69654 15.727764 76.496864 42.15872 72.31416 20.274126 62.188618 49.35552 95.2739 0.4362166 4.0710807 82.680244 46.182877 86.1977 23.28843 75.60002 7.156843 79.23641 91.0416
6 90.5848 84.926765 28.038275 76.40911 2.376622 42.919014 12.146449 53.02404 48.235558 69.649414 16.248447 41.777843 68.39334 92.536224 54.350193 4.224479 49.967957 92.886505 14.672833
7 22.41345 69.05243 87.94255 85.280975 3.2392144 3.7624776 33.650154 82.266075 65.87547 28.700966 82.95101 0.33617616 10.343731 44.37116 51.192677 98.98503 13.68801 97.16029 86.53885
8 5.4235163 61.596115 93.04493 89.460915 82.86273 40.687485 45.378433 43.47031 74.55951 97.20926 51.05962 7.7468634 80.60333 7.7349606 94.91335 31.327225 66.38482 16.899961 6.9143295
9 4.7008038 94.9948 25.54992 66.4428 96.24062 46.730988 73.301834 70.376595 82.658325 59.017788 54.863834 73.61008 80.964005 31.267393 56.033188 20.474571 7.1425557 78.73624 48.65836
10 20.253098 8.401764 44.77702 63.639538 69.087204 52.43827 44.887333 75.94432 81.42761 71.30372 91.75392 8.384567 96.95922 88.29467 56.54549 53.35401 61.623608 44.559635 46.784943
11 49.74222 14.768439 55.09868 9.316957 50.76087 27.187103 80.37489 2.5728047 6.4465046 38.29883 95.27086 75.22882 30.206919 4.1981816 68.58152 58.476997 54.084373 43.82335 57.17126
12 41.80804 23.609692 17.918945 44.436203 93.093796 75.47122 87.476585 64.46243 83.80335 54.036964 25.41362 4.4795218 40.665882 94.427185 30.697721 48.66227 12.584829 57.778828 59.056355
13 47.378613 83.00686 90.07639 12.750488 75.529366 85.462845 70.01317 55.380302 91.14771 76.14526 58.420425 50.8772 56.958683 60.000374 95.55193 91.08513 30.739016 54.037464 60.690826
14 28.820015 29.225576 46.84946 97.97206 86.008194 90.71875 90.46807 73.864655 55.24311 95.701416 48.724823 5.3763094 61.477905 96.591125 54.651302 37.73092 35.01554 77.57398 72.83447
15 49.095596 61.706318 35.305428 66.06598 75.024506 98.36498 89.64126 69.41939 22.835928 55.740868 0.5791664 39.701714 46.398407 75.5886 59.90715 80.0112 74.089386 37.98386 21.892906
16 14.163006 90.38358 88.30803 41.493027 75.59899 17.069977 36.40128 57.360004 71.97281 89.99008 52.18106 23.288948 27.103186 87.00173 19.281 90.14717 93.93647 2.2316635 50.533623
17 31.803703 78.386765 39.277584 63.76364 5.7193937 37.571507 84.61015 43.551384 30.832994 85.49079 33.82421 12.357574 42.905434 93.37836 53.474815 23.470884 67.85006 44.863544 34.94935
18 97.26293 5.6278467 52.12151 13.175696 12.636173 86.43344 58.059353 0.014328957 56.567787 94.11394 11.310244 2.058959 28.337568 22.581493 70.71543 26.466347 1.2427807 64.50191 59.712486
19 11.606085 6.024891 29.423697 79.57195 76.08096 17.348988 53.979023 5.004984 48.3977 80.78837 29.62361 22.882587 97.70714 3.9868772 14.936304 51.55748 25.086802 75.92622 77.67883
20 56.769985 25.37315 54.25269 86.09686 92.8681 86.19484 36.968666 25.35826 72.91236 37.30348 83.83166 91.172714 56.311653 97.29834 79.703835 22.677124 31.404686 23.212856 99.845955
21 96.3276 26.63219 52.0523 91.55199 54.095585 66.71991 22.185326 81.18841 76.57073 79.00557 80.50083 37.060005 5.036533 74.40258 61.512398 10.811281 38.179543 72.51738 74.25414
22 70.339195 77.35377 1.4594018 48.05583 60.302937 19.346601 90.54611 79.36506 49.94493 24.041588 44.368214 38.017094 77.573074 44.468933 65.81095 46.117146 84.997604 53.262043 5.2089396
23 38.436783 69.58093 38.845474 94.73813 66.44031 15.270138 59.67645 68.627075 74.313774 3.778863 20.021004 28.319317 74.29873 42.518055 77.102615 40.172333 88.92535 74.30705 69.61269
24 24.779987 32.14996 85.50384 10.679632 30.012 31.745792 91.96341 55.17792 63.145393 77.45273 26.968193 99.00716 75.10083 28.302532 60.58602 15.52977 46.186066 57.20517 57.226574
25 77.13614 67.596016 19.375156 96.72373 44.879223 66.24456 35.62374 96.12 59.82343 97.63798 3.1341255 34.333717 11.280709 68.08945 20.327467 92.7252 41.122482 24.574924 13.132418
26 31.733316 23.080408 19.212318 15.770567 60.529675 11.167747 62.29065 17.504675 64.14646 13.414258 89.877846 79.17078 4.7032237 23.920477 1.5026748 30.294895 41.923542 47.275307 52.756756
27 23.809475 37.648087 10.678804 94.72946 84.52513 41.876614 68.26776 35.115856 87.33353 59.185863 23.315054 98.082565 28.433931 77.16041 92.88774 95.30892 58.567856 98.53986 8.488548
28 98.12167 71.25487 59.742535 29.01817 49.706776 35.3515 76.69769 59.492092 51.717533 22.971737 28.744852 42.298336 46.224327 68.038895 49.789196 65.92578 32.199608 43.67852 27.80118
29 19.125874 66.247025 28.56199 36.791183 83.05164 6.0226145 42.48851 15.064603 78.271835 38.02857 33.327854 18.170607 72.46797 60.767883 43.37851 80.61132 64.43706 61.526306 39.729946
30 16.004175 23.652285 67.502655 65.92038 27.725775 16.550774 77.16032 30.680735 30.662674 51.957016 88.352425 52.543617 46.915543 41.210014 59.12665 99.32667 14.324438 82.80221 33.598434
31 10.788918 74.49236 37.38097 77.66472 46.985744 7.382953 74.094574 31.69449 28.954483 81.16924 12.331247 54.073483 11.351782 50.23945 99.312645 0.30434132 66.60267 80.361694 0.7345438
32 27.290386 49.138313 10.022127 12.232512 96.79276 17.58647 80.74457 48.986847 61.4918 7.5889826 29.44944 40.929287 82.56069 92.57151 33.104004 54.996117 50.443024 32.660275 13.355553
33 13.47416 57.196663 70.47058 37.637646 60.05484 16.22057 78.18626 17.322004 0.6573081 5.6238413 23.77435 84.59422 73.87769 57.448936 99.963844 92.41034 72.10202 54.254047 31.45309
34 98.50702 76.48407 75.338585 41.451244 70.16617 1.2955725 50.617184 54.92081 44.26415 81.32798 94.58145 43.650913 42.86607 22.34745 65.01633 67.494484 31.871546 62.92536 0.5547285
35 40.75225 5.4042816 36.69579 62.46621 95.84755 26.00314 49.201714 34.303356 35.23848 77.26728 91.51806 8.504206 53.14827 26.295864 53.880375 22.415936 81.4156 15.719628 3.262043
36 53.420715 17.889797 34.835327 77.45458 70.17863 44.700653 64.625824 79.49841 86.03713 39.86044 68.39148 36.634056 13.28587 45.51003 57.258076 0.20648241 60.36728 35.268803 4.7016325
37 91.62948 5.906379 41.21794 5.991274 55.63956 76.32963 66.73003 74.4617 28.23603 21.047491 47.40854 66.96176 2.076757 39.135178 90.63573 23.674643 17.399544 52.930283 50.52449
38 63.56748 89.05322 31.057507 94.37153 74.61848 18.796783 40.482616 18.018585 89.11299 32.070744 3.9987743 38.912712 7.934457 16.933811 76.076584 69.243774 85.95331 53.326077 41.597313
39 68.519714 73.199295 78.36411 24.28162 30.571037 16.166508 89.65431 45.579678 48.571648 10.833639 96.85092 51.67376 61.603474 97.08591 71.66984 72.64185 45.01754 34.312218 49.64555
40 60.636375 5.8586063 73.94813 10.997641 85.35153 64.491295 78.37942 22.526634 27.607012 88.92019 41.464382 93.52275 83.395164 32.827705 66.33727 73.84234 69.369576 59.81439 6.2980356
41 65.745834 49.950863 1.5334904 87.46124 98.52071 99.76072 47.2444 3.2321513 18.618172 82.0499 36.708523 4.2122183 21.860641 93.55357 81.32108 39.236767 18.639301 73.49684 62.978863
42 28.151821 99.88882 44.301903 13.556623 41.69609 9.535766 84.25032 6.1947403 13.330894 28.165531 88.57179 53.141586 29.731995 9.499699 61.1233 2.9628515 16.409815 64.14502 70.25795
43 25.90511 10.86052 58.75098 71.24407 22.523903 63.88222 49.543446 35.575974 53.861523 29.144299 30.096907 71.92594 77.052605 48.512165 78.640594 81.84158 47.875847 55.554264 1.1985123
44 68.4257 80.14888 49.457993 96.03872 31.292236 3.734368 16.430008 1.412791 4.5280457 50.10531 33.544403 23.124731 64.9763 92.78547 1.7288089 88.36524 89.97518 44.477264 48.75765
45 6.3297987 31.129158 42.319798 81.179214 79.817276 93.46762 55.54874 65.27686 52.25264 37.475426 7.987702 83.505745 64.928345 20.294613 92.478096 54.218006 64.81082 47.540974 50.805866
46 61.567192 45.672436 49.6093 25.224442 19.755035 27.806944 27.327728 44.683914 74.55163 13.954252 27.946007 67.79676 16.39626 82.644066 30.599075 56.905632 67.297195 52.88012 2.7839363
47 33.934357 89.93217 35.397713 68.54301 63.6285 16.358303 61.673958 32.793545 7.018465 77.93418 90.04905 82.7248 85.21891 42.61288 42.888927 29.859179 27.831417 93.67219 45.406944
48 29.010475 52.119637 61.00691 57.85038 72.053185 18.721098 95.93185 12.093771 84.536804 40.949696 49.45841 51.675884 76.44405 30.794788 16.451168 2.943015 9.823317 52.66603 70.99365
49 72.753426 35.953014 21.958 76.55884 25.253815 33.766018 39.86994 75.86441 63.218735 5.430669 47.93027 75.08536 56.57081 80.52237 28.720415 43.69547 76.7583 68.70714 75.81123
50 70.731125 17.00486 24.191357 22.420311 99.63786 87.974236 30.576271 10.336703 13.813949 60.583084 39.71215 17.870182 53.053654 93.582794 55.5066 56.656128 4.681796 95.714325 16.549337
51 14.8385105 62.434082 69.87826 18.32863 30.27873 69.06476 10.578698 15.502286 47.876053 26.053732 43.179028 41.230125 64.77758 44.25367 23.097633 78.37065 25.205826 34.288914 50.383167
52 66.09806 60.90678 64.23084 97.113396 45.22758 15.94919 96.57952 15.295416 51.578064 66.97877 16.741955 66.504845 94.6969 87.30249 73.68922 43.048256 90.178986 79.664734 20.786196
53 87.18868 98.89967 56.657455 4.2195916 39.724434 12.332476 6.822962 39.115097 93.30326 76.63058 90.16257 13.259876 97.19872 81.52435 39.525986 97.06882 68.34451 35.843597 48.851524
54 30.604298 44.25175 87.44661 39.149017 26.441933 54.621494 19.671423 56.218834 26.14532 54.16891 12.575978 57.198513 91.05896 15.121275 8.9722395 37.0013 90.851364 16.322475 81.66688
55 70.50111 79.35324 30.720919 88.79227 55.928455 53.163795 24.645376 3.353846 32.439518 68.48102 62.6569 56.151844 67.33342 22.698355 9.439957 78.3903 12.113505 74.365875 35.259724
56 32.207497 71.76997 95.81244 40.625465 80.00763 17.620367 2.556926 97.18451 43.111767 64.16037 40.899902 60.31301 8.460837 77.0908 5.8975277 0.71561337 50.787346 49.502224 5.201316
57 60.506977 84.0335 81.68236 36.739372 98.19637 47.351467 96.79194 49.468063 7.766962 70.607475 78.42436 53.80037 92.23242 75.070946 99.57589 21.994568 30.824549 15.359264 37.624012
58 6.752789 92.03974 97.498024 12.419492 29.333776 29.434263 49.22727 9.4856205 75.24149 22.15653 26.831478 36.588253 47.436684 33.148396 17.501152 27.660448 83.27039 1.7101645 7.5671377
59 35.36381 44.007557 37.240284 0.21651983 13.63675 44.758522 62.528587 67.146385 69.67175 50.542225 69.661064 37.995155 85.19556 21.55534 2.6079834 70.58086 58.077103 30.817663 97.69988
60 0.5531609 74.59941 91.31834 77.796104 57.92589 81.70707 41.526867 65.927734 22.306221 17.747486 29.394054 19.023567 0.99514127 74.28974 70.303665 68.04038 82.333496 84.22215 6.207103
61 25.012737 88.85286 60.251213 66.558136 94.37576 24.418331 79.96814 89.64998 21.116913 40.390324 29.692453 51.343792 64.166626 96.9664 69.28721 20.57972 93.78966 46.687134 68.07142
62 3.9037943 46.99916 42.308582 30.897348 98.76579 7.15729 65.877655 90.54447 74.593925 1.4836729 80.22811 83.99713 76.49684 83.264824 28.8876 66.1753 66.55605 10.803395 11.508489
63 94.59216 7.5422287 80.7885 65.67504 55.598404 61.81655 74.59275 13.880741 99.78198 40.277557 38.35566 28.504871 27.22801 41.40977 24.50645 14.955515 68.27216 75.52167 58.085377
64 71.30509 61.732346 63.677734 66.87619 4.557669 49.067818 31.995869 92.56083 42.29796 2.246976 20.072693 20.011503 92.33803 47.12113 75.304504 64.16723 60.86859 58.679886 83.590195
65 5.9868693 25.618856 4.64682 69.94907 89.57667 79.02788 28.464853 1.3859391 77.16704 57.136833 59.885956 8.126622 4.133749 72.84658 53.24864 60.180664 6.25782 92.67927 1.2899995
66 53.926254 80.993996 69.88142 91.2513 70.73279 45.329845 54.566246 34.41318 17.025888 18.089025 94.88407 48.417957 75.95969 64.047615 68.51355 31.24287 36.10486 22.340816 7.9781237
67 77.98424 86.21393 10.246754 18.618113 37.26399 8.925897 55.01941 17.008627 27.706379 84.771835 97.03721 18.039995 70.24483 53.403675 14.736647 68.91372 86.761185 26.76729 9.770447
68 11.411577 56.54816 21.965122 25.29068 63.73682 60.199505 75.60468 43.493782 59.087044 15.712857 20.120132 64.424 89.292946 77.84132 82.310585 26.925224 53.052013 22.117651 99.3995
69 16.53025 44.52182 26.628887 15.334463 62.51727 79.64533 43.730133 4.680228 57.4427 5.2051544 80.70885 90.98467 13.8382435 75.202034 82.2604 56.40666 82.66003 86.99515 91.892555
70 37.986637 1.2851655 17.30848 16.480219 39.329086 71.712654 77.59546 94.64836 53.575874 25.051807 56.567806 81.035034 51.119877 40.84548 42.455715 74.407875 73.08951 20.311296 21.605705
71 96.76741 36.59034 73.790695 56.484985 45.7228 80.19539 63.73242 23.503769 5.387044 96.219894 36.126675 78.05934 87.68722 30.698973 92.73404 44.929443 51.263885 11.3223915 72.567116
72 60.99294 88.04458 49.29387 69.29221 23.93892 96.187096 72.4127 58.496696 95.16182 54.52724 85.672485 18.649786 32.761044 49.124355 32.199814 27.167542 77.11393 62.230568 84.0894
73 99.938286 7.827693 42.332066 30.121458 22.19336 38.26867 19.20225 28.770489 20.507181 8.89768 87.60866 51.447792 31.32571 0.20346045 48.93159 76.48686 88.66573 72.3287 2.04947
74 90.72069 41.969543 84.044716 8.0524025 77.16332 10.577756 76.383606 1.3531387 86.65801 21.492874 74.12484 80.32693 13.566905 76.20983 54.914307 20.54587 83.64072 66.10799 24.836594
75 13.857258 61.921776 46.51862 79.8489 36.93126 53.513844 80.94936 4.0105877 97.47457 86.72263 49.473114 82.61428 38.139893 80.67072 50.946056 86.161316 4.385352 35.06943 16.042805
76 99.95881 99.34419 73.25315 37.183987 44.59146 66.40783 88.52212 38.942917 10.596591 8.020526 13.788313 86.67619 42.614056 80.5105 63.774853 16.712934 75.676765 2.0819426 3.6967635
77 74.806885 91.046234 90.86889 27.37484 53.615017 8.288508 67.77125 87.8439 9.187567 21.648205 34.285248 4.261857 21.873737 75.0443 77.39567 67.670715 11.261439 24.32534 84.56995
78 15.080237 56.93903 76.24106 33.800655 24.42788 57.714645 9.680915 82.36234 73.015854 48.73921 60.1809 28.421795 77.650444 7.6008916 87.90157 90.87255 7.3364735 12.301135 1.9400895
79 12.82025 98.24885 63.05828 99.97715 75.15467 57.864548 69.64982 17.207014 29.79855 80.455025 11.595273 97.90084 62.775826 2.2874773 51.559757 87.76692 49.509895 52.350883 76.14489
80 46.7655 7.1243286 36.510902 32.51561 46.793156 8.415604 70.81955 55.434315 13.566202 41.104103 27.186525 45.149918 9.311813 54.511738 3.4981012 71.68945 15.038723 78.59153 95.09677
81 81.46066 36.038506 60.937332 47.673874 55.291862 20.0083 93.78468 68.254295 77.27176 87.243355 81.89303 74.05456 86.72785 40.49231 84.45386 64.375046 93.68459 57.381874 89.74041
82 11.955727 85.01757 0.19527674 4.1062713 23.809725 54.67894 80.93687 50.218624 11.687624 78.78422 39.05403 30.206554 16.06866 73.556755 65.24828 63.90636 29.786379 21.221357 98.13531
83 20.848793 85.751656 2.5825024 37.064957 26.373709 83.223 13.4389515 30.457771 0.6545067 86.9944 69.95872 86.13435 36.909622 9.837002 82.01633 0.20489693 8.175153 79.46941 26.185871
84 51.35337 16.277403 53.979446 16.06297 65.31458 31.706417 23.529833 7.8906 22.835344 77.64181 68.71384 6.6857758 86.57608 58.175556 17.260515 41.366524 26.705254 31.627846 88.91137
85 47.48386 70.13423 60.641975 64.001305 50.357086 18.517422 96.4128 83.19025 48.539894 29.695564 53.955097 45.33354 3.020084 35.896927 26.819384 36.88742 88.349495 49.750305 55.242485
86 1.5712202 31.548447 51.33779 72.56924 53.11385 78.22776 41.769035 96.15513 89.474365 84.582344 22.048367 25.172573 84.4332 41.954876 11.601973 47.175663 95.20273 27.33246 55.316162
87 15.37106 23.8168 19.7703 98.203735 30.799156 29.453814 87.24489 95.07139 78.61744 90.26615 90.29761 1.3256311 20.025217 21.279938 54.07271 88.16058 14.7668 41.85742 66.57986
88 88.96238 41.353745 57.25493 82.38001 7.2988214 29.970873 36.950886 63.127907 64.1094 27.355839 83.46171 11.788917 91.75068 63.70808 42.921185 49.73188 74.78158 92.895195 99.197914
89 15.690398 16.497671 71.94848 61.002956 4.7584653 71.26376 41.204166 23.34733 12.67497 15.981478 58.644115 95.70931 55.754524 50.20792 41.27258 7.0409417 26.599318 69.46945 22.051823
90 47.769238 48.400097 76.46134 56.38648 99.531944 60.990196 1.6710639 9.836751 50.64299 16.201609 40.404778 45.157623 48.13489 61.39698 64.44078 57.471447 2.4130583 32.78853 91.09903
91 1.0135949 27.630133 75.33961 43.234955 18.136675 67.21143 16.274721 83.682976 43.872326 49.710155 83.65852 75.44743 79.14644 33.33219 20.868105 93.23551 28.603703 98.84552 69.35865
92 76.830505 99.86144 18.79183 94.75997 76.70851 88.8847 77.37368 10.4494095 46.91487 99.12106 9.337825 5.298072 9.557396 92.18373 19.664753 31.818087 64.674416 66.41595 98.769394
93 32.5451 84.34036 41.863354 52.894325 27.833807 91.638466 70.33919 76.922646 10.546905 34.827023 25.769829 40.25377 72.164795 71.23643 90.29591 76.78549 51.982506 41.051544 77.18157
94 41.354687 64.20155 50.36649 3.0170739 48.94616 26.340437 78.26506 83.61767 64.134674 22.513813 52.0124 14.115101 78.9422 74.36387 95.88657 51.761467 62.74746 24.929327 96.18904
95 36.735092 1.0653913 32.229362 51.32109 12.633097 56.721203 12.107563 0.5798459 84.296814 90.79114 7.771957 77.9084 30.148823 8.094579 16.891748 91.93594 62.38919 37.239033 98.04178
96 36.28521 58.333855 95.290985 55.25766 24.639017 16.070318 6.935006 62.575245 84.08803 77.70933 65.1671 16.33786 33.786877 13.142454 10.633236 69.986305 0.19384027 29.752945 27.97265
97 18.785072 46.7428 21.412844 76.06967 16.831034 16.589773 59.836716 83.88414 58.648796 39.29674 68.51766 11.257118 77.17153 43.482883 73.674225 34.326042 59.97412 50.4184 56.577755
98 15.295106 78.86256 21.405512 10.063523 36.468773 53.49211 63.03945 40.771248 56.65616 18.307287 97.84123 33.590977 5.0934496 51.056107 17.383957 70.84952 92.52324 19.275862 5.2908955
99 54.96505 52.439274 53.888535 48.07324 37.689434 46.991547 13.353467 12.717962 93.77795 83.70025 31.238037 26.56337 63.16613 0.81089735 69.68195 32.956654 8.747172 33.513546 32.706635
