250
20
0 83.448944 82.0115 51.745205 2.5421739 47.360634 50.282078 63.47489 31.946182 47.844322 5.181485 18.809605 93.57742 28.7624 48.6966 93.97085 84.83902 30.892706 4.1685343 47.669666 31.056267
1 74.59184 64.337204 30.479408 80.37464 48.170696 80.142555 51.37597 61.910397 56.98939 39.73735 46.129765 54.726093 66.7799 67.77159 96.72626 27.35427 47.400753 57.30394 86.64282 25.389116
2 33.186512 74.92038 15.591949 3.128153 70.40385 80.844475 37.78908 4.7050056 17.257511 14.870941 80.01574 11.255783 7.657063 83.5204 66.38485 39.361305 35.875267 69.38631 53.998493 28.576088
3 78.68104 78.52619 22.403019 13.873816 46.95406 62.051495 66.24114 84.20275 66.689804 42.719353 97.68493 68.260544 85.24823 53.06423 57.579887 20.585257 2.3160994 37.977295 72.774826 57.95017
4 45.033108 89.01126 44.45097 90.98933 65.829765 90.232994 47.55883 27.42461 1.5563607 54.154102 5.4435253 79.98417 19.32671 81.941795 43.67513 78.17746 3.0986845 73.36183 41.847027 62.918846
5 34.370102 50.15795 87.07268 86.276924 58.54931 11.066318 85.072266 65.38909 37.694294 59.4498 27.63046 65.15398 91.59305 95.478836 23.922623 44.34083 57.83575 36.55862 29.409855 75.19354
6 31.92215 72.79532 2.9148877 88.72608 18.934376 12.006825 69.89753 53.288406 66.32755 62.230587 99.19671 29.521269 94.452354 12.786931 19.506622 72.72283 78.09053 39.46036 20.080286 56.43784
7 3.1866848 89.81359 33.639015 46.584545 61.787212 23.413069 75.80958 61.799294 2.705276 43.996708 78.77185 56.361126 12.434763 79.34168 72.9011 70.82847 11.215698 35.594456 31.316257 21.458609
8 52.849503 79.719284 42.24578 71.98335 67.87926 22.930765 33.406734 25.08735 81.15356 83.740105 63.132317 30.99931 23.712164 78.61268 63.314724 77.29202 91.55817 6.07121 69.44983 57.94
9 40.469498 74.05877 79.83984 26.859856 45.868015 45.988327 27.550507 97.82899 63.286335 6.4504743 29.817736 30.423038 50.59255 39.142387 56.600403 32.328434 24.354671 66.14413 65.7934 49.278515
10 25.11646 75.94189 21.719349 12.450767 29.543388 7.1321726 6.944108 72.280106 30.073093 2.899307 67.80855 90.433945 77.62249 88.31786 90.49623 56.615223 61.880787 86.27803 77.687004 82.68028
11 62.631863 99.16847 3.1653047 37.360268 9.343683 70.98977 32.00569 75.053314 13.938546 69.73785 52.55903 81.41594 11.284905 11.93049 20.381039 76.84694 35.65552 92.100006 37.0178 51.755653
12 50.37138 89.80621 3.2868266 40.385365 17.34892 47.911148 99.027725 3.8773835 67.60599 48.9885 52.466427 89.48196 1.3393879 45.118225 2.126217 57.93115 84.40425 11.052322 3.9747834 41.87981
13 8.4073305 15.758067 54.13028 77.20152 74.73898 24.387932 42.432384 68.31616 43.34062 16.341883 10.552872 36.456467 38.52784 7.640803 97.67098 3.9973736 24.517303 2.495557 31.232887 82.13095
14 89.25521 32.722855 75.67352 17.040842 7.5946865 20.327122 30.48938 70.395645 83.76099 71.75071 64.55845 42.83452 2.3801029 68.41849 56.520897 18.868315 90.195564 1.5055656 53.331066 13.284564
15 14.087647 36.38931 59.30589 23.057169 11.331529 18.87223 76.22257 45.565742 75.43896 18.656641 57.920296 69.5829 54.738926 71.20322 48.65963 6.259245 74.44505 35.314804 97.97367 24.807787
16 68.77263 46.667194 92.255394 33.656628 24.210285 65.98573 97.77524 89.7075 43.88645 1.3791919 55.68535 83.52849 65.7281 17.040724 17.876541 89.653206 12.480211 22.473372 25.90893 61.800797
17 42.392498 97.77048 52.797348 11.228645 67.30238 39.267372 89.92084 21.351402 35.827744 76.88085 36.026894 7.288724 58.372242 98.280655 51.063168 29.533852 6.6429973 27.117855 69.802345 66.17347
18 21.451967 12.107319 25.902653 58.05496 40.84726 42.87581 39.701878 81.32298 37.290447 77.00737 47.774433 7.4774323 62.91404 33.318752 50.749664 63.496143 20.177078 29.568642 81.31693 54.888035
19 39.864033 51.84564 26.515347 9.377927 86.78506 78.904686 8.669674 5.16656 67.23803 21.655972 45.600677 77.5671 61.850296 7.592553 82.47875 33.810307 97.46106 56.722885 50.941235 25.76812
20 35.92329 81.917336 53.452312 32.4133 43.852936 57.656944 56.51114 31.468231 2.247876 49.97881 70.93088 6.6690207 69.41891 82.744316 93.304016 52.462524 64.76204 34.82881 23.785322 31.159979
21 48.55842 55.869007 81.87349 83.29705 27.282417 49.046127 35.927563 35.216904 71.95862 75.07944 92.25173 29.03186 45.12562 67.01907 55.817116 79.77502 50.193237 28.235638 53.724617 48.683037
22 44.73574 91.69422 82.56892 86.4242 59.926384 5.473876 6.727415 17.284727 94.32899 43.6629 52.615833 96.74451 68.12472 22.151554 47.034782 17.719275 39.132645 82.19554 70.351585 72.538055
23 64.31035 30.485785 98.45438 1.2955308 98.48713 40.197086 3.777808 95.71265 28.6407 3.2749593 64.39318 49.512493 58.896126 18.04496 81.90132 90.342316 64.48046 18.893396 50.951035 28.527414
24 87.05134 34.88458 24.475616 68.82421 28.1348 63.174915 24.605942 52.55462 29.92478 80.19533 6.652981 99.07095 95.54172 90.85185 66.0909 62.75323 65.212845 43.303574 11.211509 0.32214522
25 15.975439 56.89214 8.722061 84.119026 14.732909 24.007225 49.243782 1.4280736 16.191668 36.377396 4.2234 44.47782 35.814552 43.5899 36.5418 37.35338 34.949364 0.491184 42.002953 26.884544
26 61.293972 82.24093 97.385216 17.167843 87.472626 5.737096 58.871067 79.564545 67.411415 66.26061 30.037785 69.93606 82.17024 83.68221 15.3512 25.990349 10.728085 16.41872 8.979398 63.687294
27 37.809284 89.32225 82.0188 1.7693639 90.12015 47.44706 17.748898 97.04125 78.343 77.59052 74.71424 94.72497 57.974094 77.88573 3.2454133 83.08522 14.722406 29.583502 1.0107517 79.88546
28 25.898874 69.36547 17.43366 80.742294 58.27446 42.75182 31.97841 22.052347 84.58693 64.897285 65.6213 80.14025 48.609116 32.60587 93.07058 65.20159 84.89731 36.85324 11.824089 15.384865
29 20.520962 67.41153 75.869194 40.17827 7.8008056 87.06119 1.2072682 60.661232 78.98048 71.90179 8.460522 99.97734 84.51814 63.799007 47.189182 63.73099 99.06356 91.20613 86.37315 35.360153
30 14.998913 73.462585 96.51588 84.66308 18.546986 2.000326 58.295113 32.638252 72.83019 68.294624 29.463095 37.029987 44.90146 94.30475 81.19723 10.163373 77.73025 85.80012 74.29461 73.82115
31 55.542576 24.41063 8.024949 10.3941145 62.97408 0.33724308 15.203643 20.969576 30.45426 57.088966 47.78099 30.36728 64.41417 22.860931 51.186687 37.65735 19.677776 73.53777 42.606373 44.983475
32 10.200816 50.90949 19.64674 74.46023 14.663672 20.449268 39.37754 14.723963 95.87333 27.663076 32.995575 7.911009 62.11264 15.129131 94.37246 72.24747 88.18423 16.266018 89.12243 53.205894
33 31.685335 1.7759085 38.718605 50.77294 12.835598 33.59323 7.31892 95.54774 24.8401 74.82939 49.621128 51.23612 46.24756 16.25443 10.098082 35.014248 91.06133 46.722527 17.779469 44.91487
34 49.54564 10.867864 18.31745 9.859318 99.870316 39.42231 74.935875 73.55027 54.14511 90.49879 52.114464 48.799503 2.2640407 21.820663 47.159462 39.947445 32.62665 99.64609 33.384544 4.107815
35 3.6066651 98.33744 29.254776 78.6222 66.03934 21.27375 66.880196 34.23108 61.501957 78.023125 33.593456 58.266525 49.333054 41.122173 36.482056 37.166958 16.804081 17.999775 52.70351 95.638084
36 60.31421 56.897564 90.79033 83.98104 63.678104 40.254505 89.110146 53.93575 54.33464 42.92599 7.9080224 65.61402 65.50019 66.60057 48.20778 57.805466 36.865337 34.471928 23.134602 45.523613
37 27.391672 3.0468643 60.352673 81.827576 9.172839 40.15937 75.261856 5.725181 43.310028 31.867493 96.90101 59.668777 78.507545 25.796944 77.26098 84.43978 45.873444 37.338795 71.577225 17.039103
38 73.52975 38.396645 45.372726 29.827679 0.4749477 99.41207 73.34275 53.176105 8.140463 55.289223 26.960241 36.180157 1.7457306 38.515873 59.845234 82.78558 92.45051 49.977367 51.95662 86.461685
39 50.056206 84.23272 51.563633 3.2002926 98.312874 63.73129 95.337036 98.23926 8.497399 70.77072 5.924821 69.97487 48.659664 59.91943 78.76789 58.80519 66.66403 32.951397 17.952162 48.21754
40 14.8263035 16.680426 58.43318 39.694183 66.564575 87.86083 89.41706 56.66592 74.11222 82.780655 43.01072 0.8148968 78.11265 39.362015 31.999367 36.846535 1.018548 81.36503 60.8688 30.06106
41 46.907692 35.342087 21.62279 60.614418 39.9198 96.796974 48.776276 15.53635 75.39207 40.86876 0.91664195 35.951405 34.367805 20.896704 65.76687 14.422125 39.97556 64.356384 34.665394 83.10872
42 68.79284 66.62542 45.27109 65.03633 91.347 88.39241 59.142506 31.011385 12.057936 79.626076 86.226845 86.776726 32.946922 12.051225 30.385489 27.29916 39.13914 91.01986 49.60237 26.410765
43 23.453772 7.322812 68.75395 64.460594 47.14555 58.470608 70.61303 38.569363 3.1403244 28.709602 17.52283 99.22397 74.959625 36.767845 18.885773 33.321083 1.0857522 92.09566 81.79791 82.700806
44 81.969536 4.0423813 38.9232 84.34776 40.482746 56.66812 90.701225 24.734735 40.681778 45.216457 81.44132 67.512405 22.657919 1.9715488 30.558556 87.49048 50.44363 60.404144 92.50321 91.50432
45 36.92775 91.101654 29.732115 40.52477 85.07151 22.715479 61.8431 89.766426 13.0411625 50.5957 36.775948 12.413132 45.87267 57.28158 44.373207 66.053795 5.7136717 77.75255 22.75228 42.463284
46 3.3639848 51.305874 59.588356 24.742306 76.63709 6.916213 55.831814 70.1282 75.933174 33.560055 42.43094 71.40064 18.352568 27.682512 41.71148 99.43867 11.754047 80.98176 66.15152 39.15859
47 46.503727 50.039143 96.91793 41.107445 11.45882 19.893854 82.798 82.048836 72.24046 54.125404 23.725563 65.91387 53.386963 89.85403 30.188972 77.76935 54.92298 45.598446 85.202805 99.56014
48 60.67151 29.256159 35.57446 99.207565 26.779568 61.51886 36.810623 51.397133 79.989944 23.543638 5.6600037 46.587605 75.80031 36.218952 57.012314 97.25007 25.49858 29.257774 30.267578 80.24571
49 70.903145 41.793144 33.51395 30.03103 78.28523 50.13286 42.629658 57.80921 14.287334 63.65048 4.0398 50.907494 21.6169 95.06281 73.1602 58.948368 9.893465 57.995075 20.95731 98.50316
50 35.32526 92.00239 5.5191336 75.890305 44.01793 65.1512 7.6014338 3.9392292 68.864265 66.72939 93.88452 58.52853 84.38373 20.325357 0.8081734 15.4814005 61.890583 20.882671 28.569252 29.231411
51 17.34851 11.698466 28.952301 58.13994 83.65898 59.803562 43.46674 24.346947 59.43436 84.66736 57.694607 80.77701 18.091179 27.447437 43.282764 76.92143 98.99309 80.60502 46.678905 96.10777
52 30.06807 2.994442 91.10834 28.293413 46.574444 28.685427 99.57935 37.438564 10.31171 1.7775595 37.610966 44.99449 98.44369 80.118996 57.18376 40.067482 11.164755 1.7588675 91.969505 21.782547
53 46.698845 85.570984 78.60875 4.980034 53.641468 86.023445 31.650358 71.65291 1.5668333 68.58558 79.27761 17.80411 7.3159456 51.623554 23.220432 39.317196 26.711666 40.514374 45.95219 76.945915
54 18.929464 85.594 79.614975 25.909328 26.76667 35.74864 28.894924 31.410408 93.04024 50.072926 10.626024 79.572586 67.80672 19.980705 19.14761 41.016697 8.605504 50.200397 32.849895 89.10117
55 56.105347 38.770294 54.94837 49.551155 89.07706 80.83076 92.929695 15.954351 48.27547 28.867775 65.46876 4.8577366 30.407679 61.082584 23.651701 13.73055 16.771334 10.546708 52.337753 68.94733
56 31.30772 69.363716 96.30185 13.583607 48.73335 15.624195 29.829811 35.914635 63.15698 85.74691 54.661434 99.08269 13.286215 82.89807 93.12919 15.783506 63.168823 33.434994 16.118711 54.662045
57 92.654755 70.40584 60.74292 48.358334 33.7197 86.54278 3.595662 48.07611 35.84069 92.21107 41.920006 82.74139 83.198715 77.536064 28.33706 99.170395 60.10763 86.34874 12.844449 95.382904
58 49.29817 94.40658 78.08133 94.79757 95.15031 60.111744 46.405125 22.362703 4.3576775 5.024791 77.7306 32.85322 37.578056 39.03659 29.505354 50.05934 54.19048 84.10095 80.35997 17.17496
59 59.22159 66.74713 19.160444 42.4446 6.7623973 46.7979 15.2534485 79.44318 91.775604 64.24093 34.04147 82.948326 5.159873 12.277537 66.62698 74.241295 92.419266 59.253567 51.658855 74.17059
60 90.475365 30.326063 81.7965 79.07795 80.309975 39.01217 83.039246 69.675156 84.55431 4.6914043 10.771465 32.442844 22.225029 62.989944 26.534653 8.680272 59.989815 37.879604 60.60226 59.86293
61 37.129658 96.19957 60.312622 86.66997 95.316986 3.89508 7.2823467 70.44461 84.078674 88.11393 19.111746 22.78083 97.05091 27.773035 45.60365 54.53276 95.61315 27.478302 15.006578 78.27642
62 7.0282164 13.740599 73.08644 76.88625 19.692093 49.079395 4.211503 39.503586 3.4536362 17.456509 97.95263 39.164883 37.203384 54.961693 72.36309 3.4317672 47.119625 2.0174146 33.083923 80.54152
63 29.22678 39.633064 9.255677 94.20855 20.458216 52.2823 88.004074 95.89822 78.47599 76.47684 70.66504 95.12175 56.400894 47.554493 99.14704 77.33445 2.7255297 30.88858 79.680214 1.9402981
64 56.463535 8.774489 45.02059 26.610088 34.532063 14.581638 2.8737068 90.8132 53.039997 43.11459 77.34749 43.665356 81.18887 85.056046 47.675385 46.738094 79.579254 6.2299547 61.86397 69.50454
65 21.605927 24.401432 66.47556 17.06751 74.137375 90.40896 63.17824 50.499695 22.686935 2.405262 20.268047 38.603558 56.737225 25.478727 26.938747 95.56513 86.77874 40.363342 50.05382 36.53821
66 89.034775 48.560463 9.535372 17.673088 73.89731 44.040714 27.761496 8.82889 45.982887 58.63196 80.65367 86.825386 77.68832 66.906395 10.100532 90.55569 3.4992576 22.343391 77.22548 72.86549
67 72.45957 98.06645 98.54865 39.388847 73.587105 38.645542 18.66653 23.409962 90.125984 43.245705 16.584766 95.50213 98.92317 1.5279055 2.7644217 4.6976566 30.537117 81.71895 51.314156 47.099503
68 52.619354 22.527504 89.17818 31.29974 56.41099 37.268597 70.79253 76.17997 75.680534 87.657425 43.2329 24.403072 74.97682 97.046165 20.640999 68.24706 24.62253 27.017385 56.541103 67.77387
69 62.43319 48.64108 23.953993 44.376785 94.7806 69.58699 82.95456 75.52846 44.457287 82.710846 57.03731 14.389706 31.030346 40.56558 28.44845 46.481968 6.254429 26.202536 50.17378 55.829914
70 36.95912 34.110718 11.762219 56.11592 69.01623 29.496223 67.398964 95.0357 45.967686 60.440956 68.96891 29.099566 36.15958 29.726917 52.179764 3.793776 23.348003 23.00647 9.617912 42.819977
71 82.34761 52.0922 86.92358 27.900797 27.074701 28.794659 44.693214 35.519928 31.047512 91.12854 3.406185 32.413208 66.86396 72.82595 97.35223 31.412464 42.259228 34.740246 98.49153 82.44819
72 65.99515 66.508446 76.25781 49.53539 11.052829 55.19051 54.926544 78.10575 48.456757 98.758224 38.28871 33.12854 59.681232 93.314995 40.52974 27.413952 45.169743 28.655476 92.511406 21.961271
73 91.28896 4.894078 60.752018 72.15613 37.357742 8.894873 0.51891804 91.30689 61.61643 21.42076 69.3736 78.02133 32.57499 30.401861 9.589874 98.15564 16.603214 1.4268517 0.010961294 62.725967
74 99.469215 60.224915 14.59366 7.777172 38.42272 13.081074 67.14294 63.586742 71.04825 17.176956 82.165306 21.887838 40.234367 93.94819 99.52516 39.48202 63.035297 92.68753 86.396225 93.448044
75 50.81857 79.59938 11.147451 61.220867 43.839573 77.94057 99.13476 92.50908 34.26354 79.18967 85.298416 69.045815 35.73492 2.6107967 49.963017 82.54858 97.00188 3.1689346 45.837368 66.32776
76 23.031013 25.37527 21.01423 77.37817 44.748848 15.969038 16.433096 74.468025 92.33757 41.86458 70.017395 74.97652 65.2731 94.81019 23.314827 95.60519 32.463943 91.83184 81.30375 6.495446
77 29.434563 24.695509 79.990326 16.930603 77.06238 54.055565 28.982264 96.20627 22.553085 49.21361 3.4217298 43.249374 81.81508 14.856005 99.088875 1.2981534 40.92533 26.944649 50.30939 62.87983
78 89.781235 84.09275 58.237 89.20982 14.18634 14.0661955 29.419613 36.067135 53.461845 11.12464 75.144455 14.570242 43.21611 5.181032 41.301964 44.793385 50.20649 22.45137 98.384445 77.84382
79 75.42032 16.439724 20.277191 58.198654 48.77756 62.61946 68.80626 83.419846 74.46847 87.70666 5.236882 48.78459 59.20393 70.46343 98.293526 66.155685 79.95134 13.81892 45.58118 41.153973
80 25.497358 63.866455 77.87599 22.277515 93.923805 88.91336 56.530945 87.24693 1.3715982 37.96299 87.68308 63.062214 75.9278 62.347633 74.08606 39.86632 82.7951 4.0690603 68.82538 7.868302
81 75.84419 59.917282 24.0615 39.74198 58.025127 9.614336 83.01266 46.85348 84.80128 19.871134 11.91833 40.46543 75.712204 82.963295 29.564983 33.110855 38.371407 29.653572 60.51635 70.333855
82 24.730183 41.251076 11.445731 8.975374 63.416203 26.352715 71.45101 70.47392 65.57892 84.222916 42.043346 31.89665 20.194834 41.509396 62.296654 54.573353 52.522636 72.55439 62.651127 41.5438
83 54.728573 29.242676 36.863857 7.1299257 38.06859 55.242794 96.94203 1.7024577 42.91879 15.573377 78.48843 74.33482 56.95714 67.39854 3.2081723 58.043724 77.54458 46.377785 17.405022 4.5390606
84 45.52561 67.1285 97.73229 75.98922 22.019953 91.57969 12.418276 63.709015 64.12469 18.191647 13.381219 61.666107 30.669529 83.98945 4.3697653 85.358864 55.20776 53.72045 26.35889 23.340357
85 14.285528 32.624786 44.30897 14.154905 87.77974 75.540085 31.029224 0.7359743 11.857838 52.398605 72.81184 67.71881 10.083378 53.480434 67.816795 75.29281 14.622712 94.735 28.550512 72.113686
86 56.71769 89.56436 12.415897 75.68458 76.95469 46.975506 94.0031 23.079098 33.82415 3.0689836 15.886248 9.813732 40.130146 92.363075 44.102295 87.28807 36.543125 74.19484 44.686172 87.01898
87 89.619896 86.94256 49.657135 85.7312 36.634056 56.44141 7.2919846 42.376118 64.321945 14.8917675 1.542002 94.78998 14.969605 30.775238 69.774536 38.742 37.024765 29.598267 63.932365 59.643494
88 3.555137 28.290827 56.5521 1.5864074 89.39495 74.22272 35.27684 39.359768 44.791557 92.30215 4.5108376 36.675747 11.912399 2.5404394 94.23029 93.354866 71.89067 85.66624 88.78225 91.31724
89 69.429794 88.52855 34.432793 74.86011 63.66891 74.628685 66.68931 46.141846 86.41221 21.46685 46.80463 18.619638 29.386436 36.593735 92.72082 66.298416 22.41649 32.246536 90.937416 97.247665
90 34.865147 45.960392 41.86624 98.45149 27.999146 86.13134 8.196747 73.50678 89.81063 89.52905 41.24061 73.119316 93.99502 7.391751 68.311905 94.22567 78.07925 50.971367 50.65217 60.658443
91 32.98839 72.033585 8.513224 55.656635 27.573132 82.469505 51.61279 33.59572 60.80169 16.267973 19.688028 19.78051 84.512344 50.86909 1.2639344 8.027988 77.95605 60.42068 57.56104 76.39818
92 78.02461 5.5535436 82.78863 72.45433 86.31187 40.65442 8.565474 26.805532 35.309612 65.73569 37.102497 63.675285 14.476448 74.17855 19.856054 11.430084 35.07632 65.97587 91.964676 16.288025
93 67.06955 57.546432 10.82539 16.015076 67.51796 30.474007 14.12192 94.825836 57.5668 12.191402 19.52042 68.76854 2.78095 69.04645 97.69704 15.734977 32.194664 46.52821 1.5155613 84.35193
94 56.70028 0.6865561 67.75532 80.15148 43.229683 99.747345 91.08455 19.665115 82.51537 14.221436 21.830338 67.834785 84.05849 68.8558 54.923023 81.09131 10.346812 69.81541 54.163223 87.63499
95 55.484104 97.568214 17.209154 63.197697 2.4057686 29.934067 7.5069723 40.514713 93.01794 23.328394 11.44957 4.8445582 91.224236 83.8712 75.5702 27.416265 48.27567 37.041885 19.343239 20.23762
96 20.635838 96.05385 35.522358 26.159245 84.09933 9.026062 89.80597 99.66552 14.8031 65.079445 24.45507 69.07341 12.6565695 74.235 92.33336 77.49616 59.27867 27.801918 86.291756 76.2159
97 78.52221 49.992104 48.040283 33.46293 89.904335 80.7721 6.360716 37.791718 64.62592 80.26441 98.999985 27.353556 50.29296 19.950968 19.694202 93.79068 77.9539 61.938072 21.916168 66.92175
98 96.70526 18.85271 26.088692 28.873753 54.021202 10.605377 65.696556 74.17347 0.3240943 75.13757 70.05941 86.186066 4.385418 66.04962 94.15655 46.13675 21.246004 56.1631 47.044624 5.043566
99 19.85123 20.914585 44.86676 2.8063834 5.950838 65.1153 78.56297 4.334736 33.519268 79.97139 73.06844 77.16126 90.576584 31.079853 58.49977 65.99828 42.46155 21.94633 35.615795 29.984653
100 76.01822 98.77656 10.295743 21.082306 84.559944 41.048824 84.06454 65.67447 77.68566 56.6686 10.534549 4.6600876 67.922585 91.13967 78.31112 84.31266 42.697166 95.77141 28.272842 25.27187
101 54.297535 41.90534 2.5970757 29.970104 70.35132 35.724335 1.4294922 89.581825 5.0314426 83.455 64.22841 85.554955 67.91161 89.5514 21.648043 33.58384 8.375263 83.43273 82.01972 20.469929
102 23.054623 64.025856 27.2694 37.959206 20.317757 9.037912 26.258278 18.92572 76.77366 8.6665745 10.399061 47.08394 67.631386 75.27306 54.893078 3.964883 36.09653 33.132355 28.526222 68.70292
103 81.44438 70.28861 1.6894162 25.082516 74.66738 10.14381 73.749435 4.4326124 52.406277 38.870197 11.249357 95.7872 31.058794 69.05049 93.38634 50.023632 24.393475 75.91499 83.0838 51.527508
104 29.622036 63.774513 74.59261 8.708936 72.70515 93.16886 82.332 48.11658 16.749514 68.09984 2.587843 80.98305 44.828552 74.547455 98.25952 36.1193 26.615053 11.139971 77.183846 29.802114
105 77.10715 28.039759 83.32569 27.623451 64.77387 16.305023 25.533438 71.464195 39.02327 75.49363 85.39694 18.398499 25.445724 48.202248 80.36551 9.323799 98.31147 95.50847 93.59248 40.65256
106 38.870834 3.642571 2.4446547 10.013998 44.747425 49.211098 54.28376 99.43009 78.81999 5.2889767 13.591581 19.994236 58.210922 73.86653 77.929726 89.149994 47.156216 69.470604 72.32288 34.01128
107 57.500885 25.076294 49.714596 95.86581 92.28708 23.300058 68.01668 56.455402 20.383793 84.742645 77.36529 65.53665 11.413008 40.46951 31.482965 41.613365 22.486036 29.027641 58.060764 58.929615
108 32.668514 49.964363 59.915565 59.46433 2.8946042 68.21228 23.005693 19.731474 72.56933 47.421806 32.42488 9.934348 27.709372 28.661072 23.02584 54.02936 16.620277 4.9746513 48.69849 0.41961074
109 89.2942 46.02372 51.45306 56.527374 76.504814 32.159126 57.80924 8.908165 48.602875 78.356125 61.602634 21.69783 35.96857 87.82878 56.788166 78.17434 0.7100165 28.018642 25.306028 46.52314
110 9.325981 81.00465 29.302126 25.289648 19.555765 82.0106 96.247185 65.566216 1.4599025 27.205336 63.623917 5.088508 16.91706 41.82544 87.26072 58.814312 76.251205 46.038948 36.05496 36.24658
111 32.74734 15.962058 44.285465 38.07326 11.566114 95.701805 71.05866 84.27408 59.28017 90.90338 1.3270736 48.64626 43.245953 40.517574 92.58496 96.99601 89.671394 79.67417 30.56835 19.613022
112 77.98499 38.763428 62.414318 4.9857435 73.45829 71.01573 59.676373 58.23255 85.548874 19.768202 60.821987 31.937826 55.74295 66.7661 14.390487 11.82456 64.47701 91.63085 2.4613261 8.110637
113 74.76131 0.20989776 58.635384 13.941675 12.229389 83.89577 96.08709 43.738792 93.37786 73.963 46.688747 90.72657 20.678907 83.13471 50.587822 98.70997 44.05014 42.38282 72.34298 28.05534
114 60.91742 63.623558 1.7687082 79.82015 73.936005 90.545815 98.53582 90.40011 17.534668 50.16523 84.42417 7.5658855 87.07058 29.509712 77.58463 38.301437 81.8458 75.598404 2.461958 20.701902
115 93.91855 35.878487 26.94456 12.922531 15.984636 11.645049 56.188385 28.686464 95.111694 12.614239 8.320564 43.36476 55.346153 58.488064 70.336655 79.65694 45.810043 37.5906 68.998856 85.25579
116 25.55321 75.833305 29.018242 84.72217 69.879295 96.55823 43.42314 17.578644 11.938667 26.199102 64.49976 28.128016 18.955881 67.99375 80.32641 8.792221 34.47589 79.78914 65.55542 97.24679
117 0.4750073 38.72917 56.139053 13.000626 49.15654 99.543106 68.117836 86.360954 30.865812 81.309685 58.929287 72.260864 18.006313 84.8228 66.04763 63.85601 5.371875 16.703499 78.79207 82.0753
118 64.245674 2.6795805 33.065063 43.70686 14.334088 19.288212 20.387709 23.697584 56.54372 76.76235 78.234085 69.03669 77.27676 94.9638 61.241783 79.08742 46.88021 35.663593 66.862656 98.04675
119 10.766888 77.79333 15.452743 22.18197 20.221704 44.864227 26.280052 80.76008 93.77037 45.74818 26.614195 23.608404 1.0345817 59.42626 21.675026 28.791641 45.107662 51.93529 6.043601 15.04426
120 1.5987575 38.195713 31.026173 9.752006 81.61562 4.10977 52.819588 34.13942 90.15267 54.516212 70.12852 42.911106 82.75096 2.3270905 40.66503 11.245293 3.0911922 23.317427 18.81802 33.39318
121 47.62462 62.2646 33.373363 65.154076 24.754726 39.930183 77.71831 58.44362 93.83544 10.043258 95.26055 46.632774 10.789167 92.09403 41.18166 11.202788 13.9752865 33.305878 96.03555 5.743927
122 36.622612 63.360817 6.568962 14.941663 75.30668 12.859213 70.51705 61.77678 11.2963915 93.46124 52.610756 43.858414 20.868021 39.362926 82.78448 23.069876 8.70412 99.18989 10.314536 25.304777
123 6.1402917 40.349228 61.63651 38.087852 33.23412 87.97716 18.730862 52.7055 84.41301 4.2827606 19.640345 58.82261 54.876812 15.554941 4.8635006 8.4536915 36.116196 90.42119 41.590286 62.92056
124 20.05008 48.986317 52.106594 81.70944 22.638983 55.912514 29.85422 11.895204 68.71219 96.817566 24.814457 67.29863 33.534412 14.866227 23.87178 19.365889 65.77297 59.224266 97.95718 48.80336
125 87.51384 68.06083 68.97821 65.470985 85.38068 32.761436 0.28802752 1.4549255 42.263256 6.5013885 95.762955 21.435421 70.35313 76.69102 17.046118 98.58487 65.86793 97.21631 85.332306 41.729843
126 25.838142 10.848188 13.94065 69.15913 23.510307 5.4834247 38.130444 40.340496 96.23 68.621414 38.010532 33.314777 37.110485 94.10121 34.383583 92.37602 17.434479 72.85927 22.925907 37.838585
127 82.70699 67.371864 72.766785 92.569466 32.767082 37.380497 76.39584 24.170853 0.6299615 95.138435 0.5534291 58.19063 10.084974 22.25191 55.56893 87.78778 6.8973064 60.51948 3.2924414 85.4662
128 0.19483566 87.11213 42.66138 29.709984 10.768771 23.90995 4.9683037 55.81187 32.145073 93.557365 17.519653 58.404465 63.02127 85.368256 40.63434 41.01287 49.702393 4.968834 86.42258 73.49162
129 82.26317 57.684875 2.6697934 74.946236 55.12905 20.149464 67.15034 51.438747 32.483818 33.229004 29.096275 43.520283 41.31846 55.751125 49.195374 57.81572 54.038765 39.095177 97.799484 94.2137
130 61.413395 61.71167 44.96322 30.708212 82.39971 27.12279 14.037138 81.92875 6.2222424 13.784355 22.90839 15.528357 24.252499 38.03727 30.274296 48.830086 34.065365 77.73077 66.77372 82.73223
131 98.90509 12.262165 17.17233 82.422714 25.124853 80.86121 36.448627 26.84806 94.47145 93.877525 12.467986 8.329701 12.937474 58.345253 15.434944 27.738655 32.926315 88.750496 10.514182 52.06219
132 79.361984 64.078064 17.506176 53.166042 85.87934 93.03988 19.414299 47.531403 86.16841 48.876617 90.86905 95.49584 33.796684 4.077387 4.9668255 79.13422 56.338276 12.393207 1.9836366 64.77341
133 15.401149 62.05365 61.04753 18.951166 11.231125 29.371607 3.171122 5.423337 71.11172 47.988426 94.59129 60.92737 15.96424 35.735153 88.23589 64.468506 44.636654 81.139656 89.996056 59.86436
134 84.66865 35.48355 18.551237 15.434181 70.21355 17.307228 22.556389 54.632484 49.726147 55.489113 58.40578 33.997536 39.493404 48.412823 23.444431 92.22073 4.658252 32.021015 92.88018 28.9621
135 11.695081 43.288113 59.79097 72.07281 89.029625 60.18973 14.121401 55.281544 3.4097612 49.77938 82.57977 98.61539 95.54464 75.491745 52.604664 74.62653 70.31467 99.07732 12.3532715 63.966476
136 44.457573 65.24832 98.82052 83.382866 72.05866 14.60669 78.13794 82.51873 88.48276 26.970089 7.7974677 97.988846 93.711586 29.861074 98.5329 64.42477 82.58303 0.5425751 3.967929 73.164246
137 82.42276 62.244022 95.565254 45.968582 77.33079 1.6161203 7.108283 29.852634 46.31343 73.27848 61.701138 91.388885 71.97751 74.69698 81.43113 86.59372 54.131447 69.47216 58.31125 42.927635
138 93.934105 66.174385 69.38074 20.561403 68.825554 62.67747 9.925109 23.708761 55.05564 89.88206 9.280163 32.648323 45.95056 13.960176 72.76821 91.50923 71.94066 20.78058 51.701378 54.74665
139 28.693558 30.791908 98.36155 0.5666971 27.396505 5.9604764 83.277115 16.769855 75.315216 73.80738 83.373055 53.274734 93.28851 26.40419 38.646145 85.97952 61.92922 56.417908 95.44571 13.949174
140 31.18248 77.808235 31.320953 1.8257141 13.796556 88.248604 91.38718 12.805515 36.506058 64.25527 62.489925 55.77919 31.690645 21.667576 98.891045 89.86988 94.39611 14.63905 73.113266 7.528031
141 96.39286 9.600907 15.869867 15.752781 70.96572 38.48341 89.14498 86.430984 54.007114 72.37831 92.51532 79.047035 72.415634 35.15997 72.31067 0.26416183 7.5358925 1.529932 0.3610432 48.56824
142 66.231544 58.49711 29.593616 62.067516 66.03939 99.255646 59.908794 2.7382374 73.64989 17.386515 53.429283 50.291687 31.702774 63.713898 93.788765 68.11889 10.64145 62.231583 61.580975 37.46584
143 37.266033 82.32799 95.96002 24.435884 75.85307 66.94525 80.76715 58.25103 81.52438 87.98347 59.11724 14.3888235 58.264732 66.69328 71.33343 39.01382 48.986374 66.2911 82.254974 43.12631
144 64.760086 52.692146 21.610039 77.94883 41.280575 76.01554 88.25096 64.471504 48.375427 57.109016 50.0682 47.2988 92.53072 59.320766 17.365057 28.815794 51.68311 83.47463 40.986317 87.36519
145 88.67306 73.65914 26.710527 11.055267 66.58215 51.00804 5.0599217 75.7717 61.56854 72.93145 18.039692 46.026493 51.709885 24.865644 0.236547 84.83795 82.76648 1.971513 36.595875 73.60549
146 41.755096 98.56506 70.02966 84.93972 38.90509 45.459305 32.319046 35.965508 29.144508 79.69773 56.663376 12.377042 30.988317 90.04256 51.352417 75.44636 97.890724 5.5324435 24.622107 96.54067
147 3.157246 16.74757 30.582565 53.070183 41.831272 81.22526 86.52741 33.06215 73.07826 39.685654 0.85585713 44.9454 5.0548735 90.089516 57.73648 97.1522 5.699092 46.612453 65.548904 76.63269
148 41.002155 72.74298 78.65464 14.476675 44.877697 77.07319 10.33119 24.003971 98.54485 9.937382 34.476894 45.688854 93.26793 94.66769 17.242926 43.20715 8.288622 72.489006 70.921036 95.13132
149 9.849846 71.39466 1.6215622 92.05676 60.411114 20.967108 51.48767 24.24034 76.62126 4.085821 63.945343 70.50231 36.538403 47.66033 26.880037 35.830135 71.22131 25.615704 50.32261 38.783443
150 82.47922 53.829597 90.43929 96.70381 70.63548 56.874454 45.14064 68.462944 86.07778 46.36904 74.79839 82.932495 2.6355445 69.416016 77.29792 43.73562 55.01264 19.735157 4.430622 64.66363
151 56.236816 93.24543 7.478988 58.243145 73.06006 61.367268 56.36617 95.46382 60.208893 9.384388 78.09119 46.08215 50.1571 81.810936 97.07307 34.97144 39.555145 12.655199 49.76757 44.77449
152 71.54088 24.369144 57.346386 13.028336 63.879894 16.548943 18.750746 12.6760845 94.306946 53.344353 79.022125 38.4799 8.691406 99.09448 8.007193 13.632429 35.92093 54.797775 17.43003 66.477005
153 60.942406 56.3207 51.5821 37.64615 48.534374 9.240645 11.722195 64.38304 13.489085 38.205242 46.48963 47.90377 75.39671 11.78534 41.561943 58.283657 9.653139 90.92857 29.34398 31.716108
154 41.221954 22.022635 73.130066 99.61647 18.700521 18.803274 45.971382 85.758606 37.060036 23.254574 60.003365 64.58251 45.804375 9.423989 21.403742 84.45498 22.039145 58.700855 5.1828146 87.770515
155 5.9386015 36.38437 4.9394965 64.42965 79.28675 90.90961 9.396612 35.820198 20.152319 65.33317 60.36752 7.661307 31.403482 99.84219 27.775734 46.969402 24.80448 41.192253 94.98506 21.3022
156 42.055458 94.964386 32.097614 97.97544 19.591803 27.035278 72.700905 93.08457 4.56695 67.165115 29.015858 11.169661 18.58194 98.426445 36.299942 47.817825 45.83679 47.43676 16.041874 81.29942
157 9.967995 70.9445 71.85573 42.68694 54.46828 70.98964 66.51676 84.33082 74.88906 53.168118 84.3125 16.894854 75.6938 67.836365 22.409523 28.530115 63.415657 72.57422 17.418552 54.64831
158 2.4916708 13.870155 39.500282 21.911568 76.67772 17.602104 43.47778 29.5689 32.234245 80.074425 73.355034 59.53352 58.116615 75.56137 68.796524 73.31802 51.27271 11.739254 16.470688 79.14445
159 53.971745 23.113155 49.23794 51.556427 56.05525 54.42363 97.06734 94.325096 63.366093 43.729168 86.95624 36.316143 18.691969 18.890661 28.226995 90.542244 61.734028 4.8346224 84.16842 35.44457
160 57.32102 43.356155 52.42576 61.424435 47.838474 26.26623 62.73113 76.98755 77.19704 68.12939 60.979115 70.08922 34.25362 11.227626 19.325531 49.21028 7.114291 85.08798 80.51767 43.496292
161 73.943184 91.100334 75.21317 65.411934 67.59345 62.417263 9.333282 46.57023 91.44308 56.268883 96.8111 56.771954 72.20203 73.65766 55.28321 37.23113 66.16129 6.544882 8.744394 96.17285
162 81.445366 79.34196 73.91256 73.491 97.436874 56.8253 94.56979 21.276653 99.856064 19.367636 30.552942 29.41829 66.25338 76.29614 82.02387 56.08886 31.226366 74.7376 13.377971 78.04245
163 96.88154 22.793453 39.434696 26.826036 84.36935 48.41618 5.743843 16.164906 13.229484 57.859455 67.845825 30.110056 52.36121 96.78513 85.61586 38.562477 79.30792 92.5821 59.436817 39.344162
164 71.908295 15.548205 57.479485 17.213715 10.97151 19.482613 6.984454 28.582912 6.299007 46.92054 37.857174 4.9481034 46.976517 31.51582 91.394165 52.290226 85.342 28.55295 9.399801 62.312847
165 71.398964 15.674305 44.741135 44.086708 78.75861 48.87905 30.494236 1.4711618 86.586174 35.737915 84.79595 87.91944 75.68887 8.436716 37.426258 51.59077 46.06846 86.386 43.669563 71.04461
166 92.28667 12.203473 4.360652 76.45076 70.23706 9.190721 67.99763 49.795086 31.821316 34.098824 32.747936 16.88944 84.097664 9.935212 50.994526 46.3125 77.26903 1.5447319 26.239985 88.235466
167 36.038364 6.25146 67.74227 47.254925 5.0690947 45.33879 69.79419 36.008896 79.304436 64.74841 24.23991 93.94877 70.53627 48.082806 72.36881 41.948517 23.751385 57.601643 98.024086 37.53512
168 30.361998 3.0230105 51.45949 76.81627 94.45157 80.00159 43.581528 82.3681 35.70368 64.39611 34.699787 16.448992 65.85865 21.908361 59.309525 56.254692 50.552456 30.238932 28.846127 73.17251
169 75.48792 80.236664 64.44045 27.082432 24.386608 49.10752 59.69033 45.9623 59.449696 30.895376 14.131713 31.963736 75.55872 83.26493 17.790335 59.62982 93.67651 54.03187 88.83246 97.23217
170 22.43163 92.63514 54.38263 45.832867 69.31415 20.382273 30.073797 5.45848 32.969154 26.18397 59.437458 16.852951 78.500175 1.8042028 58.989166 9.110874 50.304214 20.375889 19.540417 96.85232
171 37.632626 64.86976 6.156826 99.56631 91.748436 7.9692006 97.131905 4.7175226 29.235464 42.822033 1.7665625 14.8864155 11.773497 34.650105 94.60839 27.616245 0.6562531 58.249195 23.647785 10.103857
172 65.68611 65.86959 66.8873 85.03847 18.085384 86.506165 77.35648 19.721806 10.034836 41.735275 24.259657 59.362595 37.765278 8.21454 87.30346 13.711387 28.228252 3.923744 23.702705 60.881752
173 22.761553 98.09719 10.816717 85.49885 75.41069 75.31696 81.297 2.7449489 3.297478 36.954834 48.06567 13.2664385 95.332756 20.43001 50.990337 84.4124 51.406498 13.767576 9.935326 4.347646
174 73.77055 52.685135 5.673516 20.993668 16.536951 5.705291 23.223568 66.58001 57.988964 83.20103 25.380493 10.232097 47.746628 85.25635 97.94482 50.185158 89.8104 25.003916 44.398254 98.918175
175 10.253978 5.735177 55.058617 69.07829 71.042274 76.430786 34.169323 96.1594 89.366585 59.104668 14.601785 41.46593 4.3325243 7.9830465 2.0924926 82.20337 63.186455 83.35056 73.98783 86.17315
176 29.964184 68.00242 67.675026 78.40567 16.995508 20.570314 64.14771 73.34812 9.666103 4.2789936 36.962265 76.453384 66.85368 91.49013 57.220947 56.024433 92.20865 71.06473 33.768127 73.0999
177 57.695915 57.299305 13.666403 2.4778783 32.369358 53.953953 61.952816 20.435787 2.093023 85.492065 98.947136 8.397275 24.795128 98.70569 66.84148 81.11557 29.845798 22.832663 70.353874 92.59528
178 57.35376 74.32086 35.850502 72.97931 25.710047 5.610305 33.066875 70.317474 84.75918 35.550945 28.485489 98.152596 42.80457 5.0265493 91.2161 54.165005 72.57106 75.50247 54.097862 77.97831
179 92.632904 13.85805 74.48463 54.228092 64.111 75.11557 22.134459 57.02751 29.153412 29.463858 3.710556 36.234634 78.40362 63.032703 74.08747 96.95702 63.96141 77.75692 69.977905 49.350388
180 55.942734 96.73703 68.949326 54.1251 72.40079 52.93535 40.84673 53.72399 30.898726 63.82835 34.700127 23.646778 76.30156 18.569714 74.65841 61.952286 23.32502 80.91759 17.2027 36.96446
181 18.043625 27.068542 19.261724 58.348465 12.987625 36.859238 54.853065 20.029228 72.77605 66.59486 95.040825 75.227356 77.63354 86.90434 82.43171 54.832714 80.87484 37.182373 13.786202 86.37951
182 52.82969 54.845047 20.823843 38.298843 21.101463 91.10087 64.73489 24.487549 97.94606 41.334812 40.624283 99.43952 86.427826 46.44588 7.016486 41.44538 33.422504 68.30684 97.11545 18.197626
183 69.12274 97.478775 43.776398 8.372813 48.15068 11.776442 21.704483 87.54536 9.448552 0.41891336 17.40834 95.57534 62.618458 88.301445 20.628262 74.17536 13.195544 9.190625 57.612724 81.7806
184 73.40593 63.987915 75.58258 62.5169 97.28584 72.05308 34.4082 16.690355 97.68841 49.16684 62.904633 11.828369 79.807106 77.09241 16.758549 1.2185633 82.59317 26.730633 8.035427 16.762526
185 91.09051 52.230972 14.13725 55.74348 43.57316 37.606663 70.21148 38.069958 45.82628 83.70922 83.13735 18.283398 48.402256 12.958252 8.68277 62.000984 82.71394 15.921968 14.144236 51.712997
186 68.96323 99.441895 16.22669 54.485714 47.773384 35.041027 74.124306 41.969055 81.69064 71.21264 18.32515 99.31653 70.1968 19.032448 70.7424 37.651474 9.347677 60.358017 27.094954 48.326706
187 55.50036 57.47704 20.306253 15.507454 61.757015 66.054115 7.9089937 65.95354 99.7384 6.028837 47.446316 55.993877 51.17252 21.975512 63.618523 20.593761 10.672027 42.39688 17.974304 78.44474
188 29.169691 11.354387 66.38452 60.8037 7.037461 33.411438 8.024245 16.327805 16.249382 19.57211 70.348656 15.665936 55.438995 6.036639 42.364758 9.656304 72.79067 5.28006 19.722122 75.539055
189 95.89477 39.11722 92.681496 53.829025 90.55506 52.784683 26.343315 41.926308 1.6927838 57.197918 12.6639185 72.00362 67.63583 40.794968 28.35278 83.34381 16.968489 12.929696 0.89058876 71.56544
190 66.56251 25.619024 57.35676 97.83817 16.293913 90.37804 24.792469 4.336047 45.211952 90.50944 35.298187 62.198227 34.572655 47.973972 9.383756 74.87252 93.244026 57.095646 94.2266 42.92486
191 22.663475 46.899544 92.985 31.540812 2.9711127 89.704636 62.25623 54.667603 94.40951 78.375175 78.823425 31.003492 52.887123 48.85965 87.22405 78.10617 44.128872 11.6170225 66.18036 88.34406
192 84.52324 66.35998 75.907364 91.149506 30.126274 33.158325 27.666265 12.257213 8.863789 21.082819 11.132919 24.844719 39.41434 37.77954 10.2383375 77.5664 87.24726 92.012 71.7076 28.532433
193 71.58707 61.467735 76.736534 5.787027 93.493744 52.986145 20.822943 17.55511 5.6668577 17.62662 71.99848 8.535814 78.94159 52.27251 47.43368 81.218864 42.750484 9.184199 93.02421 98.2936
194 30.14233 89.31076 42.083176 48.72927 49.40809 41.296078 66.19656 86.361244 30.154562 60.834354 63.74603 46.466057 62.043537 52.017933 86.22364 68.80496 8.6936 99.06551 7.4810324 31.23091
195 50.80295 11.62169 51.25428 47.76982 93.83538 65.79286 14.035243 50.99755 83.12255 15.155542 36.52829 47.746784 58.539326 97.879326 72.01251 67.212326 71.635506 7.3989034 84.9579 64.21101
196 88.94631 22.111052 50.817585 70.83851 38.91165 34.53899 57.1972 25.506104 88.22447 70.28631 68.30941 38.10664 82.382706 12.6966715 76.04152 57.93071 69.676605 29.056805 40.94518 1.3281286
197 76.80947 39.854847 20.408821 18.691563 85.88979 53.27197 86.16893 55.1486 8.776689 54.79359 72.690346 1.7183483 86.898895 56.440067 46.89656 79.26214 97.95467 64.31183 99.917816 27.293318
198 99.65219 67.408455 86.17152 34.87708 23.24624 18.316387 53.979904 98.0304 73.508705 8.478207 56.413143 84.118546 38.440968 11.284775 9.030467 40.9457 42.063404 6.9070873 82.15241 89.07237
199 31.627972 28.158962 15.266585 58.19306 10.287487 99.1177 7.7472687 70.31977 55.372177 32.90327 37.4143 77.495834 87.78775 24.916214 52.29261 43.58142 30.537964 18.76005 63.545258 27.387482
200 53.930157 37.640224 82.787476 7.484311 5.6480646 0.662899 15.257591 62.081234 58.639412 75.39257 63.594795 25.484175 35.794395 32.31764 63.789524 26.120573 33.87739 48.381317 65.32654 30.620956
201 30.371452 73.13737 58.294315 79.91963 15.120048 97.87425 19.509935 83.05404 7.28184 13.518333 2.2903264 3.8845778 49.59359 73.38969 86.73799 27.218866 82.76733 90.86958 72.21024 61.013992
202 98.5972 56.48343 65.48015 27.965725 20.647835 93.359665 58.008396 25.708395 24.93099 31.855333 6.326747 13.186396 62.504547 53.519802 19.945694 79.97601 93.26425 69.48688 12.1634245 14.203459
203 61.222355 79.6436 97.95628 37.303978 1.2205541 35.13459 98.61936 74.59203 44.310715 59.348995 80.41075 79.17114 2.022469 90.74256 61.105877 93.12285 40.550793 96.71929 37.625538 79.51076
204 75.73035 81.20022 44.859623 77.16043 13.770932 12.115502 52.128345 48.38823 55.42579 29.360289 42.627113 9.119373 60.9311 42.05324 32.47473 47.741318 17.131918 77.34468 50.975163 70.47662
205 48.201023 25.463217 80.321 19.236982 97.82902 18.904633 0.68438053 25.356674 78.34572 52.20493 91.49378 17.131393 14.615404 64.96469 39.28052 38.85173 5.485791 79.87927 10.956806 57.47632
206 19.87995 72.46815 84.481094 94.00786 39.178925 95.78616 28.860474 79.09739 42.2939 45.255207 86.182526 75.8031 8.773035 12.299501 0.27022362 61.476753 31.496191 84.94313 31.585371 10.462797
207 91.1101 35.982132 94.704475 60.004417 45.537804 29.640991 3.1533957 84.10206 39.913906 43.43965 33.27339 0.019967556 94.46714 68.82003 52.32418 15.954656 93.57379 30.212366 50.99479 17.648113
208 80.87969 63.77379 83.23739 28.342468 79.54019 72.93065 29.773521 47.638626 58.821915 34.84047 50.218803 38.05871 78.17697 59.509754 83.56607 36.253296 66.13037 98.92335 60.35642 91.98314
209 56.669224 97.33583 41.412018 0.69960356 72.10373 53.833244 38.227116 83.516624 34.4642 5.1956534 66.29942 65.69257 22.346752 9.590376 53.68045 15.817213 95.72698 31.128502 68.24097 82.43379
210 55.691402 61.061264 35.558445 22.839266 21.4213 15.429276 18.473457 75.628044 14.292163 81.169495 94.32818 19.821728 73.880005 35.707726 48.352604 70.11551 67.30858 89.407585 54.82648 31.141258
211 30.108255 29.209507 21.301102 20.27924 21.029694 16.490395 56.66366 35.34038 26.56687 86.530594 99.07734 2.5947273 93.861404 42.72873 14.306039 74.66029 47.811775 50.407177 84.6678 34.520424
212 93.28922 35.065323 41.454517 99.55272 64.119606 33.439148 13.266105 51.385162 43.745094 45.70331 35.059147 57.414417 99.10837 89.40603 80.08681 7.010293 79.24879 63.870937 83.157364 89.1828
213 87.36596 34.25987 39.172447 63.511497 32.760185 31.504196 7.696146 67.45037 64.22835 14.930457 80.88709 1.0573685 25.370848 43.492733 78.59601 95.40047 15.1029 66.75414 97.4502 9.31862
214 82.779015 53.622234 38.53745 87.13611 0.11156201 83.63807 75.64956 18.924046 83.934135 98.46017 59.298126 66.86842 61.33216 48.997574 13.782162 93.44628 77.303055 33.169754 9.941554 56.950653
215 14.545345 40.05534 45.90723 30.272484 83.901634 45.60053 54.756027 72.88814 25.148302 23.266428 70.65559 12.172055 43.05176 77.991905 14.564901 7.224387 68.77541 4.434395 24.12486 10.455531
216 46.76543 39.239777 18.877089 63.597775 81.170044 83.50926 6.7999783 65.32592 51.723534 34.914005 48.319332 97.28289 8.98025 91.10901 72.97384 59.355663 54.00896 77.07844 16.8895 29.175259
217 83.405426 51.481915 17.802889 55.979435 61.069424 61.45296 71.79258 26.447475 51.999653 24.928076 51.917786 96.475204 97.82734 15.570617 94.969025 84.99955 20.441364 31.623913 36.419285 36.11271
218 39.42019 28.320974 74.89756 6.3455462 75.70806 48.344536 62.124634 52.980865 71.74629 68.634346 79.85222 34.723366 84.848404 99.754456 96.090195 81.46232 42.807377 89.04956 4.516095 8.983892
219 89.423294 36.737953 85.720695 6.405747 82.78055 88.5214 80.70198 88.21033 44.691093 5.6661725 6.1861753 3.7531972 38.819016 78.0621 39.90257 30.038029 84.741295 64.54891 60.402443 28.711987
220 91.77196 52.67455 90.4908 36.28978 30.03475 94.69461 92.49125 33.51775 96.33052 23.52298 25.61326 31.810772 92.187515 89.803215 55.42153 43.417038 13.548374 5.4006042 9.167552 9.28238
221 72.33918 78.34177 81.442986 31.705183 85.251526 86.29143 96.72693 55.31307 94.07562 49.604195 39.95881 12.486887 33.54358 28.187174 35.8733 71.2495 59.62994 9.031624 31.644238 13.2843075
222 55.42914 61.3083 56.122295 15.920311 68.964066 84.17112 59.902786 98.69919 22.519075 37.491417 2.4718165 26.919687 95.33789 39.075966 41.162342 91.04282 88.848404 2.7437925 88.578 22.057205
223 68.10115 32.001823 64.04832 74.179504 56.02825 33.828766 45.66043 43.245228 73.69753 68.928444 84.13119 72.786285 44.270397 59.23426 21.460735 81.3643 49.24934 63.73784 45.731068 70.813774
224 70.26371 50.989883 39.926815 12.541967 9.594798 14.805203 55.171944 70.139854 38.44882 30.5363 66.767105 83.79941 18.279243 47.309963 90.913414 93.24012 10.92816 79.21391 38.617367 9.165514
225 85.75499 50.749958 25.148027 2.1559536 33.065456 81.92618 4.2848883 76.12684 53.924065 61.94247 48.737324 40.123135 56.76969 61.14611 95.38274 16.676926 5.161357 5.2218733 36.769886 1.9309461
226 21.52536 77.672775 90.63932 67.247826 16.08507 3.5941184 65.559975 4.413748 24.421955 84.40808 63.266247 27.451056 61.59507 17.284262 93.56527 59.434 34.75221 19.91207 3.9899886 28.82508
227 63.078648 49.41405 48.48762 48.29783 86.1899 19.60864 93.70069 41.68059 66.18713 82.47217 20.730644 58.751183 10.124564 4.2514505 59.143974 80.65464 28.215736 73.7907 49.423397 73.53664
228 57.421696 77.62352 82.67925 17.729061 92.87286 43.417137 1.3792753 92.94805 92.69363 28.431814 52.850925 75.23823 31.10407 33.57185 85.644646 32.90221 35.107468 84.97194 36.36611 50.785744
229 30.639654 5.3070903 16.701704 64.753654 62.823097 15.375704 24.045622 21.00908 24.06401 65.03391 37.925404 53.4109 94.34545 1.1183023 53.412323 81.775795 55.45847 81.2596 43.55419 6.2693415
230 9.39179 36.949516 38.80364 8.66456 99.04849 60.17868 92.21974 67.0581 74.31619 26.527 46.242767 63.478546 59.789894 97.68657 87.990776 75.9052 92.69959 49.76796 34.77581 30.058516
231 5.457735 14.935541 15.921408 69.75729 10.405481 75.29854 48.579494 35.807236 2.5552511 14.728558 58.254505 15.747518 66.21746 79.36891 84.86708 4.106605 54.23942 66.84735 84.71564 54.18664
232 94.11652 11.215091 81.46745 87.20322 67.46337 41.83673 5.7436285 77.560234 51.322014 14.086705 64.92532 49.157707 8.66481 64.818085 1.0385156 87.246086 67.412094 71.023605 75.06787 4.0978193
233 42.583782 53.5807 87.46816 50.623535 84.15535 94.95203 35.205864 66.28447 87.17157 38.50033 70.159744 27.828228 83.12723 23.78459 68.48522 35.394905 59.05683 35.760273 28.51262 49.612766
234 78.75077 12.946635 70.377174 22.946209 28.663832 59.900875 24.904198 5.6060433 88.093094 40.114647 34.893196 23.927372 51.831364 16.899342 88.02045 45.720715 75.56497 49.940807 97.83351 51.47725
235 95.660225 14.782375 15.028137 6.5405664 10.612667 70.151 4.2253437 81.84061 30.320662 65.19993 57.21578 49.226467 69.55735 24.641907 29.080093 1.8537998 15.680337 26.439333 2.265513 35.811626
236 58.92886 54.066044 80.69611 11.856115 71.86719 56.034565 42.9783 76.71388 36.957108 29.881966 93.95631 13.192576 86.2604 99.426445 27.060097 53.874893 62.325676 13.960039 77.41777 1.3683081
237 75.90681 40.05515 15.4865265 61.142902 4.858637 72.572556 12.462795 93.43416 93.98871 75.81744 37.999023 6.348181 11.503065 0.96015334 15.378946 41.327816 41.723114 66.99637 23.445457 87.9767
238 32.78598 52.65497 63.957817 21.66434 22.951466 21.572626 99.96334 93.43028 79.86609 96.35389 59.050327 46.864147 57.68242 45.251812 5.414033 65.56791 0.3668487 42.373974 38.488724 12.526554
239 52.97964 85.593185 22.011297 49.555355 32.369 90.58507 85.883224 81.601074 14.840115 42.30097 50.74805 63.007027 20.256937 52.203075 80.02398 7.178444 73.087494 99.040276 71.009834 28.98609
240 53.554893 88.94054 11.966509 12.617761 82.80903 56.065113 88.674225 73.63604 20.455069 94.7496 56.351513 80.245766 60.49332 7.4972987 62.03006 18.048626 51.43153 17.755562 21.107727 48.00871
241 10.780269 12.270296 9.010929 87.430504 65.14984 82.96757 15.408892 77.226776 0.6131947 53.55319 41.52223 19.712543 18.823988 29.966282 69.60382 33.995777 41.587418 67.89557 43.05136 80.45318
242 8.238435 24.006641 12.811052 21.800064 48.41813 52.385014 4.2859135 81.21889 58.844696 33.837105 63.967228 13.545286 51.70444 25.784492 58.124588 54.582214 98.65806 95.02507 20.341146 57.48924
243 56.54548 27.91798 10.250956 60.459415 6.1215878 93.69134 33.87288 73.443375 55.068123 90.49814 44.35029 85.71727 81.67093 12.29499 50.170155 13.137281 20.555056 2.1409333 92.08479 51.81024
244 0.42488575 76.473076 47.591824 31.78277 33.61558 20.487637 97.102684 63.66644 65.24306 29.927994 54.570858 6.643939 16.720665 55.15553 69.641914 17.122864 94.33324 42.96856 42.17701 42.814
245 82.42748 56.664467 23.699295 31.917202 45.657825 29.549234 85.89188 26.41912 32.747692 98.537125 12.270916 92.575874 1.5797138 7.515037 65.6669 21.114296 82.367615 32.446552 27.83023 60.49462
246 11.504668 87.24814 26.557266 55.00551 16.807281 29.5856 14.99483 67.09035 17.718464 15.025318 53.57255 12.027198 38.109386 95.35829 50.243557 10.109722 70.183716 29.133802 23.857456 24.32348
247 95.27786 59.044212 79.58046 53.012074 69.75244 9.156156 86.91373 60.32607 44.439976 95.26273 69.202385 70.80136 66.06692 11.823368 89.29698 16.99149 34.58451 29.864538 16.512144 94.76375
248 76.36304 90.44847 4.0697575 54.054596 68.73263 19.303894 89.229294 83.274574 84.45623 89.19123 47.26485 53.174965 47.526886 69.595726 8.885789 86.170334 25.382072 88.26776 63.71068 45.4974
249 62.477802 78.63743 71.65384 76.1386 60.47958 51.707478 42.79288 27.41695 69.48627 43.976124 4.2386293 92.160515 0.14688373 95.3725 81.074326 76.233955 39.763855 77.02777 85.478485 77.24773
