100
6
0 35.67894 82.29342 73.15128 32.95617 90.764465 12.837953
1 77.87168 98.528046 66.055725 52.16842 84.00279 53.75687
2 7.7247024 64.58021 1.3212562 66.75275 63.40689 31.376928
3 61.610085 75.48244 71.4992 11.2061205 97.275665 61.288418
4 55.05324 32.96123 13.661271 20.619095 38.63768 5.796772
5 70.72395 2.9028773 90.4318 36.968697 52.930187 12.043322
6 89.30605 84.16824 26.036661 92.264244 12.606281 34.862457
7 16.50021 96.24655 52.46417 77.54897 9.562481 63.989197
8 72.1929 86.9983 21.84996 87.97343 67.997894 92.27999
9 35.20044 56.45454 70.948265 88.996 72.26732 18.552053
10 8.843004 28.5869 88.47064 7.8240633 4.004276 2.3059487
11 56.577736 64.82348 50.68959 96.50764 32.43863 72.434685
12 42.09826 41.869797 36.31734 33.3318 82.03116 1.2204647
13 32.30556 88.501755 58.135025 29.496109 77.25083 75.31497
14 93.123474 12.301427 74.55834 18.045008 56.03053 15.420061
15 61.528736 12.040413 68.844124 1.8509448 81.280914 23.003239
16 4.025322 42.48869 11.798143 57.15834 37.494175 34.96424
17 10.559904 37.696762 9.51919 77.510765 69.225464 32.999832
18 95.25965 22.680527 89.87494 47.113575 97.96661 62.533306
19 93.65945 91.12522 34.350754 2.330947 50.945824 82.93619
20 74.486 45.154087 96.05706 63.932697 51.762917 93.11546
21 21.7161 4.792762 53.574024 31.452347 70.81451 93.76557
22 5.154443 85.77419 83.984055 42.90731 39.679432 67.7175
23 68.79006 8.710784 12.511253 64.378426 23.649805 40.140545
24 29.379213 97.87837 40.57509 40.16009 63.069977 25.55229
25 84.62878 46.35389 84.51323 62.38295 83.96392 6.209141
26 18.396633 55.845715 87.189 86.09586 94.87158 1.2515783
27 49.59308 17.098785 34.56866 51.51468 86.801765 41.801495
28 8.892441 99.12393 94.36458 94.15663 29.083961 16.624992
29 30.55206 69.01152 61.316196 63.342876 23.537804 32.07606
30 49.42144 55.18075 14.737457 87.55998 67.855194 57.466
31 29.2688 75.873375 74.10328 80.88907 59.49086 73.244736
32 88.67644 22.068197 15.895599 28.493202 91.65985 4.2075634
33 94.09488 8.187252 84.8582 2.2963345 0.412333 52.78576
34 58.074135 20.481438 90.11232 34.904186 4.9694242 67.35976
35 90.34491 82.45865 29.083216 15.262085 88.53956 99.05473
36 42.53428 50.988014 70.6351 10.609776 0.1400888 23.309172
37 41.89645 58.89417 99.38257 63.85974 76.15983 81.57689
38 63.890064 26.313639 32.498505 85.65537 74.749794 29.104584
39 87.15653 72.09306 12.691557 51.038773 34.114082 78.39652
40 75.47909 70.2022 61.095493 11.116446 72.01196 34.362103
41 55.79142 69.29464 8.7904215 36.95066 6.4341364 54.206474
42 49.455166 54.610657 43.84732 0.9308815 75.820885 89.64866
43 11.208123 97.94764 23.727829 89.617546 20.841282 15.8052025
44 31.503052 74.23397 62.558426 92.675766 78.0276 51.087837
45 8.816022 10.133964 14.33667 11.843109 32.063137 87.6408
46 3.1369328 62.14689 18.167336 68.92597 78.22229 95.10472
47 56.1374 21.743906 56.93224 90.3545 83.21314 17.398436
48 77.7637 30.452084 10.784221 55.115467 69.06864 22.003263
49 90.86376 94.98598 68.30934 90.83768 65.62358 22.054832
50 22.276562 65.179985 79.75242 82.512085 82.49101 46.45524
51 3.39669 74.2312 25.007046 98.853615 83.767 90.53393
52 36.13169 22.422796 8.036881 74.54908 14.088535 43.163986
53 56.13118 47.437794 98.13244 91.85233 56.91808 96.71076
54 90.608635 12.120253 38.01493 9.553808 31.311518 50.329853
55 1.0362804 83.262024 97.41009 24.078363 29.111671 52.37503
56 74.15751 33.551956 80.649216 15.786129 92.391106 87.65196
57 76.70108 91.90741 87.071045 33.71278 3.293544 54.915382
58 58.225777 51.121365 24.423885 28.243488 30.908329 42.2079
59 6.11887 14.95803 16.171383 1.9402206 52.326828 99.64421
60 80.50295 96.31936 35.122047 48.192493 79.30476 29.599846
61 95.693 84.72943 1.3304949 35.76858 0.13504028 27.25969
62 88.831154 19.896244 51.75493 92.819374 33.59397 81.37183
63 6.3138843 30.588097 26.034307 31.555027 70.594666 38.035435
64 34.74636 32.505207 20.396114 55.41527 81.98778 17.204487
65 79.36731 1.4603615 28.829718 42.684086 3.1382918 5.7231607
66 97.32276 89.84756 7.4411926 47.47408 98.998604 73.28442
67 28.114933 28.283781 55.14895 3.268081 64.13038 75.322914
68 38.20905 44.28106 11.454666 99.01547 21.650345 10.217381
69 70.401695 55.046345 42.292267 97.850845 97.108925 93.97897
70 80.92907 85.76205 61.270927 18.076914 89.49587 65.78593
71 77.89309 14.5965395 3.3456862 54.83408 56.559544 47.145134
72 1.0634422 84.88536 83.80943 75.05592 19.905544 42.80972
73 44.265713 37.562855 18.536686 35.840786 36.055748 1.365447
74 49.16636 75.85335 33.00992 82.52479 65.202675 90.60456
75 47.643345 36.154793 37.693047 93.79815 7.847953 68.759445
76 81.47189 40.82637 49.69209 91.07033 30.261494 2.4951935
77 67.200905 55.67699 36.961227 45.667137 36.240227 39.492672
78 81.814 84.84799 27.733719 51.10305 25.669075 81.14647
79 49.801064 96.308014 59.59457 10.159456 58.7211 89.75387
80 44.868355 95.15279 74.91789 88.59374 60.943275 29.953606
81 47.77149 66.79956 43.206226 72.342705 67.6135 81.332565
82 89.90458 25.094341 5.736822 78.17877 98.98765 91.37919
83 24.89978 85.64873 94.10527 73.8089 90.21789 71.76928
84 55.73331 13.305211 90.40767 43.563194 62.28358 43.133564
85 64.28215 19.085514 98.840645 74.32284 99.71711 52.894093
86 22.401554 67.33465 9.842766 75.86558 4.5399427 68.84489
87 92.1113 68.68238 60.448925 66.017654 83.60485 11.726463
88 30.325811 99.409164 54.248955 93.401596 0.8471191 71.92279
89 37.566757 54.00775 44.657646 38.892906 15.643006 47.214596
90 50.78811 83.81522 25.771374 8.990425 12.960953 97.43773
91 85.853386 91.668915 12.8934145 33.41346 84.334465 94.86889
92 66.824554 11.592966 8.946455 65.47644 13.25447 56.95961
93 2.7339518 45.170612 83.77731 76.408035 12.042838 79.40192
94 75.216255 91.82021 0.9263098 18.759262 96.14085 22.55205
95 41.670185 8.788699 93.19189 76.41668 89.06303 83.123604
96 29.19337 0.011587143 14.156759 16.879171 25.346773 17.819304
97 14.412284 21.345896 41.242935 67.51521 54.446365 39.840992
98 29.166496 5.499345 93.54805 49.959724 1.1964679 2.555859
99 61.484684 65.289406 9.72352 92.01836 86.95061 24.84896
