500
14
0 83.680916 64.62903 17.36685 77.282814 38.800915 70.451584 98.25182 9.092098 48.93738 92.02427 70.99838 44.9506 7.6748013 78.18021
1 97.054756 68.38194 34.855366 12.250126 3.7011266 6.4258757 81.34462 94.761215 24.083763 43.727516 83.122314 67.70792 73.39184 22.834217
2 94.93899 53.888027 2.0139873 40.381207 84.46572 61.831886 47.43876 45.464874 38.04013 92.510704 24.509811 26.792955 91.529686 58.469437
3 37.574547 7.6217356 66.31006 27.275927 58.79488 90.810814 36.771065 50.014748 11.7074375 44.62791 47.05625 60.592323 96.87491 47.614574
4 9.919042 94.28684 42.570293 17.585278 77.704636 93.509415 4.8547325 5.6965647 56.671288 47.193657 51.682274 6.822133 12.339264 57.461365
5 69.888794 7.8483343 70.55349 85.89949 33.757954 96.91922 80.78435 2.415377 72.52697 90.381256 63.24807 25.514042 1.4839649 96.78646
6 87.14574 95.07767 18.565166 45.7038 15.201783 81.24705 73.49341 25.469662 30.295444 87.54817 48.982887 30.897606 27.95077 17.52321
7 39.40331 47.198593 97.47404 14.178533 9.147519 38.07928 22.355574 55.72797 74.94067 57.64481 44.002342 62.376236 99.18788 31.103956
8 52.81761 83.05546 47.46781 7.4395714 87.03511 41.710907 46.287094 57.561577 36.55226 16.355705 47.62782 98.70942 9.355813 44.917084
9 36.6176 65.03621 29.122961 26.928944 6.3659725 5.718833 90.4032 54.251255 19.738697 86.24323 12.694282 24.89075 8.243513 51.666374
10 56.036407 97.14893 51.499783 8.928818 1.8411994 35.032402 91.744804 20.263094 65.98717 96.24104 72.83994 13.310629 13.255299 70.02665
11 35.1895 92.92852 38.513763 90.52712 31.347359 42.358185 90.31793 21.379953 62.896286 80.27199 45.462936 26.866032 40.03958 68.35593
12 21.264011 43.70802 70.40491 59.98395 97.76239 33.93332 33.548386 32.96144 40.53905 3.7119865 59.848423 42.343754 81.30777 94.40747
13 25.740534 67.36598 56.95616 1.6588926 96.977875 59.257847 96.274605 25.385744 94.778564 44.183804 9.388315 50.220333 49.876373 13.073927
14 99.07699 61.893387 21.723211 73.34144 10.98538 13.199293 46.06021 27.373892 45.51116 13.838518 87.00182 30.507648 6.2841415 64.97586
15 89.449425 13.530355 86.063705 32.878017 85.41482 98.49905 32.08352 30.428284 11.600542 4.018545 69.93028 82.39824 54.82471 9.616364
16 42.586113 4.63655 92.62938 6.307471 72.98233 51.177532 26.270216 0.010335445 32.061028 31.851643 76.411835 99.61119 76.73569 89.28588
17 93.970146 25.946177 64.16191 44.014202 21.935976 30.8631 90.31624 73.39021 72.52999 46.22984 96.03808 20.532196 78.08863 65.98329
18 25.484245 27.87227 55.636192 45.078987 67.50529 33.07799 42.69498 17.840803 5.9705257 38.029163 15.621317 55.36592 10.797018 81.840996
19 68.28988 3.2698274 16.693819 92.11506 86.50545 43.429478 24.79561 12.9727955 6.884551 78.08102 75.87022 80.09567 54.467304 33.547318
20 49.14678 30.88746 43.90278 61.215813 43.59205 58.725536 39.170734 82.67945 68.289825 83.63064 57.495533 87.023964 64.14469 64.9214
21 86.9704 64.23865 73.18987 4.7065735 53.603424 18.101406 76.1466 22.39321 12.742615 83.41265 9.437174 40.553238 69.42132 10.207576
22 14.538897 40.107517 20.935457 25.957823 44.382637 79.28133 8.329743 45.488453 71.517494 45.396484 8.404464 37.403183 93.10754 23.343819
23 67.89281 40.563496 79.69204 29.388815 1.6982198 40.248657 53.279243 16.478449 49.18247 91.99173 30.07229 7.9273224 9.680676 23.01051
24 12.323856 43.566322 90.47425 43.21433 39.924274 17.251057 78.724625 76.861694 6.8502545 70.97562 51.269646 44.277935 41.104473 70.45826
25 22.183586 13.134402 33.889397 84.51013 83.635414 28.475183 68.172134 98.12961 58.44678 68.09642 36.266182 12.258244 67.01045 48.495644
26 87.395996 84.479675 32.60483 90.18273 10.300374 90.43848 49.915833 98.76277 22.713179 89.01747 15.601105 9.257984 13.036865 41.763954
27 37.4138 0.33921003 2.7643383 12.935668 71.71668 7.505351 78.33459 87.89849 86.69676 40.114967 74.320694 29.310917 60.33426 47.18151
28 86.39707 10.252934 24.847443 36.94993 1.7348588 46.686417 91.14905 61.747192 69.706764 6.6713514 82.59635 54.024273 99.488846 16.720713
29 83.3426 83.77725 79.82912 65.48216 45.81321 88.8574 25.478994 28.325373 88.707695 65.573654 84.18111 92.94024 62.50377 50.287926
30 96.36906 53.077232 26.310612 46.549488 9.613127 85.2618 7.2439137 75.164345 73.15896 19.679266 41.999348 35.221397 0.53180456 32.25458
31 97.267876 46.578156 5.058229 98.85744 49.914127 3.0425608 13.29537 75.97174 74.83768 50.177948 12.819571 74.319115 35.1294 32.3278
32 25.742018 24.868488 19.056051 45.435417 38.879288 60.26194 96.6538 21.166939 0.9656012 41.616486 26.945179 34.690823 90.9678 1.4103472
33 88.23761 24.492014 7.8320684 81.03159 8.398825 84.387886 58.294903 57.67018 70.78455 2.3585796 67.233696 53.49651 72.52554 90.114815
34 84.98071 32.230133 24.637682 54.02083 62.70734 28.81047 43.93587 79.90034 44.09483 49.302 82.60661 39.524643 26.796543 75.57417
35 36.686428 18.67069 67.48241 25.68013 35.326134 29.312569 90.41665 52.01859 30.879152 10.855394 51.497555 8.913541 29.383718 76.72875
36 61.48549 25.612354 42.324005 97.83684 76.83052 74.12266 25.626278 78.33196 81.21156 0.83311796 49.208607 12.27051 51.806892 81.35576
37 10.154152 72.568825 91.68523 77.16392 41.37839 82.26015 12.85308 95.86853 53.732735 28.629261 36.79745 42.676617 87.6162 74.95353
38 93.26414 64.82357 96.70024 94.20067 10.014635 32.490105 74.22015 31.332201 1.9760907 25.644583 95.922264 3.3565938 57.166756 45.941692
39 54.213905 71.80019 37.736385 93.623825 7.9419017 93.96053 40.160156 21.486069 60.68363 45.633793 0.8827448 39.3691 98.19648 47.734875
40 68.40516 14.136845 80.02113 56.4366 54.881668 20.290226 60.01991 45.539505 8.752436 6.6915274 51.262527 20.451069 32.84468 74.5632
41 99.12206 25.424171 91.86133 13.031567 56.247456 4.909712 80.43151 20.873196 89.334465 41.66321 43.176765 99.46484 91.9835 49.56627
42 75.86597 32.72635 33.634083 49.250835 80.070755 58.378845 71.386 96.129135 70.231575 72.23304 70.80472 80.22962 33.20802 17.398464
43 81.47338 37.52628 46.78054 75.004105 52.568157 35.744392 69.82442 56.79315 39.133366 51.763206 6.6809535 75.164345 78.61489 90.85832
44 19.36066 38.05402 23.735613 3.592074 50.443542 47.476215 17.686892 97.937416 27.772778 17.362112 33.151466 81.29262 39.210766 22.179789
45 61.71253 78.804276 95.844475 29.095072 5.151522 85.57221 88.15733 97.39322 56.96641 15.881425 88.955894 76.56991 69.687164 2.9245377
46 65.442726 33.781563 31.32465 88.18913 41.016598 59.895725 49.22208 76.74346 44.472736 66.689644 89.9085 49.332012 13.650084 4.1106224
47 4.0651026 36.070526 84.668236 12.048388 82.7573 11.50344 13.220567 24.703194 27.565802 54.061752 96.50616 74.10194 57.64398 82.05625
48 12.921977 82.16952 32.06948 86.09127 80.28865 85.3664 98.74421 97.33259 74.90293 32.43241 30.688286 80.866486 14.913172 22.219276
49 17.593008 12.215578 18.280327 75.75057 12.230372 67.01133 12.857371 43.13189 6.6100717 33.259815 32.898075 43.170895 27.039211 92.28142
50 50.659256 90.795364 87.44787 28.2772 95.81651 36.62816 50.03024 32.90685 30.364382 84.254166 86.51427 5.8993635 7.7718616 56.47189
51 63.872265 96.51518 26.728285 2.6492953 48.243896 34.90721 30.224007 8.501214 10.046172 13.6697 27.403814 28.286547 53.040417 65.01284
52 70.11478 81.51404 88.42363 50.264572 78.90932 73.48373 41.284157 18.29853 29.087824 25.927895 47.043617 75.850784 9.865183 63.01364
53 57.397587 43.662006 6.675148 44.20553 92.92481 91.42381 14.802474 81.94836 18.683512 65.38679 22.834164 24.618847 72.03706 54.285885
54 46.788998 27.323103 82.49864 11.350984 4.2230487 11.311066 11.965174 37.30276 85.184364 21.276903 32.297737 76.40721 60.731243 5.667263
55 94.333496 25.207115 16.027206 53.18986 28.181452 62.1112 64.035576 36.679565 25.720102 81.55734 86.87381 18.825705 70.80319 35.245808
56 28.331692 21.293873 5.574065 16.54308 75.34929 15.601116 8.838534 64.482 84.89408 59.65088 47.560154 48.035233 41.23836 34.842037
57 79.692825 27.037752 36.74723 74.68487 96.78967 76.11087 15.634478 64.25003 10.7207775 25.340187 77.48396 10.719556 99.55701 84.739944
58 17.482418 76.79033 23.954027 17.466295 59.14629 51.501053 24.486143 43.403053 77.79079 35.826447 81.18081 44.531483 98.08773 4.533821
59 4.401726 6.1164856 94.857346 90.56432 78.193985 33.215206 14.865124 25.636196 66.77453 95.67272 40.04148 70.732574 47.121803 62.25726
60 14.461827 25.307919 47.251015 16.861647 82.934456 14.913357 53.978203 8.027887 26.523048 6.802833 35.562237 64.01981 7.2196484 83.051895
61 84.91709 26.169365 41.787994 34.725822 86.0171 75.46205 44.081253 10.410899 99.14778 83.826324 0.5325198 22.52353 35.820503 40.181732
62 58.71135 57.599335 89.06646 30.126446 11.589664 57.414635 13.616758 80.66316 87.28174 99.29343 28.881031 81.34298 6.3945827 52.10582
63 87.944 19.73145 36.68819 72.8809 11.854583 1.5646875 61.504112 24.065613 0.69536567 89.072296 27.441328 77.49783 73.26515 79.718735
64 55.170296 55.17894 54.21805 52.38624 81.269714 73.79083 71.277306 39.436245 58.800888 77.28107 72.341194 97.098785 29.31698 85.22535
65 51.14354 69.52004 2.5189102 62.370373 35.40912 95.13006 44.256474 42.87443 49.501354 29.668404 95.53728 70.22516 97.306046 45.43444
66 80.2132 47.360317 5.004305 68.62837 26.693218 20.700497 28.494299 88.85287 38.074158 43.98471 29.123138 90.09657 18.241322 13.156879
67 93.247406 29.27742 60.58463 20.071745 56.675743 15.455085 56.882877 11.273318 61.545242 4.209834 1.5696168 37.16095 39.492245 21.824366
68 80.013016 47.92312 76.50814 22.502636 6.685555 4.925883 68.59428 78.93493 52.29621 81.841515 46.782326 27.403683 89.29928 88.55729
69 10.365218 68.963745 27.934402 55.49013 9.948998 48.98178 84.407394 16.837914 20.41052 49.751156 57.371193 61.823822 17.814577 81.593254
70 15.95065 24.24953 55.155365 13.708406 63.67911 26.591469 27.349876 59.256203 18.44439 17.190832 35.699135 2.2454977 83.50621 52.352978
71 42.081024 4.631406 12.537443 1.7482102 31.044065 58.693634 40.211945 50.570427 37.89517 95.76563 45.92835 48.44977 18.53807 41.466057
72 92.70117 8.932304 24.509085 28.835392 76.00908 98.046104 48.2193 73.59553 82.469246 2.495283 39.259075 54.835976 88.673004 31.599724
73 84.72278 74.8063 83.49972 59.279053 43.405617 33.492832 18.91507 38.028275 25.50699 7.9229712 44.910545 33.625267 92.80634 78.62925
74 63.168644 12.734943 97.38109 72.688156 4.6230197 23.932606 84.59628 65.8064 50.76499 12.072802 14.66083 96.95528 43.8322 95.30559
75 39.424126 35.2588 72.46753 70.12804 41.754353 7.74256 46.685894 32.205765 64.828804 50.980343 47.724617 56.67032 40.57613 12.778723
76 27.333635 51.369457 59.500526 70.272934 49.10091 18.106949 98.91047 86.94029 87.38578 51.057137 60.455746 37.152023 92.28886 96.89045
77 29.693382 37.375156 70.82674 59.125362 5.5655837 37.710102 43.16809 69.06792 3.1543612 16.126501 90.555305 69.46278 82.41251 45.871502
78 89.57216 74.523315 23.857182 59.71561 10.979139 24.007679 61.11015 43.928688 74.738235 39.95254 92.9017 61.41184 84.46891 5.865276
79 63.506126 23.832352 91.85691 10.724181 1.8960297 23.812277 55.982 57.96868 4.0984154 62.41464 94.70561 14.517093 89.78129 96.87346
80 69.794334 31.278301 49.030327 16.556852 88.04059 76.98949 56.188763 79.68178 35.032757 96.6902 78.68967 2.7699888 23.238754 97.722176
81 65.73187 53.018906 32.579456 25.624811 6.722885 9.738606 39.62216 73.29216 96.48315 14.173007 74.923706 55.69294 3.6848545 42.08537
82 59.964268 23.570871 82.85895 5.4661217 62.66517 9.887087 97.08042 8.945787 69.86846 37.204647 78.23234 63.612545 16.626871 30.421661
83 71.21371 51.89973 85.02592 2.7235448 15.817255 68.29261 2.9149055 21.646547 70.04661 53.388096 37.801067 32.837463 77.714714 35.220848
84 9.76581 70.384254 14.177865 78.95036 95.15951 21.217287 91.48441 81.50691 79.651436 26.59166 79.089264 84.450554 53.644444 93.42163
85 61.202854 89.25232 47.86508 82.42302 45.96585 62.91625 43.924343 26.618338 5.6916 7.0955396 89.69158 83.57201 28.681976 14.697295
86 17.375778 16.363037 20.447182 58.812386 32.267857 43.19596 0.9552777 99.358 80.23174 62.935375 1.7765701 73.098465 44.369442 5.7765365
87 96.20588 68.0484 87.01739 34.596794 71.73992 9.304648 77.61239 25.946623 29.3181 81.05747 4.3113174 40.622032 20.72497 30.166292
88 95.93875 85.6143 94.287285 86.83302 8.31204 13.069832 40.825027 64.46137 96.75797 71.64021 24.644482 75.96011 85.255646 52.99655
89 57.665287 10.052252 96.74507 75.87565 64.58668 26.42181 62.422073 44.179733 80.91966 50.9103 28.050947 59.54439 87.900856 24.923246
90 9.283888 75.40687 84.48326 0.4921496 66.558304 44.752087 19.05473 83.14179 13.29273 40.998035 96.11291 38.23095 92.82146 57.33276
91 56.237827 67.47339 52.86508 8.469141 23.321253 75.92533 68.45631 47.292892 69.67104 26.176912 61.320496 52.106052 67.40721 76.45359
92 96.0015 55.78913 50.163628 28.77571 99.84162 51.707912 80.72831 48.509895 18.65006 80.87665 12.681145 29.15722 34.966965 46.871407
93 3.6684096 57.95396 7.754999 18.190825 17.59857 26.018816 46.693653 18.926 77.22641 28.885191 80.64128 17.275768 58.34741 22.139973
94 76.95886 44.993305 64.749725 55.696793 89.01041 99.44898 78.326324 77.41788 65.08495 31.632256 32.058655 11.134749 19.102722 28.892153
95 22.229511 9.685636 6.714916 89.1448 29.055489 14.7814455 48.786552 15.084094 97.35749 22.03933 15.830893 51.8553 87.88497 21.402782
96 13.872147 51.742172 19.010061 25.732046 65.64015 84.54004 2.810192 99.2426 46.20231 65.11494 40.721176 83.650246 33.4292 40.67138
97 85.190895 94.6174 59.450428 52.76896 24.881004 20.969742 76.928185 54.25474 93.298485 21.05921 75.06076 42.938847 92.20015 36.795486
98 25.29404 53.774433 21.175158 68.773605 0.39436817 94.060295 99.5065 3.421706 76.51232 84.12795 93.34172 3.3248484 93.89841 84.281624
99 34.525257 58.305668 54.834145 10.416567 52.881683 11.229229 77.99499 11.550093 83.57771 77.93047 96.80582 56.073196 49.276756 54.53254
100 89.39011 36.295193 23.544682 72.43935 2.5154889 97.04698 29.341496 16.466957 88.63176 50.781666 12.975466 55.255955 9.872174 93.62723
101 9.70251 55.927235 86.000374 51.88101 8.883667 22.862179 24.049294 91.977516 62.490376 39.77555 79.19363 27.310865 15.555954 26.486904
102 61.66595 68.5644 77.259995 88.87903 39.771606 39.31748 79.61035 29.666466 49.845825 22.402918 71.627716 56.303318 29.957115 4.3272915
103 81.575584 23.469234 53.98476 42.404903 10.711437 54.230247 79.13991 22.269417 38.42333 14.634085 94.87474 90.104004 61.182255 59.937107
104 0.31250715 5.0715685 23.770206 10.95435 55.77309 41.644848 49.584084 60.56956 80.66916 90.25776 32.8766 2.9459536 73.07252 27.161806
105 16.55035 41.459816 37.728447 2.6269555 68.10461 81.170525 50.418518 90.53647 58.644306 83.386185 92.593864 44.66755 97.15741 34.541138
106 35.437645 68.01077 27.77239 10.439598 75.34573 54.663322 41.207718 46.520542 50.68101 50.246437 14.46768 22.057379 44.061543 70.37243
107 82.93282 43.32875 75.9542 49.15927 75.81292 50.303883 68.59089 75.711624 45.50932 51.108646 37.89593 38.22052 81.370636 6.6222906
108 2.9650807 88.053696 82.780365 87.45578 74.48437 72.90542 41.210182 21.051348 46.200096 64.54706 38.093693 46.79998 7.0912657 26.582653
109 48.96931 31.295305 70.255974 67.29201 74.71869 38.833935 70.77063 96.376434 19.860703 49.05495 76.0442 29.258972 54.286037 4.5156183
110 24.659903 43.396545 28.631187 16.672045 23.628735 5.5100384 41.353577 65.12862 88.68819 32.219536 55.704426 68.40913 71.14533 77.585625
111 41.987103 56.466335 30.227333 25.61797 31.085205 27.581078 48.46738 2.843964 42.155148 62.41324 54.888206 72.27262 25.07621 3.2743573
112 86.27585 65.09204 97.77177 90.028175 39.35568 97.565865 72.455986 98.53455 18.944437 88.0221 42.3817 21.6919 80.97266 70.54285
113 32.48911 5.672097 80.53012 18.768942 20.767164 38.96305 28.72439 73.74032 80.987656 43.73081 17.163204 75.328735 27.166016 37.49363
114 3.3411562 46.821095 2.6152432 88.183334 46.25985 78.631004 25.325943 42.687386 10.428471 9.815669 1.7230928 53.562088 3.233844 57.731277
115 54.279537 91.74124 99.85064 97.26062 78.22975 16.003822 29.763603 24.892437 78.510376 69.29203 27.034712 50.636703 21.404064 4.580575
116 74.17391 66.24888 24.09023 71.09803 27.428358 23.24794 58.88354 47.809105 94.121056 83.29813 53.402824 23.016447 24.036629 49.0462
117 60.85793 34.875713 74.52399 50.640575 70.229614 0.99535584 49.778877 14.894038 40.070404 39.882504 99.56264 26.188446 14.2582655 81.88046
118 81.34868 54.37191 7.1365952 61.81612 46.56905 61.49128 99.48468 4.5442047 49.325733 50.474106 37.654137 52.95915 1.7652392 11.875743
119 74.51451 36.176533 10.480475 94.40104 82.673225 44.10907 33.05614 38.77339 34.430313 19.534021 42.528255 98.143845 7.321298 26.239235
120 93.46455 29.91084 93.67568 23.525768 49.03145 99.670425 73.72246 15.130722 70.29903 36.962574 37.317722 31.721699 42.71433 31.260538
121 93.82525 8.023554 39.774662 44.817436 4.084593 81.20081 9.146797 43.900536 65.34964 39.48028 34.560402 41.785454 18.734718 7.614094
122 39.56963 93.63699 69.787056 57.424473 82.6056 55.872734 83.59974 61.418663 61.575188 99.40136 55.234806 69.711105 29.602396 58.677612
123 59.55324 34.946968 89.42397 76.056435 48.818893 56.60552 14.56936 15.512305 15.192384 80.3066 61.96889 31.27836 43.556946 5.1919756
124 28.295815 78.02989 99.67997 4.063678 35.47538 90.376526 82.735596 98.00258 47.765083 73.93734 99.47944 96.24436 51.067 79.266594
125 21.224249 80.05158 6.178898 47.3011 72.12542 88.396576 2.092582 52.550644 77.62 35.979973 27.834034 42.502415 11.207825 38.285595
126 85.40229 1.0211647 3.7158906 32.15943 29.856174 5.075419 85.90737 7.254404 32.33646 10.894484 88.5076 17.374474 68.67497 93.46192
127 15.705806 30.361885 80.17244 75.69201 82.80104 30.096209 88.128 57.142353 86.30408 79.11861 62.84111 80.926186 77.45629 30.380322
128 8.210522 38.653267 86.31702 81.97227 70.91611 91.61138 93.400665 60.066837 78.74144 99.677666 45.973022 98.65188 55.195175 73.10803
129 44.766663 36.228497 10.59525 54.694916 88.83276 41.06154 25.63464 66.92184 17.857826 99.709175 88.65315 19.603157 65.45067 95.62205
130 27.964056 24.817896 68.11866 73.11329 65.25595 47.277515 23.93831 29.790379 63.999947 76.97316 74.88198 30.751728 30.69477 27.20359
131 86.549095 58.944183 58.49355 72.87861 9.390015 46.819286 58.15488 72.126114 43.688572 8.900446 65.289116 87.31614 65.43305 67.473236
132 24.53162 1.0787845 47.164852 34.04448 48.63568 27.97318 73.92228 47.501957 15.666491 55.2117 83.02911 41.377594 71.686554 16.121405
133 72.81078 2.9174745 34.80517 50.509052 31.015831 26.748568 73.53727 37.2743 31.99991 57.074875 46.458332 79.79005 72.37787 51.11627
134 18.594116 74.851456 39.215027 99.81629 4.3499765 25.312115 90.82177 71.89777 57.63179 46.61591 37.308228 36.656834 31.766724 32.846188
135 22.283274 97.288284 48.58997 61.013954 66.042625 78.173965 45.37578 28.26953 48.443974 49.896217 46.975346 98.53528 2.1356225 8.53182
136 39.45781 28.522427 96.174446 10.119027 90.67669 1.8244982 10.186505 76.46613 76.50519 10.200893 0.49986243 59.391933 72.06716 27.51345
137 14.085876 72.07513 62.264668 51.108192 12.219053 58.77434 11.459387 72.606865 73.60258 88.406334 18.557817 52.763866 82.96803 79.2952
138 20.295351 38.742382 4.066062 18.098576 5.5910406 85.16975 40.30447 47.06102 69.8943 38.75903 8.410043 2.233249 86.97132 69.0581
139 73.29939 78.337074 62.148594 81.74678 0.31574368 31.068123 75.272385 25.397926 85.15781 57.644253 32.248615 95.112854 84.79087 94.4719
140 43.750072 77.11128 33.55003 55.371456 0.33425093 55.188812 28.243017 93.646866 40.684734 83.752014 71.62054 90.48495 28.912098 1.5158355
141 93.95385 55.12179 96.83195 26.325422 23.051495 18.623537 35.943615 4.183781 40.833103 33.01664 73.59223 36.477894 73.09323 66.20022
142 59.701134 38.46282 83.429085 46.22519 59.76409 81.96139 34.133934 37.08803 70.80492 96.45496 89.39504 73.431274 88.12365 78.57858
143 49.16617 90.05006 79.29584 31.60587 46.958332 20.768684 9.578043 97.73995 29.417961 22.280115 90.16472 88.65562 69.41216 84.45467
144 32.268787 78.315285 83.451256 97.253365 19.450838 18.970537 16.246998 53.87107 5.754966 31.637405 84.19069 23.542315 94.83824 19.186396
145 1.2619317 39.33689 6.285268 49.317116 37.631065 25.336468 29.620373 59.706436 26.843262 63.210804 58.171642 84.953865 62.381584 45.110394
146 76.969376 88.83625 30.570847 22.98115 8.4063 82.877525 62.74053 84.21719 42.638336 8.200466 55.410057 20.646017 56.91772 69.732445
147 79.6539 18.141455 58.54087 15.574896 57.969887 53.955173 33.240147 8.01571 33.696896 19.727676 97.09383 2.3806095 50.65552 81.98034
148 1.875031 34.607334 32.127113 85.90724 36.775494 74.82508 33.01628 9.999758 73.25185 71.88093 98.09362 91.279045 73.04294 40.038635
149 5.187452 86.82754 94.94938 4.158992 94.24613 85.355934 5.5685577 61.54268 72.047195 71.487816 98.71783 58.078075 55.273773 9.371048
150 22.69733 41.999657 40.557533 5.528241 82.84563 11.854524 14.312876 33.245403 47.09267 35.432743 84.73081 22.286976 16.544079 85.49245
151 6.698692 3.6497593 2.7302206 25.966734 2.7608395 35.07169 63.2766 31.651419 61.195797 50.051193 12.7151785 35.62973 19.080662 72.47885
152 33.33842 55.19192 43.627304 17.216564 39.840446 39.868694 90.4563 70.97583 92.49642 38.3427 0.7330239 79.852234 37.368973 76.16994
153 59.698685 92.38817 73.12762 37.98464 63.121975 47.89142 86.21523 28.53924 63.1737 7.0787134 57.048977 51.72171 5.3447366 89.39747
154 56.517323 58.58426 39.01259 72.3748 25.109798 20.210384 28.39632 82.13363 46.53219 32.555424 1.7729938 40.19447 97.62208 44.644524
155 25.370377 54.556553 19.853323 62.939507 46.27338 47.841866 21.833027 50.34365 14.520729 92.32323 83.14135 43.06376 18.421274 81.58682
156 97.89795 20.06827 75.64636 67.35766 20.874548 3.6562681 44.078373 53.91301 73.1904 53.986664 5.501169 93.10601 31.067652 61.421947
157 38.353325 2.2134423 76.29069 87.143364 15.839892 21.815609 86.47362 61.431545 27.185553 99.23206 6.622487 9.830385 33.74689 77.50553
158 79.4747 37.484425 0.68117976 63.694103 43.461334 91.43784 28.05447 61.75339 95.685234 27.59425 83.38479 73.33803 88.91768 4.1616974
159 77.942696 78.50493 1.2302756 85.35981 50.518383 11.955893 13.501096 79.37186 20.222795 98.820206 21.730358 22.221666 41.19156 27.068775
160 30.001015 6.4948025 60.34134 26.801968 37.214287 0.46845078 19.684607 35.50852 81.673485 1.9405901 8.802634 33.909184 16.498083 72.34504
161 14.1288395 90.44624 94.10219 33.905052 9.491789 0.44023395 67.00977 26.72807 18.256182 15.302902 6.6058636 87.803505 59.29129 40.177887
162 81.60595 61.57241 76.36268 17.496645 68.693344 96.6433 79.41879 87.01969 22.617643 47.695797 84.22819 18.126095 59.821095 40.81829
163 88.07429 90.874725 95.179214 87.45677 29.457253 72.45847 66.58724 42.608868 41.26962 4.189724 26.835627 0.4945457 63.553802 10.485744
164 30.499899 42.09742 54.12393 40.174355 88.489685 87.93775 45.014877 96.831665 61.586464 43.259285 88.44331 49.12776 62.94223 36.35199
165 17.826414 94.937164 98.36457 61.665623 94.06335 90.22531 91.59492 23.184908 92.96663 21.72085 83.07426 88.53495 21.218412 72.70662
166 7.3262334 76.58019 81.8702 95.80616 12.574649 9.79622 79.1116 2.6128829 92.118195 24.170727 90.27929 14.926052 19.9377 83.376785
167 1.8944323 99.05369 81.70234 37.824024 18.504787 46.26076 39.525127 83.10464 97.42555 37.440372 76.31003 44.30151 29.844141 77.233696
168 9.213686 63.415 96.46296 36.20511 6.5536857 25.406546 42.749584 53.684883 67.437965 85.47702 90.3541 28.231949 46.53175 75.434235
169 74.313255 27.361256 9.848517 72.407234 43.82392 48.558014 62.441708 18.599403 12.733478 45.30719 80.637375 28.912289 96.12035 25.860113
170 34.301895 14.607519 24.648952 40.0086 86.961586 69.00395 18.562626 86.82404 90.82416 96.646385 9.5754385 21.038174 41.399574 44.35555
171 79.44742 69.700966 53.04594 92.81488 98.152 26.46907 57.00387 55.419437 78.30321 96.18712 91.021706 79.36834 53.501713 65.46862
172 42.26767 57.601154 50.64345 69.22036 59.690006 2.1482468 75.7342 72.2536 69.201805 45.58644 11.654127 48.36879 94.97393 81.17744
173 28.465212 95.98257 16.722185 10.34342 2.6615322 4.1941223 19.239193 82.64006 3.2009661 71.18085 23.6772 15.372539 27.761341 68.30408
174 26.425188 2.3290396 12.532711 48.9379 21.098 31.453222 19.65 76.76542 91.48122 55.13192 56.309593 20.3865 51.633804 2.4364233
175 53.48477 51.131134 76.18105 6.239229 36.305546 30.86769 25.638187 88.558495 35.508938 73.54237 83.95579 11.498016 4.3687105 65.704926
176 8.001107 48.302204 29.213661 90.19766 50.075947 56.69612 16.639292 86.65542 77.57551 75.00685 45.96836 20.939148 40.33063 98.55139
177 32.14469 11.876261 51.926113 0.22985339 19.336487 61.787384 71.29257 13.793111 37.92823 61.637222 24.13203 12.28838 2.7037442 41.963524
178 58.324516 56.961185 4.840505 37.032055 15.503561 15.459908 78.38105 37.269516 43.67378 12.412161 78.22008 59.58419 8.327675 72.99681
179 43.004562 47.65412 56.318085 1.5090048 85.912766 75.9126 86.135376 35.41056 38.84034 18.37455 7.6674643 72.08531 2.426684 23.518007
180 75.488174 54.407066 33.511387 21.37047 32.793026 54.012535 42.492493 61.26908 52.909805 22.405315 11.699825 16.299343 45.545208 12.062383
181 69.89633 91.31293 53.343105 57.74749 31.537294 79.13891 87.74026 65.2445 98.17529 37.903656 92.39105 76.50921 15.681773 20.344675
182 17.53515 70.41322 28.61315 3.0372381 93.6047 53.244667 92.48901 14.257556 0.17770529 87.17511 17.946512 88.80063 94.20985 75.051865
183 76.222244 26.788378 35.50983 50.992428 93.289444 61.98738 87.917915 36.0192 76.90363 59.363472 80.91839 81.86612 35.007072 37.801773
184 51.84573 2.4153948 60.196392 23.69727 5.8696213 47.09475 29.616434 76.3678 96.072525 2.91031 35.61642 24.165035 44.729275 78.34465
185 54.265522 18.27901 68.99159 62.66536 37.40765 52.380825 98.26225 15.629321 91.93902 33.5697 49.367786 5.3076267 76.575294 92.04276
186 71.021706 13.784808 92.26199 22.257477 56.89109 92.60285 84.85647 91.189896 21.779234 0.6407738 86.620346 84.00175 17.020273 58.06812
187 41.81772 83.72169 47.213924 20.32538 38.289665 69.44221 23.039621 17.815817 74.80424 32.363518 15.269667 30.005455 58.361572 36.425964
188 48.505627 9.596372 48.12556 21.218336 13.906336 43.851543 46.47938 60.60148 76.639435 19.307827 12.647957 47.626865 83.412094 34.13077
189 21.742695 91.75186 29.72471 3.1663418 69.87352 50.265545 56.010143 6.0688915 93.61296 4.7599735 1.1995316 3.2823205 15.621406 63.243683
190 35.185085 60.48584 85.24987 67.24187 15.884865 84.56265 67.58683 4.4181466 8.96998 46.197777 62.431007 34.654896 69.67092 91.660515
191 48.338245 90.226036 6.3770714 82.79157 40.05497 88.08139 28.986877 36.11963 90.72379 19.042725 74.221146 3.6161542 35.200603 49.90811
192 2.5079727 75.91107 56.192844 80.404816 72.77616 28.698332 10.812932 48.266422 32.808327 42.236126 8.1987915 28.394485 63.022118 27.77903
193 7.3087273 52.367546 94.04636 1.7696679 62.634438 4.063797 85.680466 74.7792 90.7426 67.76189 23.273808 16.444366 45.161396 3.9844453
194 12.802898 26.742666 55.646896 63.07081 57.58827 77.42657 21.330101 69.84069 86.36964 82.66709 8.256578 97.88393 97.10282 45.110806
195 29.547215 17.44001 45.169876 90.621605 21.552694 35.284363 64.58562 22.760338 39.23234 32.598095 81.178246 75.163826 97.40585 51.859135
196 86.62585 27.847212 76.91611 36.062084 59.70782 51.306717 93.073814 3.0711472 78.311646 2.195853 11.566854 59.96751 83.811455 76.14914
197 69.40468 62.513954 73.659256 19.710136 67.093346 84.28188 82.71955 64.77238 96.32025 29.839975 7.411772 8.764672 34.756016 53.269672
198 56.543964 63.117973 7.5014114 94.04729 20.329672 5.266714 91.129425 29.22045 15.044081 27.300781 30.670202 46.32971 29.724169 91.94594
199 88.29385 43.514133 6.942427 6.1740103 32.460968 59.83951 79.73846 59.605194 72.094 73.55413 48.09367 61.951775 7.595432 92.48137
200 61.760742 46.86593 1.5879929 8.18137 21.752298 92.30765 10.92444 23.251015 74.35686 76.36804 88.21987 63.88909 42.250526 36.606026
201 77.87156 2.6513338 74.23918 7.43435 46.784355 79.49047 44.589584 58.78654 3.911525 83.363304 55.042553 67.88598 51.912193 47.84797
202 86.76377 99.90988 56.93907 98.618706 79.0566 10.995549 23.59007 39.855556 29.078144 84.486755 77.731445 72.61592 78.5681 67.49089
203 23.139017 38.07181 85.28722 46.44996 83.1805 79.83999 38.095497 27.072746 27.110332 25.234015 24.07316 12.992817 24.567867 18.292171
204 66.55204 89.08586 60.718422 66.340416 36.198742 47.485584 68.87955 25.40424 69.25256 67.78337 14.7148075 82.06974 72.61144 6.2945843
205 65.003624 44.806934 33.683098 24.050444 40.01806 36.014236 1.8416345 8.567208 28.627766 47.141735 50.081104 22.50374 12.949192 48.534447
206 31.229137 52.909225 29.750656 18.74954 98.1284 80.559166 90.582634 6.000912 85.828835 40.368958 94.9442 58.339386 44.437504 84.36101
207 30.507565 55.770226 41.287525 79.256386 42.85095 63.634933 12.015981 95.391556 32.20505 64.449585 62.55044 54.063393 55.87399 47.51589
208 2.52257 61.13079 68.28117 69.83641 8.947468 38.11459 53.614037 96.31616 74.88246 73.311806 12.956733 75.376144 28.025263 17.566664
209 74.33124 71.7099 9.708184 88.11828 42.499214 20.06395 75.433174 72.987144 89.55674 62.01144 17.976433 34.095966 77.692795 6.422484
210 66.23695 33.982132 73.95193 8.7342205 84.54005 85.60123 61.977364 84.52038 84.225914 82.20551 27.61063 69.8988 72.308205 72.285164
211 20.547754 70.95293 50.095432 28.570593 1.2224555 32.849182 51.307045 28.412807 25.489473 28.288454 76.82825 31.59843 5.8630347 56.231476
212 58.33643 59.742653 99.93727 42.690956 21.164154 55.57524 98.649445 3.3083498 37.567894 20.242428 30.278332 15.261698 73.739494 89.55476
213 23.097075 26.927208 60.182404 46.092987 19.581676 26.099277 17.29384 61.229515 48.736427 80.22969 72.02568 90.23278 7.720834 39.1599
214 22.282951 83.30836 98.39641 56.584515 72.26255 37.121384 4.066789 90.70653 42.30339 64.27592 73.53304 7.2452364 83.14093 54.451077
215 27.163404 44.46768 17.92558 0.27285218 88.08029 45.8791 31.229717 56.211452 22.457802 2.5835454 96.84851 40.323944 99.522385 25.38253
216 23.873865 9.812742 33.943165 32.999317 30.730742 83.25474 82.23457 64.29355 71.11398 18.899315 38.48169 11.172467 14.618683 21.375216
217 22.612059 7.6307893 72.94634 53.03558 12.610537 76.792885 93.584595 93.37267 28.1043 30.133326 64.5535 75.62238 90.79385 74.67173
218 73.00317 46.844055 32.994717 28.645103 88.01429 42.202602 91.36889 83.036896 33.83684 39.51127 52.613472 4.782337 38.006104 2.7407467
219 31.844706 32.180107 72.36662 27.401478 84.643486 9.041614 11.141133 43.511623 28.746838 81.732506 54.99634 98.13735 81.27768 3.1511188
220 73.832214 46.909523 78.8616 55.802883 3.0749261 7.97081 19.208115 98.73694 51.96284 30.789715 48.51883 31.794453 0.122374296 72.306946
221 75.77511 47.27073 37.139725 52.88 55.46198 40.92334 44.411938 41.203053 79.07737 88.78488 98.9353 30.350775 13.8896885 66.29385
222 53.55198 63.691093 37.44168 14.985543 90.28146 29.808008 27.413166 17.842644 64.52769 7.7601194 69.37328 66.1636 34.054565 28.774094
223 56.95864 22.545969 62.60417 56.448494 48.955894 60.698097 82.895905 36.14741 61.0546 92.99124 15.558708 44.73402 53.642918 50.966316
224 51.44059 86.18232 4.478532 27.746033 85.90157 36.773308 51.478924 10.118967 30.381657 88.206924 57.897957 52.914925 43.06112 68.530205
225 93.01332 80.44875 5.175221 22.596752 65.92588 35.856335 99.95012 96.94603 79.51574 55.97498 18.696457 22.448462 43.92091 89.23874
226 53.897087 3.5430908 63.575153 29.386335 36.78484 69.94815 74.89725 36.44765 20.617353 97.715744 0.76274276 6.62874 98.37128 66.60497
227 17.07018 27.811682 11.715251 52.952015 11.760754 81.19437 57.75849 7.321209 99.84774 81.19813 21.150202 87.84175 33.207657 64.56274
228 55.630035 99.69604 81.48931 70.23554 54.1658 72.96562 32.482224 89.26426 87.49201 22.010786 65.18715 98.752754 53.372498 4.622775
229 36.747158 36.680965 73.50581 6.0193005 21.987051 80.980835 50.990753 36.842857 79.795105 92.96896 72.04879 63.968033 48.749344 93.64658
230 3.703171 4.2418184 1.5880585 3.381431 20.843857 53.195805 97.26175 78.29305 47.13017 0.018769503 44.853355 77.7907 34.12783 86.21453
231 46.65065 49.994785 40.635605 95.75485 80.69746 98.352394 32.082302 49.34746 55.397552 12.092304 59.984768 2.663058 60.921173 94.02412
232 29.629696 88.8026 21.5527 85.65266 35.318768 77.55136 38.56767 76.04576 65.70105 59.484684 0.14786124 37.069504 24.97577 70.99973
233 20.207382 73.50806 11.211008 8.89979 75.34551 27.548748 61.880802 0.115031004 13.561428 68.78045 54.22947 86.18242 61.521877 14.182192
234 8.5424 3.7157953 12.287897 8.838951 24.21804 24.575912 12.266291 3.8942158 9.135664 3.9125383 16.10304 60.429157 83.70362 44.622517
235 49.18965 98.75318 32.71778 54.787178 18.881971 84.51911 85.39015 64.87043 83.46973 73.97147 60.313435 6.238663 9.981167 28.641373
236 65.46352 87.0808 92.22144 98.37505 80.42386 49.050076 24.747849 74.49287 19.72357 43.7186 29.06525 41.205376 22.454947 35.84582
237 49.028706 32.555996 88.181076 56.936783 93.67688 8.823752 75.62587 91.84572 29.463387 45.523815 55.886246 60.31434 58.63704 20.21997
238 12.111372 39.18617 66.44558 47.956512 63.009537 77.28419 53.559612 61.184303 57.487152 59.066803 69.85737 30.8663 5.5743036 33.487988
239 36.26222 53.583942 28.989285 7.0943356 39.029957 76.82195 99.74464 4.2204976 38.653057 38.3918 92.66475 78.93359 87.85697 63.684105
240 77.200806 62.67708 61.043083 98.94797 74.182014 95.73898 73.58347 83.22671 76.888565 99.893524 2.752918 44.39081 94.88652 41.827965
241 3.517282 84.6697 99.30743 33.068306 59.16877 32.27697 94.62769 40.671326 87.756256 32.54241 93.50704 5.3831935 85.81201 34.116356
242 45.950382 99.51339 77.99816 63.316936 54.08962 7.488668 28.522146 37.880524 60.43485 87.7986 82.59722 35.89483 15.770233 18.49671
243 45.51305 37.49949 37.286324 40.069 76.254326 97.300545 46.425922 72.624084 1.8474817 80.94446 6.7159414 90.1108 29.075264 26.829117
244 56.068115 6.5550747 99.78514 35.70068 76.22174 49.86598 64.2042 79.41537 58.80211 32.14348 19.49454 83.2668 96.569664 43.988705
245 15.837156 22.136396 47.591026 9.249294 83.77935 72.77413 26.09077 98.914215 0.14308691 46.52856 67.52068 64.30655 27.754671 47.9012
246 86.85253 63.92126 30.46748 43.79484 2.2657692 11.644232 49.81928 10.966081 74.32828 10.907513 5.1664352 49.99785 20.586384 86.63328
247 43.804638 3.4109414 3.380376 19.46056 71.516525 3.9783955 64.93823 92.40829 63.842 62.85032 47.689068 4.2953787 22.368658 12.008995
248 2.658403 95.21331 53.273678 63.4367 57.20041 83.24253 13.561535 80.08624 1.6927898 77.34705 76.84516 58.503925 18.732952 15.709555
249 99.58327 57.285545 37.45982 71.2334 31.449503 22.281086 58.574493 63.901337 72.56708 31.74615 85.19946 53.319065 74.85582 30.92646
250 72.71634 42.07343 55.429874 34.624058 3.034979 72.30098 4.1388392 32.213245 10.314173 22.705782 43.81009 36.744816 64.97916 22.611702
251 35.936554 27.905697 29.030901 62.722378 13.433695 67.70785 60.245346 51.14199 89.198135 33.196484 87.10819 97.74571 9.635258 47.83835
252 35.477818 2.8554797 47.744675 83.53295 36.330067 27.8633 13.983191 99.65248 19.894583 69.2511 84.75005 30.742132 32.483013 84.49662
253 39.306347 97.39599 39.84002 2.5547504 64.159935 7.571274 85.48376 24.701315 38.891495 20.736004 98.87331 98.07245 95.101395 42.59278
254 30.037045 46.59053 28.21908 1.8302083 72.27266 27.313019 4.4965267 75.87947 9.502256 57.561867 8.327174 93.7672 40.71436 25.289059
255 10.378003 59.93796 30.5892 55.621326 48.741245 42.76632 66.88932 96.830925 23.81491 30.095238 64.56958 3.3363044 34.880054 16.544836
256 0.94898343 8.798944 80.89246 93.865395 41.882324 83.81261 9.945589 26.904726 85.92604 77.75512 7.8491154 19.780386 11.327153 28.579044
257 44.527626 85.861145 22.654747 45.95621 52.25994 2.7510643 12.48225 98.37623 48.501194 51.52886 45.218994 62.456 71.06517 45.231384
258 40.54837 79.58453 99.26778 52.502625 52.585705 50.65508 52.27804 21.291006 66.512985 31.389635 97.988914 27.612097 39.834743 48.81263
259 61.366226 84.15831 12.344593 81.77197 81.183334 81.70121 73.27542 55.83511 45.586174 36.87814 70.8687 24.020147 8.906502 37.47658
260 57.7438 1.082778 99.960075 10.435301 3.0433059 9.706182 22.704172 58.48911 51.503616 83.985664 97.12006 84.0272 41.54322 68.92425
261 16.62904 28.957241 94.4279 96.93635 9.904617 38.12574 78.879005 14.082366 92.83243 2.410245 28.516848 53.2278 10.377121 52.550877
262 20.717478 99.65007 79.59039 73.024 6.31184 90.73022 11.846924 48.98511 40.63748 17.003334 74.096504 81.04158 2.3940623 11.551624
263 31.508112 30.19026 81.24571 0.8711934 34.951115 36.81543 65.91033 48.102715 90.47157 86.64488 8.394039 11.876923 89.99941 36.777298
264 77.94749 16.78735 35.251015 25.402832 40.18095 38.27983 44.01867 49.03685 6.580633 31.96571 60.173786 25.68032 40.48639 29.261988
265 67.72716 66.329155 84.549576 4.888052 33.722412 41.010994 87.98042 31.967617 24.685406 59.676083 69.77145 44.97264 83.473076 48.765533
266 5.8627787 54.99097 45.882755 17.39589 87.27661 14.1024 74.08225 94.414345 65.031555 22.121996 93.14999 20.989948 92.65884 58.540417
267 20.682991 90.11878 53.945942 11.897206 62.011497 91.95511 41.75952 57.615334 16.087484 5.068779 42.139076 0.86649656 62.187927 41.714657
268 99.05973 83.50343 14.352584 28.441154 51.15361 41.475113 79.68313 70.63045 68.13272 62.234913 5.550289 94.9356 86.61405 9.072852
269 68.23676 91.45316 81.51359 62.47779 36.99524 37.551834 78.21613 46.801353 39.89649 97.58741 44.47134 15.703451 84.7164 72.60368
270 20.605219 21.973198 24.561613 57.192684 87.42297 89.01385 55.62046 27.922995 7.4317513 83.04509 46.572327 90.410866 45.107685 90.211
271 5.579281 96.78788 3.31347 72.40049 22.766674 78.905464 47.143513 83.61521 91.58431 37.31748 4.0003834 6.895524 20.899857 64.417305
272 74.217445 34.689392 37.14568 39.906754 93.72996 85.48512 29.918205 16.185892 6.9140196 81.702324 79.27402 53.732414 20.576298 21.234734
273 84.30272 85.85517 70.06634 53.464897 82.668236 97.44282 75.53858 23.636078 53.544853 22.877163 54.51728 13.598728 52.142464 78.85179
274 79.18044 76.38404 54.7899 93.44609 80.30771 13.847661 47.86077 13.788337 50.823288 65.63454 71.78068 31.640512 50.562183 81.618225
275 9.608179 65.21129 59.613018 14.252007 66.45738 52.72038 33.72186 50.236053 26.111847 20.279873 34.221058 68.6682 50.91666 75.42026
276 3.2778502 64.33092 43.336372 85.278336 38.506924 66.7121 46.905922 32.59992 58.787598 57.313965 91.71224 6.1246514 4.161006 87.13445
277 97.626335 97.75765 49.710293 3.0863523 26.416779 15.650553 48.162693 44.538277 12.340856 18.681341 24.476702 89.919365 17.111975 67.92192
278 92.83027 47.040337 18.131048 28.906853 31.21233 50.87191 93.953766 44.57581 49.305527 78.22653 65.11929 2.6728868 3.6619365 12.161976
279 55.2225 8.482385 21.50737 99.82772 81.57056 29.705847 76.11733 88.58445 68.58449 35.99686 36.90511 97.03057 3.5105228 12.43788
280 84.52915 63.368504 52.779682 80.6489 12.903625 4.4514894 9.844625 30.155802 27.487415 38.793503 9.440631 8.323783 23.198784 57.539703
281 78.43514 72.09808 80.38427 33.43324 85.78319 96.82147 37.153233 11.539179 41.19111 14.66167 78.826744 32.073933 88.06934 11.137366
282 67.058685 58.127087 56.948586 6.6499176 13.245541 65.1524 33.027943 49.88972 73.09264 48.459904 39.76631 30.887371 5.650526 5.9864225
283 19.829088 8.026493 43.843536 0.5965173 77.23465 30.546839 71.61191 26.120209 28.743208 16.275972 91.46992 29.130953 48.49312 24.178553
284 5.8003483 41.78368 4.2759237 98.762665 74.87568 85.35574 4.874688 84.70081 67.79802 17.764837 60.354996 36.79208 91.72457 37.389954
285 7.4425936 24.506115 86.39651 68.92068 53.05588 39.014877 60.68395 51.44458 25.158007 11.356139 45.22649 14.102417 2.3873627 96.013054
286 48.97868 57.760887 85.014656 37.88364 60.317867 92.44696 8.8191395 40.80781 87.15308 97.74588 31.199192 81.28876 11.068052 47.787155
287 2.5182664 45.870674 52.879684 52.442074 94.18345 19.2118 40.099983 23.359097 83.67146 61.92666 98.720215 46.70744 92.62794 12.784058
288 94.62029 86.03573 60.805588 44.17019 44.935757 8.344084 91.07299 28.502863 42.14207 16.991537 70.67867 17.471493 57.759117 36.903107
289 14.617008 46.84639 56.815456 64.0041 68.09894 3.7332833 85.98412 3.0059457 78.12885 97.43852 39.113342 49.523907 6.939721 71.76455
290 34.292835 55.76101 22.013933 68.09342 1.2481034 68.194786 94.65288 72.87033 10.433107 63.217567 59.151356 58.21404 23.449589 87.68282
291 91.74397 93.81331 95.17531 48.787254 28.342134 85.78841 62.113102 87.47282 44.957184 92.88516 48.91848 15.17666 18.455965 11.62191
292 69.83031 31.716526 88.32837 84.53265 86.88257 66.613045 74.43702 14.46352 69.444695 74.26849 19.799782 3.3153772 26.014727 50.008114
293 21.426498 36.32818 9.527313 36.72021 62.750008 8.929205 31.054258 36.193436 46.482735 18.58741 17.047215 83.54492 51.57796 90.61145
294 64.64191 53.47413 58.72686 66.294464 54.51519 42.390423 38.389896 91.4509 76.92595 67.48582 8.215195 10.730004 83.508 82.10871
295 3.873521 0.9576261 53.808624 73.703125 81.436714 88.298874 34.234436 66.28648 69.60344 57.704998 79.79301 31.93627 7.0569277 17.677837
296 81.683334 45.841717 51.307465 62.93777 61.331894 25.765545 99.37698 36.508987 32.897724 40.677116 63.03319 30.747646 99.64651 74.101875
297 38.949524 53.95286 37.04782 87.43206 80.6898 90.74942 98.17437 56.924736 39.890575 86.05983 40.230095 98.05042 0.09967685 15.148049
298 39.122 42.73719 81.64914 67.188 20.297903 82.18256 79.48022 63.668896 66.039665 21.390999 89.34413 72.59024 53.533535 35.365295
299 39.18576 27.03045 64.90153 52.672916 31.250793 44.812523 84.600235 84.47474 2.5751352 2.4709225 44.86634 38.406933 64.61629 89.6905
300 93.96669 12.122446 1.030302 53.29705 81.70974 13.814932 1.707083 96.50029 82.87539 52.466316 33.436768 88.505585 1.8612027 32.492203
301 86.83816 41.214573 24.93025 62.333088 65.846596 48.234875 53.04452 88.591835 72.10682 51.83414 65.5076 23.60065 80.579926 96.13599
302 28.712536 79.67588 54.651634 50.409866 85.44875 25.46348 35.68132 0.7099271 87.78298 64.17908 91.479416 37.63944 83.87118 8.50594
303 75.43201 34.239536 38.623886 8.544392 39.25118 52.81783 76.439224 26.433426 40.529633 30.151485 36.803223 50.827835 75.8904 24.439919
304 50.064182 95.86251 62.58204 17.47616 79.80904 29.933346 48.47459 24.89835 62.757534 59.746838 91.72192 94.529915 68.76263 42.62677
305 57.593964 56.489002 28.23999 85.81623 98.43412 13.02644 47.08877 94.09125 32.20857 25.331259 78.91287 57.83254 11.097914 18.530952
306 19.173313 2.0247102 71.007866 4.8296394 57.9274 94.51617 99.28113 33.502846 98.23009 99.143234 26.37452 50.947826 51.34112 48.673332
307 89.48387 75.129684 31.915218 54.442543 85.2766 7.835883 34.72991 97.35466 4.814166 71.737206 6.6684723 99.68306 57.760395 34.245647
308 75.127655 32.801594 52.988243 78.76727 37.327705 4.3022394 18.188255 88.68925 98.794716 3.4879327 48.083454 98.147514 7.2538137 89.321266
309 56.964016 34.439774 8.070242 34.739418 40.631634 73.33364 36.020016 8.801299 91.21075 64.24302 6.4421473 79.21531 47.926258 66.387245
310 16.660696 56.01793 51.71364 99.00348 69.972664 8.961445 21.826607 23.159134 82.541466 70.76069 10.413134 84.72762 85.34613 62.795204
311 64.877464 97.98015 35.103542 34.02778 37.83137 97.65155 60.059673 5.4585514 7.2229624 40.218365 88.05178 36.874348 83.03748 68.75019
312 98.65629 38.276028 86.57844 41.643936 60.99738 1.286155 50.10495 55.719334 30.403877 24.980497 31.434118 5.7493744 86.132385 12.688476
313 4.4870377 23.041433 68.45233 60.92008 33.69987 28.005672 75.20476 96.06364 80.333694 38.890774 78.25528 19.035608 11.160225 69.49113
314 30.87911 30.638641 75.4963 61.402958 33.921303 51.798607 2.3940682 65.41221 76.50947 51.717697 14.814049 66.22829 45.163963 14.725721
315 7.22363 34.742607 21.41711 32.472908 34.24852 62.30814 44.648426 4.1361275 84.29247 47.538673 74.95771 73.36931 88.53057 53.457897
316 35.78667 69.49442 44.03233 62.44655 71.97844 52.389072 13.2064705 29.609703 14.41204 68.98213 30.063946 68.49822 74.7073 5.3328037
317 78.31774 13.462549 94.2678 85.86677 64.986984 52.500927 71.68302 12.2141 55.42183 45.807095 85.87334 12.788314 47.549484 66.1561
318 3.0255795 63.12699 82.25845 65.93681 1.0855019 41.258533 27.347248 85.50141 3.1636477 64.95397 50.08906 32.326813 81.55148 64.46946
319 50.48898 39.35119 67.07663 28.895723 57.584602 33.156128 78.25353 12.93323 65.07285 33.11778 14.175564 48.041977 72.10924 56.268795
320 41.474796 94.52604 98.855606 9.728164 45.138367 34.065975 14.345604 23.813623 15.769357 3.1849265 73.15522 70.307556 61.331306 32.613647
321 35.429543 48.07199 72.89853 93.8068 96.81354 23.883331 43.890278 78.07161 87.11024 31.877714 57.19932 94.825005 91.9552 47.56992
322 70.101395 80.13641 94.92397 19.552267 62.47998 44.489277 39.314598 16.52735 78.412285 56.970985 31.967693 2.4235725 7.2913113 92.05104
323 95.0625 6.442952 80.22154 42.72211 56.58102 96.7657 26.301456 0.856483 23.34938 80.36792 56.53541 0.7864356 21.093184 41.39161
324 49.50569 26.775826 9.192443 46.447533 70.64699 68.45051 80.763756 7.150531 98.131775 22.447872 64.86861 13.415551 74.184906 43.393803
325 32.144005 71.22606 86.35507 35.494785 19.635809 76.68081 83.19453 98.0319 88.308136 85.40069 81.31696 27.16272 87.390236 39.41554
326 53.356415 73.790184 54.751442 59.346836 40.443497 36.769833 39.77713 10.26246 89.01298 64.13697 4.22501 87.52424 14.690632 56.89394
327 73.30801 22.10933 79.36583 42.56791 61.374302 71.40777 79.09579 64.40775 48.197372 84.83692 67.02258 29.722023 98.771545 27.539682
328 27.894878 73.27064 93.917015 19.028324 19.013435 22.423023 14.7796335 26.294327 50.46752 36.411373 21.876324 17.334545 88.464066 26.67765
329 10.657662 76.2634 86.50209 26.087385 59.17194 45.52328 26.30301 46.52626 9.416252 54.81397 44.02643 64.78151 19.01058 26.195038
330 26.697916 81.12906 62.153053 86.64121 52.3285 61.998367 53.19362 44.732464 67.35649 73.5847 68.94676 89.03227 13.295687 36.24787
331 89.96256 79.256096 36.394566 36.716152 0.8605659 35.077286 9.329915 66.0546 46.539436 84.19158 21.164762 53.42225 47.203564 34.207897
332 23.749851 19.007074 19.856298 50.510452 71.25601 12.181359 27.921349 93.2135 30.470478 53.66224 1.2533963 24.788755 37.815304 91.907005
333 4.834652 0.27959347 13.75395 75.545815 31.335508 93.934525 34.40961 54.593624 97.41759 69.61237 85.95482 55.5402 9.711188 32.767563
334 60.83728 39.053734 58.904667 94.85829 81.436455 86.627426 0.9997666 67.59163 80.61459 74.53634 96.738365 85.796585 18.214447 63.25514
335 33.276222 30.481297 45.304634 49.12941 27.716928 4.6775045 35.38672 16.51985 68.034134 66.21304 14.421934 74.58765 42.674267 76.098495
336 34.03888 27.91196 31.781929 6.601554 28.337902 86.5902 18.122059 17.455042 72.06745 74.54323 38.548153 45.45998 53.42825 7.420987
337 53.00634 25.772423 89.24218 29.577982 99.8562 31.484324 33.645325 76.67775 27.57873 61.11925 67.83298 53.015125 14.139586 46.069534
338 50.764294 24.854242 78.35513 86.82308 66.25552 60.018845 51.103455 48.396675 16.743898 24.503088 58.2323 62.352936 98.44378 46.671658
339 98.19872 51.087845 95.95868 4.1754007 4.055333 36.003227 70.03641 86.32431 16.159988 36.307137 82.50096 51.446163 65.27692 51.407932
340 23.968023 83.64256 58.4687 34.393513 38.317524 63.07302 56.821644 64.43352 92.68516 88.00214 45.638252 64.94292 31.636978 22.699196
341 86.86658 65.14362 1.960671 23.058308 49.37764 83.714455 1.9605339 99.49952 75.97158 13.297934 22.159285 85.118 33.975708 87.81717
342 17.830122 64.78199 27.841032 25.242455 16.810793 99.36744 22.658068 6.3412485 86.65423 17.795456 33.97075 95.06764 95.47643 0.059759617
343 5.2037716 43.929237 22.063309 96.85722 94.531906 93.55556 38.14776 18.442255 79.76936 50.740158 73.582924 27.402931 16.066282 64.70669
344 21.796417 20.504105 26.652605 63.841213 75.85427 24.673962 2.9148102 31.531637 46.196842 35.550953 44.638783 2.26897 80.19807 25.496244
345 93.77405 30.312365 25.773108 56.16367 41.607307 0.83381534 90.00929 70.96745 7.373011 15.68222 86.97492 70.27428 60.23671 36.19867
346 33.28655 99.85785 51.98516 17.6436 86.56661 6.8928537 36.931156 32.844715 70.5413 41.14337 22.338318 86.03642 45.21694 38.445007
347 37.5018 36.244236 54.39868 13.327867 54.45764 27.9904 72.90658 84.73037 86.67151 5.892473 28.39284 48.074554 34.074764 29.538345
348 47.92364 6.188136 10.131532 11.8075075 76.77638 56.15517 57.45855 53.83748 99.597115 57.456707 37.66397 14.6892185 14.604652 44.838478
349 24.870754 25.340193 36.421318 96.14009 73.75393 72.13541 37.922253 77.5782 6.322527 41.775166 55.85398 6.2445936 28.150528 41.145145
350 37.570374 39.223488 56.90528 3.9443314 69.82409 0.9250283 12.995982 40.596527 16.950108 32.96368 74.69213 17.110813 80.86465 14.980608
351 55.42719 96.467964 44.018112 88.83197 88.05383 97.14726 47.78947 83.96627 44.964417 17.27925 10.857683 7.8312817 31.205696 9.633732
352 86.96197 33.83607 33.53678 37.560528 70.35938 0.60857534 16.899645 80.738785 65.45774 72.71115 32.654453 23.114574 68.862045 5.0924063
353 43.39835 44.986813 55.8019 84.665306 7.0225773 53.41956 96.04618 83.62159 79.215836 36.90942 38.4657 74.34728 46.802174 83.726654
354 28.938389 6.8312287 53.58178 91.097984 57.936073 0.809443 11.758316 42.23885 55.576645 28.925652 43.184235 88.319145 60.925682 69.08839
355 79.69611 36.21431 25.70281 46.95605 86.46837 74.12458 71.16975 18.883837 98.87024 24.919807 90.79011 15.333849 75.61624 80.7807
356 84.26012 61.107857 39.463676 67.066505 63.779728 56.04922 73.30538 3.363818 98.09573 65.12729 62.76685 65.692726 50.09205 64.92738
357 76.44169 16.510475 29.78254 92.19812 78.34809 14.415079 75.794525 64.743576 2.2847176 69.58242 8.195072 3.8911164 39.291912 95.55165
358 66.24955 97.130905 3.7310064 64.90017 72.915474 48.23402 33.491398 92.827644 9.132057 76.95367 29.994005 6.2185645 54.894894 40.846287
359 65.016396 59.206192 69.39805 55.18167 36.51653 2.7623415 61.93599 13.518179 83.73924 23.843987 10.601687 49.289883 13.674521 27.909285
360 42.974216 98.486664 13.684946 31.253254 16.899807 3.8205564 47.67849 61.002914 59.139423 53.08665 50.982933 80.45896 3.1494021 37.98346
361 49.051632 85.796425 46.708286 6.506509 50.832527 72.27185 46.694798 22.033209 84.16133 79.67387 17.311932 28.052872 99.55459 78.75504
362 73.75768 99.6507 23.503387 4.0643034 4.142028 74.630424 72.58686 20.544184 85.78474 39.66931 76.78596 98.35912 29.402542 74.06806
363 12.190747 74.88767 16.673761 57.224377 19.332863 87.16214 37.8833 40.47378 19.672268 40.106064 70.49075 91.76816 26.923584 33.846863
364 14.28526 97.97622 46.080364 50.626476 1.1068642 67.380486 26.909893 12.164497 77.80654 10.011774 82.63056 70.82975 60.12531 89.41867
365 42.29675 22.04129 26.501911 72.7418 97.512505 95.655594 57.53504 50.788574 52.447784 45.722706 86.05747 33.235287 39.274605 51.242428
366 50.71913 30.981945 19.173176 26.067083 2.8762996 35.72824 28.639662 19.836098 1.7623127 71.51353 30.18071 50.060547 9.749359 82.571594
367 90.390144 9.783429 20.443672 2.504474 93.218056 37.519558 83.89035 20.40546 34.872063 53.63371 40.866596 76.897255 73.70735 67.46722
368 11.741662 26.648157 84.70161 45.203217 63.36976 41.15018 6.2704506 22.813684 72.71282 76.56439 56.418766 19.914919 30.179203 34.24813
369 26.266361 97.740746 54.89151 16.97749 49.117363 41.80745 93.203 60.479362 61.309326 91.58518 19.771248 59.116745 62.49108 85.31468
370 75.43641 25.666433 94.709465 8.034933 40.16874 30.141306 65.27022 90.24903 23.636728 61.402695 62.87495 89.09668 45.75771 90.55813
371 61.684017 24.378735 99.243774 87.33397 76.93757 39.563053 24.02507 33.052128 58.368683 9.571486 56.96286 77.638405 65.21126 39.602123
372 40.95906 27.17256 17.05125 54.683674 15.993887 4.595804 17.565691 0.61131716 65.408035 63.8703 89.37463 91.20658 37.58157 29.50074
373 75.39473 92.62263 3.8022578 84.05662 69.38941 26.137983 84.37798 99.16252 51.582275 60.31528 77.81034 46.15474 66.52302 10.629487
374 52.0502 84.847855 83.71552 49.086742 6.505394 99.04127 97.24715 72.66711 31.63231 69.76078 20.76851 82.652336 86.74528 78.8254
375 17.199295 77.37453 82.3121 51.017273 18.576366 69.28841 0.7250607 40.589523 67.174736 59.485615 68.659676 72.56066 72.643265 65.10338
376 18.038677 69.51567 86.19003 19.114607 43.74606 46.576977 48.174973 89.61565 1.0907173 89.74807 52.729713 84.15971 40.166855 52.707626
377 76.699295 71.4368 67.32828 3.8927376 51.322563 20.507538 64.67688 26.720356 76.23549 0.0031113625 9.516573 51.230957 25.754356 14.663142
378 78.95853 63.287373 17.696375 73.06789 26.160902 68.52415 72.50907 62.512283 88.987785 61.133034 4.054594 59.061657 68.18174 73.71351
379 48.44038 72.62959 58.528297 33.051723 50.776855 38.446854 65.07818 69.868576 15.210933 32.878376 8.475274 88.15975 56.128044 48.83805
380 54.06924 84.41454 19.69669 95.00482 63.087486 69.23354 28.16943 34.92848 99.081406 16.969067 14.338774 3.5114408 56.586956 94.099434
381 91.62301 96.15789 52.954376 68.045074 54.335754 32.301476 19.172287 6.778961 32.24662 32.576614 85.86627 60.426712 69.60398 95.41819
382 20.183182 91.45656 48.962124 12.504941 75.73332 45.201588 98.59416 66.65993 57.9699 40.32494 74.701675 24.35664 32.217823 5.2330256
383 88.33726 76.93379 50.962883 94.97692 95.78464 29.38996 4.9823165 30.28199 10.503042 57.918037 2.504295 0.2502799 46.61045 2.1689057
384 8.956599 40.039043 16.789824 65.9349 83.19439 19.29601 81.55042 31.16215 84.638275 74.00243 58.623962 50.89317 98.82225 59.128304
385 29.143948 53.176487 99.82634 50.43937 25.932932 31.741327 89.39178 47.02796 15.052467 12.216335 90.691284 20.593065 17.665964 2.0794034
386 35.320164 79.909256 99.69708 65.88012 34.714 8.849186 42.77128 17.40967 30.577469 41.123425 14.103341 10.549098 45.779793 34.750862
387 64.499275 8.96324 19.352514 42.160522 93.19939 60.393692 82.59266 58.552433 43.185974 28.121817 82.77151 0.3242314 99.661476 94.61679
388 65.57888 78.42768 3.0814111 50.160748 5.262274 7.692915 3.3731759 82.37321 4.577923 34.49927 47.322643 56.371586 46.348415 81.54323
389 31.662678 5.4488 49.872486 42.53166 71.81124 69.57947 92.97418 11.900986 33.704845 25.052525 92.48855 88.43088 83.540375 39.65258
390 69.90199 37.997204 8.822638 80.96899 56.200035 63.619972 11.826653 62.808006 41.291344 92.14562 32.894993 68.83881 43.301765 10.909862
391 11.93704 71.35039 45.258842 46.92114 79.675995 14.478511 18.968153 80.66132 99.76147 48.936623 65.03583 89.50702 74.55284 52.92106
392 44.89405 67.83418 23.466665 10.542255 55.281223 25.691908 37.1176 24.25319 1.9181311 11.945999 73.47719 36.011757 10.173875 85.23607
393 65.90073 18.344515 73.45791 94.01298 55.664474 61.407352 81.09979 60.18946 93.711586 36.20847 96.839676 57.22186 4.285222 13.327813
394 26.066376 58.232475 95.2542 87.004456 27.985287 11.382193 90.995224 17.950768 0.41692257 94.22377 60.033928 6.5851154 6.4217033 55.1342
395 94.17524 28.759151 78.98519 74.87746 53.04342 66.01216 52.208317 64.438255 28.84044 94.74432 33.521217 53.855503 73.31403 36.60884
396 74.1306 51.04774 1.565212 34.33554 76.03597 47.549446 86.141335 91.8864 19.387896 90.46789 47.14023 89.387405 18.653797 5.438632
397 48.64105 56.076874 49.00682 55.328835 24.08886 8.264076 93.628105 23.1507 70.264534 54.023422 80.34083 67.15221 94.7052 47.39083
398 23.367054 71.213135 50.00047 77.824715 98.27024 97.16595 91.93602 86.60086 29.632437 87.97306 10.212064 61.898678 0.09611249 5.123198
399 80.21424 25.186998 23.516441 51.275806 3.4067452 50.02607 5.6250215 4.006654 50.261665 62.775333 23.367256 0.23089051 2.708131 45.45335
400 33.571007 78.05068 48.91367 71.969345 6.52594 25.75745 99.397385 58.27926 18.15452 61.689167 34.179123 38.17066 12.553424 86.58947
401 21.614122 3.118813 15.657467 7.837987 63.033413 76.064255 80.567856 36.034374 57.154327 54.433018 29.696947 35.346615 64.853165 31.963009
402 21.378988 64.01677 10.275674 36.93216 66.10966 47.504337 26.935923 46.53865 96.29753 68.802574 47.518097 14.10501 13.592344 56.162106
403 20.20858 83.423096 98.814125 73.28692 90.770325 39.195908 34.62307 29.332138 23.013283 25.746191 12.783605 91.8425 97.160416 49.846058
404 42.691536 4.052782 58.76979 4.8829556 51.31693 35.46338 24.821478 20.135069 36.495953 70.85732 49.348335 53.515404 64.274475 15.302605
405 21.180868 31.903244 59.51766 41.360928 0.14731884 68.57113 39.07066 67.68996 86.14424 91.00458 54.263603 56.28078 75.15525 28.682732
406 9.441555 77.329926 56.39332 93.53504 84.470894 77.63031 90.686455 35.51939 29.893177 19.617832 28.98876 42.100334 5.696207 35.87909
407 55.01535 38.673717 69.739975 77.875595 92.56758 22.83153 74.96708 70.545815 7.7940645 59.74416 29.959047 16.79672 62.646664 80.12696
408 3.5508335 10.992628 67.923645 52.83537 88.52731 9.503597 23.892086 67.992905 73.40075 93.114586 81.458824 25.905626 35.475082 22.358204
409 66.686325 14.375311 57.468212 97.169235 72.16186 0.22292137 67.581024 59.0308 67.92311 8.019346 6.8232417 22.16667 36.48087 3.6478639
410 74.44982 53.319466 6.6824856 6.162959 93.40486 83.04145 92.01343 77.54401 62.655205 78.8264 24.286163 65.76538 26.226574 28.253466
411 83.92613 26.822918 32.69767 12.835532 35.20587 20.990753 90.991295 27.515602 77.33622 57.963486 44.717224 51.59894 70.39527 65.31189
412 98.32363 72.021904 15.321291 30.802076 83.21827 24.728085 87.83843 47.868515 64.20687 62.850685 2.0085096 96.471924 58.504963 97.49899
413 16.455645 60.608852 87.715294 37.14267 78.104706 6.0774326 63.091724 81.619 8.979929 75.26313 35.761898 96.20538 92.26389 52.52099
414 35.04523 97.36563 67.015434 87.34196 92.33518 54.870407 35.84918 51.356834 67.03033 42.99683 67.21125 38.12202 80.577644 27.231121
415 0.93072057 75.628784 39.773964 30.944818 61.332203 14.976281 20.06262 0.31425357 41.772026 34.355377 51.727432 44.544155 44.980423 75.42518
416 38.75488 24.28944 68.591705 24.658268 62.89887 53.9079 89.8197 0.9299755 19.394403 65.496574 79.0481 93.486565 70.14402 5.054146
417 12.376589 62.718918 23.42158 26.87177 37.67935 16.47191 83.64513 62.4982 8.840597 73.83133 2.066064 39.278263 46.4415 38.65621
418 79.873695 42.26432 19.75786 9.084452 73.85037 66.79968 10.522729 24.66569 65.024796 19.63393 1.1107802 97.81213 20.513195 49.22853
419 92.7714 34.362335 94.7266 33.935635 68.9985 32.994347 29.236406 25.783836 67.36138 74.08555 60.77046 41.29558 53.98085 94.79056
420 88.0635 45.517475 28.727812 73.303986 73.67306 85.50512 48.121117 56.510117 23.526264 71.919624 85.34181 1.829493 41.073883 67.02579
421 52.860443 26.696688 54.75021 31.909424 69.55282 73.70231 66.2873 90.64011 39.079548 82.27396 26.68848 42.6978 24.512308 80.43834
422 68.77018 63.3699 12.051004 64.593765 76.637405 73.935265 87.10287 58.53684 58.832264 96.022125 33.457912 42.747807 82.81637 67.10803
423 71.83169 23.97836 82.60815 34.085377 90.25261 96.64834 41.54796 39.321854 74.80783 99.90026 90.12567 6.6887975 15.851599 36.15286
424 20.45375 44.41365 59.207565 22.718876 69.247475 35.94805 63.010532 51.90242 39.0847 50.756615 54.042435 36.674606 31.328423 93.26158
425 99.695816 88.56261 35.534172 22.175676 96.57978 77.10799 30.623323 23.983484 49.367065 41.80075 87.83541 56.06547 75.425575 98.73224
426 48.79558 87.38771 25.307142 6.602639 72.324326 41.104202 86.06464 26.749426 78.31895 74.9515 14.984364 46.426308 57.65224 45.882248
427 93.56338 95.86452 94.13083 76.724335 54.903984 10.210175 52.76219 39.315308 8.175546 95.083885 11.587095 62.911957 99.00381 97.397224
428 49.896305 73.887634 18.751352 54.641396 90.58484 35.79306 24.371315 59.906586 29.58064 33.571617 96.13572 95.477715 60.660587 85.700035
429 36.90756 34.37819 23.537886 59.69586 74.15149 11.4050865 9.938354 54.032875 36.535446 18.035984 63.607002 20.084625 39.298515 69.42225
430 1.992929 66.138985 76.647995 37.159462 80.00307 79.467224 11.959815 94.60084 59.01042 47.37984 5.714506 8.422965 50.629307 62.456936
431 81.69108 52.546894 77.06943 76.81862 10.310543 60.256664 44.65725 74.324524 67.079994 54.64805 19.93255 64.701385 88.310036 63.902706
432 48.219837 59.34247 6.6969213 89.14897 71.42951 62.267536 68.57558 21.984451 7.8163266 31.65161 51.818775 24.554724 13.329345 25.413544
433 59.205627 76.17647 77.906525 9.402847 23.892992 40.94363 35.540825 57.34736 50.24506 24.957138 13.17603 19.352144 20.118649 19.478506
434 78.54628 49.60911 18.737947 87.44568 3.0828893 16.138065 99.05697 60.73677 54.16583 25.696909 84.09946 9.969509 6.550103 78.146675
435 54.84361 8.437384 90.065155 67.02499 40.005978 88.27773 8.04717 0.16950965 93.360306 26.72426 95.86136 67.05466 45.350655 70.21087
436 82.80799 1.98614 56.633453 16.373116 54.248028 16.176695 91.28394 11.156548 28.561157 11.553496 2.762705 58.12045 99.25192 67.287384
437 73.956375 77.76543 93.90257 61.660027 37.842308 39.770645 55.550034 69.988266 93.30371 34.171093 9.319485 59.70352 13.623649 57.819145
438 77.71733 89.953384 67.06187 99.352234 5.878586 51.677155 50.077045 84.036476 46.341866 49.24569 96.17213 34.294987 88.71994 3.499174
439 15.546555 52.790268 49.135174 33.228046 42.834354 3.2577336 17.752474 65.49733 98.851135 55.83924 99.48254 10.201841 85.68901 54.7103
440 36.32539 69.160034 37.471264 27.915102 22.318941 1.0203004 97.955986 84.41403 80.15411 29.191948 23.869652 68.61557 67.78294 17.66125
441 53.831417 75.62859 93.40801 88.46252 98.03043 73.96349 96.79226 62.107693 6.0407996 59.576107 76.62118 48.611687 48.460938 44.44432
442 19.500977 39.872707 93.169785 3.0625224 91.96642 74.87794 86.185455 95.41598 57.540016 96.11851 29.24145 9.550947 55.436653 50.139393
443 26.6707 20.4924 44.00872 26.557827 99.98158 15.000862 52.60633 80.20974 13.157547 48.833992 71.376785 50.18889 40.3112 70.43189
444 24.9003 20.106268 41.534035 93.23517 46.772396 56.403767 95.82808 29.440361 86.67533 99.308235 1.6696513 7.4813423 16.57346 55.123085
445 77.386894 0.7911563 49.924458 72.94959 33.041065 58.6547 77.78571 65.34813 2.3599327 83.7273 53.042454 15.440756 3.514731 72.899994
446 2.3824334 74.88512 78.758484 76.78377 12.845034 3.1899512 59.311813 31.618923 62.597168 91.98427 29.11706 39.662052 44.913208 3.8955152
447 61.46612 79.143326 60.10221 88.24976 69.89078 92.11601 26.338118 1.3061702 19.495916 52.644783 30.071985 1.4150798 59.08863 53.81968
448 7.070512 36.397205 56.54551 60.37 12.3218355 26.441133 99.96298 64.83149 11.333031 38.58615 91.91284 15.248567 56.029285 73.88338
449 41.79861 77.53975 8.932376 53.91251 6.664282 77.50154 51.985954 15.586889 50.19171 77.86791 77.81224 51.03159 65.94818 72.08653
450 66.89514 69.50701 28.682613 76.038414 23.816849 0.42361617 7.653695 24.646765 87.92102 97.816315 61.203033 5.337816 71.38895 77.39478
451 71.221695 3.0889094 72.51215 5.4468813 10.521621 81.09598 89.8048 35.247864 32.69967 60.99617 38.46333 29.830288 51.719284 1.4862239
452 73.552826 31.42569 32.542686 53.790485 22.246052 6.83589 41.69818 16.773033 52.591305 66.48169 31.19768 38.889442 79.82948 82.77126
453 25.826145 54.27851 68.47461 13.407272 4.168373 77.06078 3.5301507 17.797035 61.040833 62.6082 15.716135 73.14693 93.043495 23.759163
454 80.86988 92.22149 91.08566 30.571407 14.260208 91.057304 61.880863 36.437088 26.988108 83.87873 44.022156 43.75081 48.564053 8.617687
455 69.3753 26.65385 80.845924 32.157455 34.7609 64.82052 81.54479 4.874796 56.39833 54.263325 67.27569 42.2355 46.07634 62.481434
456 27.525455 2.905786 65.78286 95.04353 91.87152 11.68887 30.417711 68.27721 47.317703 78.009026 56.63611 12.838018 53.782185 80.88211
457 21.80168 10.573506 10.708123 6.3830137 48.99937 32.61084 32.65954 18.410046 72.169395 60.628212 56.86863 35.729557 36.333168 41.77438
458 30.331993 53.34941 29.813725 26.949137 71.590546 42.518288 33.091576 43.730854 25.213741 57.19208 58.829773 51.030975 91.74579 64.57504
459 82.55978 49.77569 28.02717 60.0698 58.014698 90.08224 42.00755 62.2078 36.163815 23.342817 11.107021 58.243774 75.24032 20.497816
460 6.616658 66.259254 29.621881 84.02907 20.37142 32.820625 29.044783 59.60209 39.85885 17.276318 23.591608 37.91678 68.98633 53.269493
461 43.037064 82.582184 22.921967 86.41219 46.877785 25.420826 54.816174 83.553535 70.68096 6.550467 81.93109 95.72775 78.80041 68.21836
462 39.945114 43.55205 38.122696 24.319923 92.21347 23.234623 33.98284 52.77642 79.8695 3.9379895 60.94892 96.74546 7.2240534 86.32313
463 67.60515 9.574759 92.40378 8.788824 97.10973 54.378952 67.066246 46.14403 2.077812 34.328224 11.908287 26.946926 82.71377 16.70512
464 61.171635 65.064026 87.1262 50.345016 83.13883 30.50909 60.0002 10.37013 42.456013 79.490135 44.436306 29.614185 10.834503 86.81286
465 47.51513 56.584 16.148245 21.159767 15.297354 74.29787 96.10133 28.900862 21.36749 2.2727966 55.49223 31.418144 25.087214 10.010565
466 58.716022 38.682438 73.412224 89.575836 28.651201 65.05625 1.9815028 57.600124 65.66528 36.875225 87.30613 93.927826 56.39748 72.95782
467 38.927563 31.101751 60.552715 24.297619 26.60461 12.235326 58.549774 86.10476 67.7096 56.11875 15.946597 60.196346 60.41488 49.551464
468 88.62385 97.41647 21.841454 15.090429 11.308402 95.03156 61.59419 35.172318 0.79155564 52.448727 1.0585308 3.7398756 72.83316 97.50533
469 0.07901192 97.223076 40.99687 15.154147 14.340776 26.451147 98.34929 28.607428 19.654041 38.571365 4.9566507 70.70673 70.6835 67.40768
470 30.366833 19.065935 30.317205 86.299866 59.777695 63.818836 7.243228 49.03038 33.429573 0.82808733 70.36986 31.98986 83.050476 48.029663
471 93.02067 29.586428 78.11777 28.060377 92.4588 40.711697 33.534115 39.12019 22.90337 97.79627 33.36472 98.645035 6.019431 82.88791
472 30.92565 24.110329 21.675455 93.848755 21.191841 53.263313 64.91703 35.089207 88.71101 76.219574 10.512215 23.441183 93.53316 85.89445
473 23.555935 3.3429325 13.723654 65.723595 49.512375 34.293175 49.511765 46.92209 97.32373 45.678318 58.79091 36.814735 58.9811 93.04012
474 23.346973 58.02871 53.960617 9.402293 90.72697 41.375137 39.461834 34.49424 38.012486 86.67145 31.291367 52.994164 14.935279 81.99724
475 55.92539 54.968185 37.832165 47.171295 23.730427 92.52693 80.012146 18.636953 25.059647 86.68811 84.39151 5.3107557 5.0677776 98.16773
476 70.99709 35.96062 46.26367 21.280235 24.45923 63.82338 58.266388 67.5792 88.29458 51.747807 46.734818 46.897 16.054838 97.27193
477 64.34943 19.93823 0.7954478 70.63756 68.94804 25.75577 29.364532 86.5501 61.9281 86.80806 56.355553 52.056664 14.86122 66.69535
478 22.898996 75.60613 26.518726 24.244278 30.54269 66.34416 75.341095 40.81225 32.10324 35.974766 34.520252 34.28461 95.442154 58.887268
479 15.588861 47.321056 97.56996 78.31745 70.57103 63.367195 94.3148 28.509373 57.755356 61.489964 3.0743182 94.40894 8.976525 40.241314
480 15.030754 53.401978 0.47028065 86.834755 89.83943 47.87153 49.99694 26.579332 65.455574 65.56776 41.670567 89.711525 62.758316 57.44676
481 20.006763 79.767815 67.34462 83.04305 25.897753 16.030323 6.7392707 32.70746 50.885635 69.2507 1.8053651 58.09376 20.144684 77.01917
482 86.908485 28.851383 38.47277 45.3166 59.01629 89.12935 33.366882 43.79972 15.094477 84.58094 42.514656 32.366985 67.64476 74.25551
483 33.934032 8.992964 26.835936 95.06186 31.258577 7.471627 5.2853703 55.18679 86.582306 57.65537 28.095604 50.56684 92.69201 29.411995
484 20.244099 11.666327 25.838358 39.553024 38.929348 40.648495 31.400703 3.4329772 27.12236 18.590487 6.420946 50.11302 82.551025 83.54936
485 45.115967 2.5678277 73.90929 70.712105 22.786331 8.348918 42.550003 91.04477 28.244024 17.670704 16.669088 13.096809 69.7687 66.638435
486 38.459812 20.027817 81.018456 75.18572 79.41455 89.43256 24.177176 99.43935 50.44262 93.88402 12.388933 44.201023 21.386475 34.843487
487 63.2459 95.86085 57.545727 99.06623 12.357396 52.480816 81.712814 95.0347 99.99401 24.465221 40.802704 75.269035 35.19537 44.93792
488 22.30016 49.395813 7.837433 47.75644 42.39309 21.214897 78.82379 47.403908 43.814243 52.11633 27.204544 38.519287 65.14107 32.302578
489 67.60937 43.573334 6.734681 82.417145 95.44295 90.504906 42.82502 71.231926 45.929146 33.643322 49.7237 12.678027 17.96475 21.915377
490 11.085987 48.20699 68.0777 19.439 60.926773 61.54178 3.3628821 41.722214 61.164803 53.433018 26.438814 52.710056 24.327606 98.0015
491 18.141163 86.06051 64.26385 41.36113 94.31638 90.80315 32.90847 2.028346 77.73594 34.772724 13.020861 13.497501 72.416916 27.05928
492 33.120876 67.47255 79.66738 86.63283 38.398678 84.58259 18.698418 2.0551145 41.050583 53.771877 1.9435227 5.8638096 25.236076 45.558784
493 10.148478 56.201344 49.664627 54.426723 35.250427 52.26858 67.7714 55.98344 32.02668 54.23106 28.657246 52.25259 90.99692 72.626015
494 77.642044 8.407426 15.204364 97.75545 3.665185 74.09581 28.94258 61.961353 81.17923 7.7275696 45.45734 43.33377 90.002045 40.999615
495 77.92273 99.881966 20.258892 99.63479 49.91468 60.39897 47.565044 33.733273 81.09435 29.376423 1.5360355 64.01776 25.339645 95.899925
496 18.196499 58.147682 83.16222 73.30715 22.581202 61.54555 10.51622 60.66581 4.53645 99.99681 91.20414 77.28367 40.254093 84.640625
497 20.737474 16.26767 50.28137 4.6650114 83.00023 26.685637 36.590874 17.667133 56.239647 20.546604 85.76819 3.6660552 7.180256 10.311919
498 80.54807 55.39756 68.39848 84.99783 9.9315405 36.830456 18.039244 93.46386 80.137314 63.684143 17.601973 7.8441324 89.93615 86.77364
499 14.530927 19.22803 68.80167 91.74973 84.93637 72.90181 73.16505 50.53798 7.7342215 78.305725 72.32569 61.62603 6.169975 46.23698
