250
16
0 3.8686812 48.242645 10.574454 41.168438 41.845833 0.88243484 86.43197 18.859953 50.005703 52.452404 79.18568 72.94899 93.67437 77.85538 77.52695 39.410313
1 82.02538 12.762917 79.54784 71.471725 9.729523 68.11578 85.88626 21.489834 40.308605 27.889479 31.336576 83.542404 71.40132 91.27749 58.689205 18.61046
2 62.70859 0.6394148 30.347025 2.4941325 10.476226 89.45692 8.878541 4.1514754 60.669434 91.79817 48.067547 43.284386 66.98467 79.63284 22.473824 79.09972
3 2.83103 66.550865 82.6128 24.688261 19.50842 17.366564 71.487366 54.892876 29.93943 90.64452 38.57037 10.446417 70.21408 74.83939 71.96022 92.1795
4 14.432371 44.53138 66.14733 69.917656 64.24224 98.76244 99.779816 99.06318 8.245457 62.893764 8.460194 80.60251 11.070055 54.43604 65.71062 18.27737
5 93.185394 74.236206 89.89354 9.845513 54.078346 81.08401 55.463512 61.7411 59.642296 10.640562 28.159845 81.090355 3.792584 80.5605 60.64931 83.07483
6 91.46397 81.31527 68.02505 51.253426 10.130358 36.624916 62.10628 13.90962 27.490807 55.229656 15.621197 0.0977397 99.47634 15.202862 78.36101 28.201597
7 3.5508513 77.90989 98.849884 59.93061 43.51889 27.399052 58.876564 40.267666 52.63999 55.382664 91.586914 94.5148 58.520706 46.500397 84.26153 86.88732
8 55.563606 74.28853 17.230951 69.77437 56.059498 57.805527 33.757668 91.56937 89.491165 91.34653 90.59556 45.69278 79.26253 85.83923 94.09399 59.961094
9 17.676556 17.636944 66.22657 58.74229 62.172436 87.358444 13.189083 9.38158 0.02233386 43.579437 35.93323 57.249928 44.119995 20.528566 47.20347 92.58954
10 81.217094 99.01863 58.65404 98.29699 55.842556 0.74697137 10.087895 36.150146 30.850887 19.489628 11.734891 14.065123 69.575554 31.81299 11.043442 77.14402
11 68.2143 94.52098 24.279446 7.983774 71.457306 57.491314 57.20343 48.46571 3.4127653 6.742811 90.43844 46.599846 71.32606 12.988579 6.3669624 32.587646
12 65.9782 31.602907 63.336826 71.78212 12.351084 68.46032 77.75829 76.4196 72.336205 56.65387 98.79469 69.6892 80.92832 47.388382 67.55582 35.77267
13 4.287487 96.65945 52.079765 97.87132 45.883984 71.516266 70.32894 96.940384 32.08815 26.178349 30.636484 89.94249 75.268105 31.002897 77.540764 5.038905
14 17.764204 24.819094 71.06867 28.45121 88.88309 3.5524547 9.918821 14.001775 76.97155 32.01947 39.60977 0.8940935 5.1807404 49.501194 41.76591 61.503803
15 61.013187 37.989403 51.896656 31.258327 32.274456 91.189224 92.177315 63.592564 44.551586 95.36624 70.07016 10.045183 34.551533 44.418304 90.65046 18.434805
16 69.10456 22.16648 63.05735 29.41832 78.73392 7.394141 72.71751 6.339055 97.58898 80.77826 9.347767 66.93692 26.223928 28.274483 25.000835 74.09459
17 80.97741 60.02403 80.65767 51.27514 92.18474 66.29177 78.48602 95.67077 24.558485 57.73292 69.58364 86.39582 36.043762 33.391983 43.82643 8.449829
18 68.34266 59.797623 14.678639 6.837678 82.97038 53.42881 93.13794 34.419918 63.830746 38.350574 32.340836 86.0918 1.367563 4.174966 19.012028 9.134155
19 37.663414 46.47965 86.4875 22.484428 77.53044 13.760215 43.36994 57.74547 81.59561 69.81329 14.19326 82.54965 35.36309 67.61819 6.300002 77.05581
20 97.79074 6.340784 78.3041 90.566895 46.40786 44.62183 38.164936 5.272156 58.60498 84.99284 36.49544 14.754486 63.4303 41.810013 7.035494 87.0408
21 10.833179 0.7934511 0.32479763 15.552211 89.41556 65.95525 37.901043 70.335266 65.81341 39.803577 7.536334 89.49176 63.0707 67.19553 20.127647 3.9019704
22 68.837944 90.61293 46.20695 63.345802 1.7906308 65.050514 55.27833 39.221817 33.994507 90.79572 50.280262 67.56261 93.533394 70.36524 48.680042 79.324814
23 63.862045 36.53182 32.61711 45.434505 70.16425 38.072205 15.016222 58.298557 47.411327 91.50481 33.89815 35.01503 26.565826 95.13499 50.743397 79.96051
24 44.011444 67.22335 43.546085 94.49092 72.175285 75.63469 24.274832 91.91773 16.618793 11.072874 92.292206 28.531515 14.59738 60.682823 48.643772 22.116888
25 73.026344 30.689281 25.093954 13.079577 78.55591 64.69196 30.753273 58.990902 10.4763565 3.6569238 37.817066 9.11389 57.684006 31.508356 36.339294 13.437891
26 35.990738 70.06794 1.4281988 2.1055043 81.51726 4.00793 70.4181 61.12169 52.44899 82.14045 3.4006417 3.2057881 55.54189 8.980274 49.258602 26.962221
27 58.744343 89.87807 7.618022 0.64587 98.26323 55.4725 31.81498 40.187984 11.274618 74.66351 71.26774 55.393593 55.998463 79.23754 86.07405 57.951714
28 33.575066 3.7140787 60.04805 93.8053 23.460562 78.52938 88.916824 28.264194 41.07614 67.487076 71.46961 61.826332 36.188644 77.210045 96.862946 38.880188
29 68.77013 79.40833 10.114485 70.23551 29.493433 19.981003 79.46131 77.774254 50.996147 62.70716 58.42248 78.495155 77.82466 51.52428 77.10976 12.973213
30 4.6039224 22.67614 51.90685 35.959846 38.3305 56.436245 30.7311 84.765915 9.432488 4.3345394 98.6583 23.513138 22.867489 40.059566 32.002544 91.68967
31 63.34078 65.25897 79.57847 16.143423 13.83267 11.666685 59.72978 43.19708 12.952763 51.25544 27.990734 17.535883 20.927917 90.92064 0.47675967 46.535397
32 25.83074 48.581654 15.108758 1.449424 48.32965 96.13684 99.70672 93.12467 74.96592 0.5890906 61.29957 31.463634 4.725629 88.59203 53.45937 10.599971
33 52.27651 18.939066 52.160572 20.62217 42.293453 40.974182 29.98388 50.686676 14.229048 89.957504 63.136665 35.565556 54.934143 70.04004 5.766672 90.20679
34 89.74963 75.22803 86.73553 45.937683 0.9368956 23.64437 11.037773 32.768147 48.2675 32.18335 12.356573 69.16667 40.73995 40.527767 6.108695 12.067437
35 34.03408 35.23996 30.33064 63.162273 96.565315 7.59756 51.78969 14.241523 21.786493 60.93133 18.9749 75.03826 47.443794 23.908955 94.65347 56.33081
36 38.375347 11.52997 26.299263 62.659805 70.50958 43.151188 61.057262 80.67215 25.152212 90.80886 76.45763 67.63216 27.432453 7.166213 42.604267 50.917603
37 86.71322 12.877971 15.119511 33.28828 73.46851 1.8749893 60.120583 64.37947 83.020744 20.441574 57.644398 29.299767 35.84885 63.959217 13.242769 27.530819
38 73.97626 12.357485 19.273287 65.72636 68.088844 41.74384 58.355892 76.74453 18.192726 32.03927 87.50905 53.636257 37.288887 66.94857 8.891612 64.733
39 61.016243 48.027706 43.439007 96.87041 42.610897 25.324017 18.890064 74.65448 20.771997 65.96803 50.960373 80.09063 94.85296 23.66094 93.249115 68.480675
40 96.76056 47.264515 10.7011795 51.942753 9.408003 38.2586 66.22895 23.974688 77.70635 73.84407 18.886263 88.9823 77.88038 95.661026 3.5494864 65.506676
41 25.160784 90.74601 80.47999 65.95177 87.247894 80.31747 12.812721 47.938972 42.788452 78.6648 0.64445734 51.06482 49.694717 85.796104 92.00158 9.941065
42 19.515509 57.108204 18.88389 91.14432 91.104126 26.277721 6.45135 73.34879 52.195107 95.49309 56.2029 50.777264 21.688318 3.278643 60.959393 28.561152
43 11.745596 14.286542 17.188549 22.091335 78.34564 78.89997 25.593328 12.471783 15.6429825 91.20994 26.1329 27.324068 85.074036 41.372723 81.27731 55.061317
44 9.199869 48.55879 79.145004 95.04702 25.132704 61.26625 74.380775 43.530506 38.238907 86.85149 62.658154 2.723837 56.632298 27.44983 8.303314 28.7332
45 16.569561 47.30499 22.82036 43.222404 31.847185 20.74511 54.444046 77.671776 53.102867 31.04586 69.962906 90.96776 99.7817 30.179655 34.963287 57.94695
46 5.489421 76.5001 67.6741 14.61379 81.38544 41.849518 15.3889475 25.307447 69.841866 98.065445 86.96214 7.428235 7.3011756 33.621502 46.38946 73.82413
47 99.40378 18.954872 2.5730789 84.02677 99.14186 90.25323 10.929751 99.717064 68.95268 89.01032 70.73715 22.658491 57.03195 12.982035 65.5462 24.492805
48 66.27562 64.32071 55.448334 15.93647 88.51118 35.231216 12.621033 20.803183 97.23175 39.638435 63.83947 29.723513 76.8873 71.804794 4.306239 85.31572
49 36.716778 66.874 10.296959 59.82449 40.737766 22.789795 58.141537 6.889844 44.270264 63.35803 53.66635 19.20327 80.49832 25.357347 59.43045 85.481766
50 90.1174 12.095684 42.231976 84.63342 42.939938 96.7521 36.083168 67.454926 5.1125345 82.89818 57.1109 81.00856 59.82383 39.98146 17.904312 76.351814
51 76.352844 58.061554 66.28351 83.97927 33.137405 90.064445 34.198242 34.686905 59.15589 29.172838 88.69 77.15029 46.052467 63.172104 61.08423 91.94917
52 65.64604 42.658997 20.654232 8.762712 76.11011 33.589355 3.0580997 96.7568 20.37009 10.854155 95.353134 54.60273 75.12518 4.1508317 82.10674 76.9855
53 44.163525 72.64578 30.132341 8.819509 58.916378 54.650665 12.076217 20.695692 38.914482 83.17064 66.17523 92.40138 19.206215 49.69914 56.013817 82.81279
54 97.92324 35.56651 20.3651 90.25096 29.898727 62.596558 99.84897 77.768745 59.230988 69.445786 50.136723 2.1160781 70.43063 25.017483 27.047342 56.691902
55 52.592213 0.54233074 78.696106 20.074898 30.00527 43.646008 45.767124 9.236038 64.69101 13.892841 40.19379 25.840027 88.25671 34.37556 2.5659084 74.768486
56 61.75226 98.94962 82.26941 34.837788 90.25493 12.284255 14.8512 95.39109 63.874466 69.18124 6.8421245 0.83521605 46.751003 41.319454 68.03706 94.146675
57 61.21184 1.003176 39.10358 34.828747 94.17462 91.473045 52.763905 15.767527 98.55898 47.290462 89.37712 84.975075 43.134636 73.20131 62.55811 24.45144
58 31.942183 29.25955 12.838918 70.5359 29.036457 18.941175 32.952545 13.404661 78.49746 87.16682 78.05384 62.124794 53.91848 59.79714 79.35859 44.270016
59 39.215767 75.05623 26.860832 52.985847 74.72307 1.820904 82.874886 1.0624528 73.062065 17.69886 45.34962 71.60003 49.95569 40.77835 80.73759 12.86307
60 40.525364 8.90218 68.5026 44.6068 4.0493546 66.89609 41.261208 72.27662 14.832819 19.527023 9.532738 30.84464 6.739587 1.8027425 41.88899 52.536392
61 79.86171 0.8354962 39.03057 12.255997 93.36852 78.72737 23.365986 5.1444173 95.20886 14.203108 38.73998 45.46798 71.27501 23.99044 63.067783 2.063483
62 10.927916 91.76362 20.114994 49.05212 67.29078 22.920269 96.16213 71.73182 57.12059 34.21524 28.766447 25.78249 71.851265 56.55047 14.550543 66.54986
63 16.868847 81.80195 52.489567 96.65316 26.3426 76.801704 90.43104 90.99257 14.920741 52.393955 12.770641 53.982132 82.04487 47.323627 3.8432777 14.129644
64 19.093412 26.626307 47.50277 24.620575 31.3949 14.770567 1.7014086 88.089905 56.532497 74.215 86.09789 71.102325 75.28007 91.00721 79.589645 94.884995
65 92.768074 57.85495 77.26425 48.5102 43.68804 20.588034 56.990234 48.01144 7.9328895 21.514452 54.425438 77.902 31.275433 79.827255 11.6328125 82.37912
66 31.559622 68.475784 14.089293 93.33056 44.281948 3.8731515 49.29877 76.36792 65.04946 61.131905 38.431995 68.8084 80.70449 66.423935 11.683905 63.193436
67 29.2053 29.334318 14.944416 34.00932 81.75936 43.069397 66.816795 5.266416 23.148405 56.99716 93.1953 43.06524 99.39865 73.715675 84.050385 24.859459
68 70.488464 27.698076 71.59744 69.50834 22.01041 2.1478236 68.788284 7.1486177 58.792313 49.176205 25.520403 62.224846 88.42043 11.507708 20.877266 17.57614
69 49.19793 43.913044 72.17498 12.228071 98.92659 93.31236 84.99157 4.4848385 44.445564 88.39203 17.4021 48.124992 1.3352513 84.610565 81.35449 90.103195
70 55.649002 7.1677327 44.83046 99.34189 89.832306 82.97301 40.78709 88.21437 0.80560446 79.53592 88.82446 40.490883 5.0097585 2.23428 19.343382 25.221134
71 1.3444841 96.38062 79.22599 57.700966 64.48209 63.252342 34.68595 82.82275 16.938168 12.684858 58.10066 58.303047 85.26493 23.423815 48.875515 25.148481
72 73.35362 77.22643 46.530975 78.95035 81.45162 36.291306 20.392317 20.946688 93.29454 85.140656 82.95623 34.071724 33.712025 98.30136 61.976982 22.306992
73 35.98729 91.316986 63.6407 86.4968 30.750603 83.61948 70.27281 15.397185 87.68909 43.00643 90.55882 15.158409 77.09955 89.88116 38.271202 15.825331
74 22.347319 38.552242 72.318115 0.9691179 46.485836 17.855782 22.206099 41.491425 69.31505 95.81605 29.69764 51.28504 35.499294 86.22247 10.813469 59.17191
75 83.32834 18.65709 28.961706 35.8115 38.402294 39.005154 36.765606 67.58422 10.876864 82.732216 3.3156753 12.371677 20.659615 37.686295 77.610275 49.307518
76 86.65007 22.919548 25.702799 79.65056 16.130632 42.61672 16.688734 96.68951 73.91698 93.82875 64.5978 5.843079 10.854101 79.061455 73.27658 92.74836
77 83.49826 92.146095 88.535324 47.07668 4.969043 52.0692 65.58553 7.082522 67.41546 74.97274 84.817955 87.544945 63.553707 21.325726 40.284187 48.93008
78 85.35242 81.849525 23.181105 4.4803085 77.02767 72.249146 87.83996 4.773384 84.74037 69.82214 26.14842 85.4104 52.25051 22.807587 64.25421 76.26346
79 18.578398 0.6852329 4.3940067 2.583766 46.563763 86.88761 56.656944 25.742573 49.027134 77.45456 77.63446 80.01734 38.76118 74.5142 62.746994 31.272417
80 49.36407 13.1513 29.405767 72.30927 3.3355117 46.820896 2.2083223 50.829052 22.064955 29.14263 37.5373 11.177259 17.338348 59.39134 42.002327 96.20486
81 96.57605 22.568209 81.216934 65.62377 82.802925 21.440994 96.83076 21.161545 56.76846 12.791896 50.248684 4.6962204 91.917915 70.28075 61.08334 35.507088
82 75.11575 75.35368 72.43583 48.001183 97.00366 10.601348 39.22876 67.023705 98.31267 98.55653 30.980057 38.448566 72.83051 96.34072 67.87702 6.5523567
83 37.352806 52.608307 65.36871 74.14271 74.93213 39.243572 64.63605 88.04374 64.00942 44.148815 36.429554 91.90398 4.305184 12.695378 96.40458 75.014175
84 5.2140355 40.027596 89.064384 3.595817 86.24977 82.010735 32.888187 47.599052 57.00338 83.35766 64.62989 48.248535 59.09343 33.07833 39.89471 10.27506
85 10.506016 92.15608 99.01615 37.912567 47.15487 90.11284 71.35979 69.32671 93.86571 26.29214 92.18027 43.24043 61.541714 10.236395 39.072998 61.261272
86 86.04944 31.999063 50.224476 85.987816 32.23988 17.710136 74.71932 48.630188 51.163662 24.865442 82.065475 79.94088 25.440634 93.85892 50.12042 38.094215
87 75.20337 52.007683 79.323265 89.21802 41.16438 70.079865 88.45466 17.073017 61.084038 82.03489 20.265251 53.460926 17.97878 80.798325 81.754234 49.949135
88 52.35753 7.4528513 16.473097 63.12117 93.9719 20.832067 28.122543 22.55016 11.188764 8.313763 64.35705 54.864727 86.12948 17.347652 15.884238 74.51165
89 71.97066 18.2038 72.72433 37.05862 53.878624 70.44015 11.275005 13.127476 28.380692 54.07041 12.315321 48.369972 6.798524 38.340466 51.2977 59.42292
90 88.73325 19.926727 73.55334 98.699265 1.362139 43.35168 4.0159464 37.44011 52.15767 71.13036 24.71053 40.98606 47.060974 52.839016 34.82585 81.10384
91 16.432583 30.719257 34.275024 74.86679 8.378399 45.94521 9.140957 99.540245 27.23314 82.19709 58.510845 88.73058 45.81529 11.176091 69.44527 11.3491
92 18.098312 24.19635 98.0346 5.4106355 86.53495 32.598614 47.813488 31.085073 70.601265 61.606884 95.689835 8.5648775 53.182705 13.116282 13.767224 67.081604
93 45.00672 25.04319 82.08186 91.74125 8.048588 52.134674 11.730599 68.755356 93.12479 55.933727 74.84313 90.189156 88.98018 41.902256 12.367982 43.657917
94 67.121704 68.05079 3.0310571 26.670248 23.315567 71.909454 87.73124 49.795387 80.72367 97.959526 59.01729 26.837885 6.594932 33.951633 21.413427 57.1154
95 62.550648 86.64988 76.809525 37.1962 23.922491 1.8091142 81.80035 63.564945 65.24282 92.52551 97.9539 9.216052 73.588684 18.97021 19.030905 45.75154
96 58.593376 21.958668 13.998091 96.8765 24.925995 65.42084 94.42181 21.993732 40.07669 77.78036 67.95216 51.7169 5.3598223 90.246925 14.881552 6.4262986
97 41.962147 68.36021 56.266506 89.426125 65.22935 90.64341 24.233383 36.82914 0.62927604 90.34063 97.552895 45.061787 13.191462 89.896484 98.386154 65.97784
98 80.75102 96.62489 24.606955 30.18378 49.884098 17.003155 1.936841 16.567766 14.687336 87.87923 12.24733 54.502815 53.013725 18.81503 90.057755 13.142538
99 25.732534 20.593733 75.06878 77.08613 83.14491 41.940796 81.41625 20.961475 52.785103 7.6574745 56.413586 7.728797 86.20818 6.1145725 85.394 41.369713
100 83.55996 98.43808 82.697556 87.79068 66.10572 53.334892 40.017708 35.98845 33.638554 64.51633 75.68408 41.61523 88.78268 97.80186 5.782467 77.921715
101 79.453156 84.51137 99.38162 4.588002 57.745216 20.5275 64.943565 57.180042 64.72744 16.842545 67.94703 1.9588947 70.24461 49.467213 95.87209 99.65015
102 51.946213 72.80855 56.309277 73.743835 23.210026 41.117607 27.714247 94.193924 83.10303 54.02531 36.185013 15.337682 88.50093 32.748993 31.863678 60.838604
103 47.27498 98.048744 6.7395687 30.911839 18.163412 65.788055 73.650856 34.524185 26.49998 83.91889 1.3538837 77.236305 72.11271 90.339355 30.172861 83.502815
104 5.982608 85.39696 29.790056 9.257388 83.0279 48.43151 78.331665 29.239065 89.83011 23.827148 58.505077 25.578505 86.23271 99.29688 70.91837 85.53858
105 59.321278 64.84014 40.94446 51.933323 45.949757 93.841156 47.975533 88.63685 47.136497 23.52525 84.35445 93.80635 3.5538912 27.431715 75.68899 47.108334
106 78.0281 91.23358 79.983475 35.54803 58.31352 0.2316773 65.70557 0.71064234 44.085876 73.83451 29.500753 62.64733 66.59701 92.52879 4.042083 40.65674
107 41.053528 36.033028 72.04169 36.26662 11.634743 18.856222 10.645944 10.312575 91.07745 79.26573 53.49694 54.70975 52.665466 59.17493 58.18704 74.94617
108 16.820168 41.728188 82.49402 95.18577 9.658993 77.98491 1.8051326 21.90811 12.046349 98.24681 85.977325 41.047184 77.79554 32.95521 10.306579 28.502518
109 74.59034 54.993332 11.374455 64.622894 94.49531 43.51054 43.69863 13.811075 29.039734 79.45022 22.043823 53.83253 1.0300875 36.78441 91.969185 72.86209
110 68.52034 79.57054 98.030495 41.960228 50.612175 13.44716 75.66434 76.79001 87.643776 47.7359 85.11431 24.282265 15.343845 79.13906 10.085667 11.010069
111 61.97958 14.90122 31.716269 22.684462 35.52421 68.587036 51.823635 14.936471 53.339554 18.225342 15.436297 89.97161 36.548466 48.95575 78.86309 81.40135
112 84.712845 71.52157 88.8275 29.262596 10.997611 26.581686 3.6413908 71.68598 33.866074 42.02233 67.468994 40.681244 26.505459 96.961365 82.209114 2.954185
113 40.42356 79.23755 42.481487 97.494545 73.60252 71.712685 62.037956 68.88212 7.6684475 12.096071 24.336899 96.91597 11.975061 88.200775 6.0399 61.407425
114 7.356429 29.095083 15.145087 26.983238 8.440531 57.6177 41.006256 71.7745 63.509422 82.84229 62.55808 40.236317 85.42927 35.527695 4.944718 62.431854
115 99.457405 15.1609535 70.01402 27.362692 14.875216 5.23755 9.687167 17.841137 81.32239 81.837944 25.250208 39.543404 99.15704 48.82427 92.660355 1.8863678
116 80.689224 67.13021 61.84648 16.924875 78.094086 43.249763 4.8562765 72.32606 9.383905 17.305147 87.01751 42.45779 88.98996 59.7151 70.80848 28.609472
117 50.08052 89.77555 92.95418 55.285774 85.32991 63.25441 60.77511 98.38243 17.884033 9.799952 18.72174 25.933016 88.97627 6.5412283 35.34904 0.13685822
118 40.086792 50.254387 45.05403 16.731447 10.569602 86.9777 58.359993 54.712177 33.972366 1.6416192 85.34035 25.24432 23.3316 89.35978 25.202906 56.73564
119 95.84118 79.28923 82.683556 35.884644 16.578753 67.75906 20.621712 58.59248 88.35813 22.59798 35.114883 85.49324 86.994415 29.734844 2.4967551 64.145805
120 27.873295 77.23698 48.883133 82.33254 48.070007 73.58725 6.328988 77.179886 28.542316 15.342551 63.192852 4.768765 51.114315 95.0853 78.88345 0.41962266
121 55.87424 41.06267 98.848175 45.8564 14.84335 23.951214 78.84899 34.982647 78.759995 49.198948 57.96604 63.10551 54.801292 72.35504 27.39098 87.24958
122 86.08577 53.233562 42.254456 38.903503 88.72641 77.771225 52.117966 50.391876 51.71102 75.68836 63.3086 56.37971 69.464165 0.77147484 44.253063 91.175415
123 89.892006 98.548836 89.959625 47.9423 63.14295 94.676 40.695118 39.16217 42.15713 4.3955326 14.917814 79.28357 47.06618 98.45766 50.174553 45.060963
124 76.19152 99.92083 25.784111 90.34112 49.137722 16.891378 65.85287 47.73233 57.46367 2.6690662 33.960827 26.518559 88.62605 42.66388 45.48486 65.231415
125 75.12818 89.123245 49.074425 58.411247 6.6856203 44.006176 94.65662 4.2767644 65.163994 47.67151 86.23039 6.348401 94.29238 88.38426 58.63234 64.66158
126 75.75867 53.522064 58.752106 57.25494 35.113514 97.88088 13.987142 0.37828684 62.624706 84.29496 40.012787 85.65225 81.319824 35.123943 52.47295 87.605774
127 85.23496 24.80474 74.55143 68.05896 71.46264 99.964836 66.458725 41.212822 98.889854 67.45775 80.871 10.618782 81.274864 76.58259 77.80616 16.06006
128 2.0798028 0.7232964 16.14883 93.47431 70.61988 8.287388 0.18617511 27.136719 3.7822425 92.29789 66.54634 72.22169 52.799503 93.019714 88.61135 23.447306
129 21.133291 15.866983 85.88744 66.722755 66.04595 86.38887 9.35384 54.567295 4.339838 40.77882 30.181551 10.617447 71.26099 71.06759 58.43775 75.91581
130 12.748772 2.4800777 25.799656 31.070852 34.928547 1.4567733 67.53977 49.047173 33.665657 98.2232 65.0686 77.60565 81.61555 60.757233 62.401054 6.6420736
131 43.81614 7.3405027 44.63089 21.311914 16.58882 73.93297 80.74811 68.38313 62.26899 18.290222 49.124302 1.2928903 25.81445 4.523146 14.239895 13.528347
132 33.19058 55.714844 35.567753 3.896749 57.96899 25.857454 12.10286 38.75003 6.9762588 39.912254 92.29672 22.100466 81.08037 97.952515 72.8852 55.685574
133 59.105038 78.4054 30.373632 57.3537 85.029526 0.21428466 55.15616 11.6504135 97.48957 84.70624 15.105754 94.25682 70.38226 67.04433 57.995667 49.092354
134 61.144405 42.90495 60.63493 99.63854 23.88376 48.545372 57.764214 54.62048 5.6711016 88.375626 91.52079 71.91521 31.436872 71.744194 38.91238 86.820564
135 4.3596325 54.674698 21.820938 94.055046 20.498253 9.09769 23.483908 13.573045 67.63142 44.618416 14.378637 24.037176 55.564915 70.520386 86.48579 34.218277
136 98.09981 19.561285 60.860664 90.3866 32.786907 22.76957 42.44338 9.668005 53.69992 65.05688 66.54493 47.18261 32.73019 5.746758 2.2280693 74.440506
137 87.14043 83.36823 32.93953 82.879776 93.92705 59.121704 28.639524 58.601116 66.35545 83.70469 6.0219765 70.346825 64.08963 94.65824 64.24412 4.718584
138 57.68594 89.597565 98.21923 91.72019 70.72552 49.71843 65.615685 25.201548 71.19524 59.486973 98.20639 70.9855 28.382492 35.644405 54.394184 8.758598
139 25.82462 21.377289 54.18379 99.64154 65.86295 51.065018 87.47255 51.228897 91.020294 55.329067 53.499348 46.367855 13.486755 64.64677 56.141315 55.659657
140 1.014018 18.5902 24.314953 0.30820966 37.84439 84.40649 47.165424 19.260328 18.115461 97.329346 53.472893 9.398949 49.470936 21.425575 37.53678 0.7425189
141 42.175056 86.21978 48.800087 40.112305 37.48424 24.653631 49.04107 40.5584 24.802023 42.53205 73.795204 3.0515015 4.4692936 10.461497 58.79652 88.67929
142 48.97282 34.92879 47.975605 60.025494 84.75385 35.701897 47.567074 79.81021 77.34129 8.815533 37.11803 52.548004 29.708767 66.25803 68.921814 84.31472
143 55.862354 19.88607 54.209213 69.14652 34.819748 74.40865 39.207077 54.628605 83.26705 45.411575 54.129402 99.43371 65.015526 57.810127 80.81725 81.569824
144 21.477354 68.85732 32.9239 6.584793 7.1006417 10.49456 99.39476 72.705795 27.225119 47.571503 35.97479 86.68105 41.129494 92.00467 39.359127 65.81836
145 30.94011 15.575415 38.466972 73.32088 76.171394 34.634678 41.55993 94.51036 75.39812 43.89461 86.24975 88.9663 40.154785 0.7185519 21.867418 30.126875
146 53.67063 79.40585 75.52714 40.684338 48.342003 52.004807 0.15970469 34.418 53.59357 9.83457 5.767238 7.2588024 0.47425628 21.379805 35.434456 70.74888
147 24.273228 57.32305 61.802845 67.08971 72.73978 83.54886 64.667915 38.166786 29.07343 85.89944 68.30275 71.86377 77.45635 5.7575345 0.563395 12.263769
148 39.078583 19.212967 12.624949 79.67107 60.722816 22.23274 16.475952 99.527435 51.20323 4.060912 50.5203 23.058908 96.282234 16.74623 35.569637 37.751205
149 85.919426 22.517889 93.23685 2.4559975 12.452894 16.550499 45.65801 4.0794134 30.998903 50.888435 24.282478 63.465744 58.221466 97.91005 81.1983 24.391483
150 49.718082 87.23875 9.435206 37.719433 74.455925 78.54822 49.554096 12.983256 64.649445 20.923758 44.547676 1.2961984 86.68426 25.552822 29.91091 9.882557
151 61.46379 97.310844 32.274445 32.15806 76.99805 38.631393 40.12366 24.639915 31.093538 38.81163 91.05754 28.61498 24.378473 78.07921 49.294357 40.064327
152 83.15813 19.368427 77.538 84.52591 25.105555 94.42141 12.023192 77.127716 18.728245 53.702194 47.017895 3.7585437 17.899502 82.4128 14.045352 73.14088
153 46.306515 54.9138 85.67964 76.371765 42.05676 25.926674 48.36078 79.30743 61.32791 34.44076 22.97616 32.051086 51.081093 22.236776 85.983376 40.891163
154 86.53407 66.906654 72.93779 32.519 89.17384 74.29407 66.08079 83.48632 88.25142 19.060558 59.098457 63.958366 13.435322 17.822575 6.5454063 92.25893
155 41.90376 46.78914 49.326164 42.928463 10.74295 6.4063845 27.931828 37.531532 19.015837 97.09403 64.049446 54.81981 15.00979 12.212425 91.21537 69.71231
156 7.5151024 12.962371 24.20367 2.5850296 77.89053 12.591314 72.971054 79.32363 57.314716 28.21849 73.67814 55.299713 83.99019 23.521244 40.34161 93.76395
157 63.961582 56.729984 45.126812 51.0485 30.244143 9.707612 42.55802 61.440857 64.55907 25.751453 37.712692 26.697958 8.37633 48.123505 5.79533 56.042027
158 22.224712 76.724335 40.687733 18.309402 39.205765 46.874134 3.7910879 18.964672 18.019146 58.511616 67.667404 0.2610445 8.059799 24.490755 77.923355 46.303017
159 52.58308 67.83102 63.04088 8.590353 41.66582 36.107265 97.33967 18.297314 83.64521 49.56082 4.164916 24.633957 48.63137 92.44546 82.24805 63.776665
160 90.11438 55.62726 50.821598 78.73361 17.985989 55.13246 61.625282 49.881935 58.645397 75.34282 86.87694 70.593544 33.246243 7.5966 0.36783218 88.23393
161 34.368576 92.349915 58.1597 92.81542 13.078917 94.63548 10.304647 52.715927 63.89872 93.734344 35.286407 87.20402 33.875282 95.72292 54.511143 11.168408
162 85.79035 55.408554 20.491034 59.6278 24.41302 47.218903 65.00787 83.548096 91.281456 54.524197 73.47434 28.535164 48.270363 56.86923 20.197117 52.48186
163 86.468956 14.459425 52.8704 84.66839 5.7704268 60.32965 70.28496 68.650314 35.984993 70.83588 57.134483 95.08396 93.97199 53.921413 56.456154 13.064647
164 57.793552 58.055748 1.4887154 93.27898 60.586227 0.4230559 42.713577 1.0542452 68.90323 55.009544 86.01886 59.040188 75.6872 45.42601 68.06331 38.661438
165 52.592194 95.8901 94.097694 6.5732956 23.69715 0.62909126 31.121462 71.14378 29.167664 47.458725 10.017342 67.53663 87.36603 47.41959 39.237827 95.413
166 64.33261 77.64447 60.045124 76.79483 55.327797 89.18649 89.87635 43.49383 41.908394 92.01758 62.074375 43.024517 35.304554 34.033894 3.2618463 82.46466
167 60.962868 94.46357 15.623826 13.745117 96.14254 20.91028 92.196724 17.84606 91.31896 36.294197 76.14603 24.914915 93.60266 11.642218 37.47142 32.03195
168 35.97002 54.0671 35.43753 58.923233 57.19119 58.95836 35.43635 37.112206 4.1033626 60.54571 73.40038 21.62649 28.304708 26.312626 98.07296 72.31429
169 94.23494 45.516525 55.486637 89.0171 43.576675 79.16281 15.295953 30.295635 23.383205 63.590668 24.864536 67.18049 51.55115 89.33374 34.238255 53.647064
170 15.261412 34.652035 78.677155 55.387253 35.672657 94.19156 70.91487 3.2217383 78.14327 59.27446 23.721188 1.4834106 92.069275 30.578625 45.931202 63.282932
171 61.357586 56.215294 78.45577 91.1836 76.71941 19.805885 27.79609 14.967739 78.293434 62.003307 25.458055 18.438065 93.33117 14.472443 74.9193 79.192894
172 23.347992 93.673584 21.274399 42.735928 40.625954 30.479628 90.517555 2.8826594 90.42523 64.8625 39.07319 51.02363 75.70709 78.3295 43.423134 38.27773
173 21.394157 62.76103 53.587013 6.858659 78.806595 76.645485 62.183052 44.08794 74.341156 38.83447 77.53929 87.48533 23.94228 77.82529 79.85691 19.380497
174 3.5020232 39.75244 24.082262 80.71057 69.88009 60.834183 92.56566 66.34943 85.43465 6.632352 0.73028207 37.77431 86.28537 49.369152 96.11316 66.49068
175 9.29426 0.48552155 36.854683 55.850094 21.059406 94.97212 81.897026 46.21135 72.99923 69.66465 9.012991 94.378494 96.5966 24.143291 5.844742 2.530545
176 91.625534 61.14688 56.21782 13.126731 95.060295 86.10302 92.25543 57.2828 29.544575 91.64663 70.707436 56.68478 55.76384 53.573524 98.197395 9.114552
177 13.619018 36.837692 8.862268 0.049322844 61.35685 22.799295 43.505955 56.56752 71.19786 67.37408 91.618484 13.0135 33.754593 30.997663 6.4456882 72.67209
178 63.702072 58.934467 54.06187 97.27177 95.61202 59.52881 95.74565 21.72746 54.26839 30.175007 59.8423 99.46552 78.632126 19.29698 35.98579 22.324509
179 56.21938 17.26063 17.631084 5.8367133 76.1114 21.24247 45.20712 77.17085 58.053738 76.55499 24.050463 79.72278 43.863888 19.256437 41.138016 9.906912
180 10.201603 18.08449 10.336703 11.818057 51.02818 75.44848 85.57329 71.85532 88.965416 11.551738 88.45506 14.942783 70.25017 38.4193 65.21227 7.5252533
181 23.867613 73.959305 76.467094 10.0026245 75.347694 44.038742 11.656851 96.696754 86.05228 43.314465 32.657803 17.88771 83.80138 45.201786 83.289635 23.039585
182 87.438576 66.42094 43.261963 93.25186 41.27937 52.133125 67.39724 54.474457 32.999737 80.42381 89.586296 10.428822 95.89182 18.033297 12.173057 58.863853
183 1.841867 47.558887 66.90588 39.18405 50.984417 36.207127 65.12838 20.123322 6.682974 10.467863 39.720566 28.566652 17.018307 24.28797 76.96044 64.47305
184 95.88305 71.47615 95.78867 50.81774 5.44734 58.76866 28.07029 54.30358 17.352158 63.3898 4.8130455 44.107777 20.491547 88.77306 48.693085 58.008205
185 59.463936 71.65371 96.7357 32.816906 8.319283 1.8494725 32.997765 58.138718 20.527946 88.123024 49.30507 97.13863 17.388557 36.539894 92.5328 17.36992
186 35.424988 25.235092 14.91136 9.978652 8.561534 36.57698 55.03907 82.012276 5.6852636 96.029205 22.642988 58.437134 29.094236 19.782866 90.92057 66.19107
187 37.59006 70.246826 63.098675 19.603884 30.717123 91.09196 41.55801 26.314121 91.80354 49.65492 0.69714785 65.96263 68.76004 63.592293 31.170189 5.0792933
188 87.591675 66.770226 61.05832 34.39168 66.638756 64.077835 67.07226 97.02674 84.86159 0.3225565 9.486699 4.5648694 68.008194 90.3266 71.949684 63.5198
189 88.05495 18.08024 70.670105 97.49801 27.501154 56.16725 46.16127 4.0423393 77.35508 3.07104 39.413494 23.052544 10.209215 7.3695183 28.103935 72.82932
190 74.71823 92.76702 97.56 76.39933 79.92597 16.491287 6.3168106 15.101194 94.91496 62.462055 83.20809 7.762164 56.66119 68.03795 38.271374 85.55163
191 15.068788 13.85569 54.915955 67.20178 15.047336 26.637321 47.689186 3.2420337 20.104736 87.76737 55.791115 56.7677 76.9987 40.406017 4.748082 91.68532
192 46.071274 5.9401093 10.195499 6.03652 24.346233 69.2808 41.68241 50.65495 48.474907 61.052883 79.25294 23.871792 20.159668 43.81111 20.052265 7.13461
193 68.567566 16.346132 60.428383 69.181915 81.08182 53.75681 45.351334 96.82756 56.95255 46.675014 41.15497 26.519049 87.238106 37.807346 19.642359 34.773506
194 40.925705 51.340042 6.8172216 68.55315 51.147724 95.83694 33.55394 43.87502 89.64425 95.7051 59.355553 36.772083 92.55108 73.3322 25.241745 23.514229
195 39.516342 93.397804 24.339462 74.1998 82.181595 73.97706 75.81184 56.944443 91.13052 23.797394 11.563677 99.49096 24.247854 40.85189 68.22334 75.770386
196 78.59462 90.55067 47.05361 20.452278 44.755917 9.301746 9.83218 22.584461 42.329765 66.01623 12.82357 46.856564 40.789352 75.25118 7.5071216 78.705536
197 7.165754 33.822906 14.812994 77.357414 24.478222 41.590797 88.64406 52.970486 79.00992 37.13813 49.13336 3.3786595 64.626236 2.2331476 81.42367 59.657784
198 25.412338 63.77714 52.09006 94.04404 88.8289 98.53368 3.3025384 48.876263 98.02602 50.94435 0.40085912 0.5291641 59.40344 35.994576 57.996952 91.13101
199 88.26159 72.182976 74.61445 45.6591 77.564674 80.517365 8.113438 59.282475 81.361595 77.019516 10.939646 45.141273 2.0195484 62.942677 73.09941 95.74344
200 88.67055 89.824585 44.52789 40.515007 90.51581 8.2132225 0.33198595 0.51285625 93.052284 38.57199 90.70857 10.715121 85.86902 71.218636 70.93246 26.523989
201 38.207508 76.46279 19.75904 69.08873 71.60533 5.228668 31.28847 22.788548 29.069525 79.791626 55.49776 45.770515 16.595352 10.793668 86.28556 22.947275
202 87.507614 53.967346 68.3215 1.513344 12.918293 13.089073 50.89405 37.09131 25.242645 56.260468 39.264305 18.387436 86.68339 93.90326 33.027058 68.097694
203 54.180916 48.634964 43.237938 65.20265 27.649105 60.815674 12.479776 40.226154 53.297405 26.932049 36.820732 41.07495 40.218864 70.5851 88.27968 97.35329
204 50.750946 33.70884 38.793648 59.249466 65.7553 36.365013 89.922 0.97411275 60.089123 51.19496 60.079376 45.10901 64.14333 39.086456 86.734116 33.98
205 30.201895 88.115135 73.822556 87.238205 71.145645 32.19559 84.00731 95.22566 30.10844 19.536226 16.055786 98.47998 67.33249 75.90655 64.553604 52.027023
206 91.712585 12.43214 72.72878 15.1124115 4.2308035 62.227352 19.99008 2.985561 76.33804 71.32019 39.83428 86.59036 33.82625 95.23952 17.322678 91.9137
207 14.155334 68.107796 39.947014 85.73785 78.66473 72.45961 63.295727 5.139571 89.538185 78.19846 40.698795 99.84336 61.538433 72.58368 61.49332 79.09874
208 9.937817 30.941046 48.54461 46.801765 86.104744 92.51304 5.322945 42.87383 1.0394454 96.66668 44.63216 97.26301 22.774374 92.2827 13.781441 21.222431
209 16.766108 74.842766 88.668755 73.68896 7.818717 0.3613472 96.29781 27.637375 39.12056 18.283522 41.38687 40.28637 7.8845024 3.76423 27.966993 84.11216
210 69.90696 26.891888 46.54168 93.97527 36.967075 97.51835 27.133162 14.538592 84.04967 71.06774 69.33055 15.868462 38.382046 96.24167 53.550785 72.04232
211 22.527462 59.70224 9.707135 45.179188 60.388195 16.94585 87.24608 77.066025 51.866974 50.588833 96.26914 93.04063 60.852962 26.644737 5.721039 62.63882
212 6.6902757 12.115902 19.231165 22.412025 73.71494 10.948258 50.286873 46.024353 61.98701 84.266914 79.451096 82.06282 57.986225 60.544407 61.082977 71.81909
213 52.582455 54.23849 14.560366 97.56752 28.650696 91.31926 64.73248 0.5760312 68.69859 57.39739 12.955534 90.310524 38.05259 10.837841 18.604391 49.15809
214 8.556038 37.83223 41.740757 16.691298 36.23296 19.00639 51.29755 24.279308 61.64058 54.41623 95.667534 94.037 89.16002 83.95894 90.23047 29.070927
215 29.558575 98.0822 20.700365 7.1709037 74.91255 65.55907 34.116245 64.01318 65.33167 93.92121 78.04381 70.15127 9.613782 68.38021 10.620869 88.20282
216 26.531631 97.75158 92.298645 51.387024 77.27667 93.62561 57.64793 54.679935 92.83219 60.964966 70.87167 57.15267 50.70944 25.171488 80.46231 84.41691
217 94.35544 29.7414 90.84589 8.466512 94.24387 28.765059 66.25986 97.57591 33.61611 65.13542 24.22464 39.36255 33.28684 65.381134 82.809654 77.77059
218 60.917854 19.07047 12.795681 90.77785 60.55906 19.839233 48.440002 5.3211093 80.73145 77.93907 9.8176 73.59364 24.373186 24.005407 36.908733 58.87106
219 24.885649 90.291084 77.31368 26.80965 10.416693 10.250801 72.59311 51.238243 27.32705 28.00303 64.96484 2.3978531 85.243355 65.31164 78.95394 35.000565
220 74.756355 91.35613 99.42561 67.07287 17.040253 67.29288 66.37317 86.07191 87.62396 57.611187 81.34394 23.033041 27.225613 79.28065 84.23381 49.402077
221 6.768757 89.95334 21.447844 14.667284 55.04617 41.87583 16.505342 9.938419 22.409607 69.09026 46.768726 6.2893925 36.58074 53.93436 70.11764 34.116024
222 84.25012 83.32202 73.40349 87.15294 9.420288 55.89693 91.050545 12.397033 74.132614 14.561361 73.17432 84.316055 54.782837 33.31389 44.336273 21.758615
223 5.978358 87.56825 58.127254 41.36715 79.93497 39.518402 11.065769 18.533098 41.676785 7.57255 69.01757 51.58866 25.529844 95.87397 88.01026 66.63249
224 76.13717 97.49392 81.762146 17.827648 54.835056 65.61962 23.61331 3.9438128 49.892014 60.128296 39.29583 48.158276 44.811897 13.059277 87.87843 50.56024
225 93.44233 32.955288 75.35113 86.36258 52.620728 53.688915 53.07194 66.51721 93.960464 73.63112 21.387249 19.322575 75.36573 72.82821 57.17996 73.83147
226 2.0172954 12.766767 78.22687 99.60789 55.75536 40.420765 32.703274 67.89491 63.67607 37.251312 89.91577 70.859665 11.843115 77.889824 9.643245 56.654
227 71.59614 22.165417 78.90273 86.01283 85.12667 39.283913 43.42633 82.50945 77.71551 12.240231 88.8439 63.96533 8.021587 53.41958 76.03453 1.4998436
228 99.63203 64.851974 34.168118 38.99408 89.08905 36.32607 11.753506 17.086578 82.97868 5.7028413 73.99639 19.034231 2.3855329 24.019379 77.71948 91.73661
229 52.889347 15.623784 12.091213 83.87918 45.91537 94.480774 43.841045 88.50336 99.077034 62.34506 74.21787 22.425777 3.40572 44.687675 96.6908 26.934874
230 91.09761 14.6154995 29.632437 29.279984 3.4863591 63.64214 97.60712 72.892555 13.047546 27.711641 4.3678164 55.35521 20.845497 95.56524 6.515068 20.242273
231 40.2452 69.16304 80.57152 34.53652 5.045581 18.772972 19.87068 63.884026 54.370804 61.430138 88.3556 89.05052 54.42169 75.2221 53.651882 8.214826
232 8.091193 54.306442 74.45146 49.872173 74.8483 73.312035 0.4641652 2.8736532 5.3710756 3.9765716 75.419106 15.315962 76.14838 52.251446 3.5984457 48.49614
233 59.473312 27.947294 32.24249 10.900604 62.532215 40.14596 20.273245 69.2105 27.076668 25.478495 57.84977 6.642556 67.69162 59.936016 91.312706 5.7352185
234 93.990105 1.676321 9.429044 94.125114 70.03824 37.411507 95.15665 43.192863 5.6185064 10.071003 23.367382 25.006449 99.06336 43.752605 40.368195 51.133335
235 93.63557 33.286713 42.22304 65.07104 9.9094925 61.393738 42.699284 79.7637 49.24527 54.32136 0.34754276 23.495584 59.982525 96.480354 40.29366 26.010727
236 32.96425 31.988972 37.606495 75.69188 68.79654 73.78582 23.751694 55.79619 91.03304 83.23787 79.105156 9.905362 80.23145 40.678406 96.55068 44.783688
237 69.365036 92.34268 52.906506 92.6897 74.99713 75.575966 35.709064 78.86002 77.36772 12.37855 17.436874 66.443954 0.3358841 43.298595 92.6023 37.74267
238 56.02165 97.92104 35.60601 63.390465 93.85838 64.82723 59.48281 70.35902 47.278194 9.575349 63.625725 44.68783 78.89651 72.198746 28.525883 59.022038
239 45.138103 60.72364 19.09306 50.814938 99.86974 0.6157756 87.11794 60.930634 32.698536 34.78942 55.111034 79.92819 47.900246 29.322243 25.623243 10.152131
240 74.00711 87.353134 95.05213 94.58576 99.27467 20.393103 82.0093 60.998184 34.737225 61.613144 76.02671 94.04883 52.33946 20.309484 11.481291 54.584167
241 51.499687 87.97154 8.200288 79.31133 2.0293057 83.038155 48.669796 94.366196 56.0316 8.934486 81.811165 81.07619 35.46703 45.306843 24.936134 23.57874
242 87.55399 69.05159 44.07145 17.087137 66.93611 34.864563 14.003765 7.7496233 94.26567 36.279385 24.091743 94.542114 56.015663 20.738787 5.3939877 38.84838
243 33.241558 75.93894 5.551916 75.7551 68.78077 20.848984 47.038616 94.12748 26.929306 81.347664 34.047066 80.8 48.70937 66.80869 55.961792 2.3450196
244 23.989094 76.24083 98.870255 9.56164 61.300323 88.345894 69.06778 92.811646 42.397087 43.25822 47.450214 27.434904 64.39532 20.494144 94.840836 28.582699
245 43.533836 0.056660175 74.74458 73.855064 34.810783 55.554676 31.158226 54.121326 97.4048 40.019096 79.59598 20.908283 51.124172 58.80214 34.436428 19.886435
246 51.19075 78.06641 95.390526 30.462831 92.32222 42.00447 60.975624 81.553856 6.001818 93.737946 83.31524 32.578045 62.507065 42.05 52.636753 9.957659
247 40.009575 43.49215 23.092836 75.38939 92.96959 83.32249 5.8801413 89.34248 90.057365 22.088676 48.279617 77.23434 4.6772537 11.937517 45.71404 26.146973
248 18.399918 88.94865 51.04389 45.475243 36.587353 77.55138 24.246252 38.29172 46.398956 39.549797 24.799639 13.291937 58.18469 4.1759787 77.30118 45.82477
249 32.802475 94.1984 22.15216 85.65777 88.255974 35.28136 1.9594729 37.78091 10.660923 96.930115 80.31925 78.779755 36.15157 60.439713 62.896877 47.240425
