500
13
0 17.915321 44.201027 77.57665 87.42354 64.59947 87.55252 35.111214 12.941379 19.819181 41.985767 15.054661 98.3297 5.237836
1 48.951138 39.659985 33.202522 0.8113146 44.85765 5.6640863 57.212914 8.74132 89.30832 11.18595 49.1782 14.243847 92.949905
2 4.2699633 10.713398 14.964682 6.68422 35.135166 49.880745 61.1745 0.4720509 45.488697 51.425625 56.39003 92.05243 52.56319
3 43.0597 31.642168 87.992 11.847406 43.394844 21.65777 21.279966 38.86353 75.76659 34.710598 31.212568 68.93184 5.3625226
4 43.365242 47.89901 55.84593 64.653656 5.881834 51.013653 91.012054 66.7905 9.330392 51.372955 38.20275 18.858932 58.703835
5 45.800556 64.01425 69.994736 1.3030529 67.14175 27.842999 4.442942 3.7441552 59.093773 19.210976 90.644936 98.01656 61.938137
6 75.140076 56.08083 92.57446 82.814896 20.630682 88.43741 40.5075 20.698864 84.830635 89.076935 57.008087 19.867867 1.9417763
7 79.92415 46.791626 79.85158 96.11844 2.7570963 4.5556545 68.3844 24.444979 46.282017 80.26913 75.84045 51.478355 94.90728
8 99.91139 44.396854 6.8118334 50.23149 21.64262 77.46032 26.722252 26.165348 9.255367 29.721333 59.336143 38.36552 67.66618
9 35.901535 66.07975 83.136215 9.254646 17.47853 40.718872 47.82449 81.70426 17.3643 90.36338 89.48865 65.86888 28.94907
10 43.78609 19.55437 50.864132 79.683754 23.72887 5.4055986 69.413704 92.354805 8.043486 44.310616 62.375877 16.613638 15.108037
11 37.497913 71.807625 6.677127 51.599617 32.121532 97.92907 21.248936 14.082754 53.654724 9.526229 61.767696 12.7443075 1.100111
12 58.83521 13.524294 97.78519 60.292156 11.509758 49.77659 92.34732 27.294683 77.170685 35.807674 35.3508 53.075016 85.117905
13 82.31751 92.24629 83.694016 38.464443 45.315254 19.516968 96.424736 45.19847 22.809113 51.922043 23.553635 40.030396 22.4059
14 91.151535 21.989834 1.4339924 54.075993 96.01296 30.885595 35.704315 69.77039 31.811995 61.74369 47.353203 27.562613 18.599451
15 69.25517 72.53026 99.11277 1.8774688 47.48743 0.7418096 82.407776 46.692974 8.953113 7.8517795 89.1281 57.36192 15.274345
16 29.659771 80.1468 44.993366 2.163434 6.298274 51.41289 87.2086 50.63518 60.869823 73.95327 46.731903 5.922258 55.316902
17 59.40184 74.68204 98.47225 8.204818 20.10157 21.296549 23.46387 5.1858244 79.505936 1.4152706 40.1033 77.248886 43.72596
18 18.33967 45.97628 34.85461 93.334724 80.73653 9.174627 99.68029 90.9716 60.19747 28.839022 68.49266 15.216952 28.0909
19 78.02601 25.721354 35.2774 89.7043 29.091908 19.286942 90.191246 50.68889 96.578384 56.36354 56.799995 18.863756 64.18418
20 16.815239 4.2203307 65.955315 6.928486 28.383558 80.88291 65.3427 25.979256 82.23137 50.5893 38.918274 88.57294 74.63868
21 43.99429 8.382869 98.54107 51.534004 74.280655 62.369274 11.547547 69.7275 53.701176 43.47896 83.40382 11.350859 59.57561
22 90.44232 87.755844 36.824844 23.017942 66.05074 31.827635 3.9551318 35.21348 76.20072 14.37425 35.347073 88.860855 68.340904
23 19.968616 78.64131 46.147694 56.88712 97.459404 71.07696 69.36035 90.89891 79.94216 15.122533 81.269264 76.68357 28.746593
24 70.47473 75.427284 30.265474 17.434765 21.271938 52.425472 36.144836 64.11645 39.124634 68.23855 67.85077 4.819721 12.315536
25 91.64346 9.909475 18.320347 80.61405 46.202503 51.503593 37.658398 11.4942665 70.6757 79.85984 47.29328 86.61479 52.483738
26 30.897676 82.01919 73.248116 49.816 89.593315 36.746185 21.533876 17.311531 20.615047 20.222246 19.135374 31.392216 37.883713
27 53.71803 15.823751 88.06573 40.685375 23.418856 93.985054 27.423222 93.752975 46.38127 50.88965 54.52829 63.344173 40.83988
28 95.19096 50.635384 33.839935 96.632484 65.50423 46.708508 76.901505 97.59886 1.5908003 3.3654034 73.94406 39.863373 38.73759
29 68.29405 62.866844 35.610783 30.033934 69.833496 90.9388 66.79552 7.633072 30.049932 70.85471 15.488476 77.52668 13.853025
30 8.690178 13.3756275 59.207302 64.38168 67.29937 21.204418 64.754036 46.249615 52.183186 26.466251 95.825165 34.79877 28.636091
31 73.8564 82.81192 54.094856 57.74936 65.43016 10.598457 2.158749 47.360085 66.05133 59.144264 77.31675 64.10586 62.695114
32 25.179285 73.34215 20.253468 74.22226 0.9642899 77.33103 98.85736 19.998592 36.167175 37.40264 92.07406 92.619484 44.849617
33 67.04459 18.178833 61.25086 88.3214 89.25663 35.12926 59.7673 39.735878 61.91421 53.588318 97.81757 42.867714 51.6208
34 55.411686 15.853893 17.193794 67.70089 69.03556 87.51167 37.411224 32.17589 29.352444 37.82249 57.659668 42.14198 33.973522
35 84.69754 40.315144 94.829216 91.75174 47.85776 44.199562 54.970615 73.64638 85.64857 86.87734 81.468315 15.075344 80.512215
36 6.4225254 23.54356 66.51882 70.66276 47.23456 93.74231 43.059517 23.89316 96.31828 19.796062 20.588081 32.429104 16.646904
37 33.17742 67.445755 21.131485 5.080229 28.32402 75.26139 58.75077 37.662495 2.3272693 65.67066 29.779417 25.384342 85.10093
38 43.548 6.969607 60.635246 89.678444 49.46518 88.83504 87.13018 41.669094 30.506367 67.29939 24.166155 96.676094 9.571362
39 35.767353 46.31001 80.60161 38.203384 62.763985 90.26112 16.504044 80.16363 49.21623 86.45736 54.613663 94.884094 74.54939
40 0.346148 41.148293 88.06551 66.96746 0.036472082 33.908707 26.616621 13.317317 27.753252 55.792366 96.48174 43.354023 53.169262
41 24.17714 23.368513 79.39099 89.8882 77.73756 0.7194221 65.410164 1.2565255 61.122055 38.287014 67.71225 49.013718 10.81053
42 84.25085 42.90607 15.335333 96.46882 98.8974 77.08226 74.42963 15.615368 97.47479 23.816277 99.42467 65.12214 1.9995809
43 77.43643 60.803867 41.006668 78.66142 63.826077 27.646564 63.46628 10.234976 73.76755 97.50613 22.804743 96.82048 96.15581
44 6.570119 74.761314 67.61167 80.799034 62.018406 32.04368 59.610844 6.2835813 73.01092 49.17006 3.717637 88.62414 66.84452
45 46.937275 95.91377 15.073198 70.428535 83.15768 1.9179285 56.264477 23.813175 30.267775 92.32085 13.364183 8.100117 45.837616
46 65.52332 17.465145 2.266997 17.046469 35.541702 71.257195 96.40783 68.29495 27.73425 21.0316 48.352345 56.065 88.615364
47 66.12852 68.86354 45.999863 16.105206 56.6269 1.4726758 3.350687 7.813108 34.833313 46.90396 4.131359 0.3413558 36.186237
48 90.94065 35.558735 89.24945 57.607887 77.02472 40.96315 23.430317 10.968792 20.961899 36.978603 19.472033 23.857277 71.482124
49 95.42063 40.42862 4.7554374 55.30619 15.10151 92.6798 13.314909 13.576168 81.500114 66.66372 34.813904 94.36899 16.590511
50 48.72305 49.987293 46.439068 94.448326 67.678764 73.99145 96.799576 48.014034 80.66757 50.847023 50.288094 21.432274 6.9388685
51 79.658325 35.469097 53.848457 58.459236 96.413475 27.26218 82.8866 4.1339993 78.213486 93.27487 68.02469 16.104115 96.1613
52 55.2467 89.807655 46.854782 47.477478 98.12476 34.68836 53.78329 8.122438 42.500847 26.970398 41.484398 83.53556 68.41814
53 88.862625 13.450205 99.09842 13.437599 62.37645 85.34062 73.45746 90.43771 98.34732 96.71256 99.57524 82.56585 39.19843
54 91.41889 20.808405 77.28899 94.4575 7.179439 15.734071 28.390062 28.067982 99.52837 86.97952 65.37176 61.099113 15.958458
55 9.87677 61.972363 4.7618093 63.179703 18.1036 88.84106 9.199036 68.6164 50.135876 95.89766 71.17193 10.27416 24.685955
56 35.112083 36.65111 74.67102 60.514725 58.542145 55.90373 37.460754 69.06809 25.186735 62.709576 46.56024 73.10392 65.830925
57 14.927077 12.968892 94.45525 81.42687 30.155664 84.039185 95.74629 58.08062 2.4130464 30.79071 98.47721 42.37196 88.58262
58 32.08425 60.473145 33.057766 97.22064 80.27884 14.114952 59.296696 7.7891407 75.63732 10.710627 58.044422 51.455116 69.54123
59 11.314231 62.426613 21.54057 72.902145 18.555468 23.487026 74.10133 68.456764 73.72006 16.07737 68.85172 70.40886 97.34537
60 8.715052 74.94285 17.701113 36.70478 91.45625 82.46489 87.69153 89.30012 66.251114 71.80923 83.864235 95.22535 73.461845
61 72.34102 7.177365 63.185112 95.39422 7.6512337 27.556961 3.0339897 83.54061 65.751526 55.765373 52.74993 68.043076 33.025654
62 91.34575 88.37949 44.50683 94.9528 18.575949 3.1202197 90.13663 84.27831 7.4209156 5.574727 35.204727 68.44507 82.481926
63 69.372086 30.62387 28.046137 71.09526 26.669353 82.98976 22.461689 67.28544 29.193872 26.535618 48.655914 25.546158 52.954865
64 20.228106 25.60447 65.78384 29.841042 77.5154 26.579613 55.65582 92.14236 87.36163 1.4352858 80.47201 88.51557 76.07755
65 93.31309 94.37077 3.7918627 99.557724 41.35366 14.256978 4.8521757 80.89504 50.876923 3.6928356 62.935196 6.5615177 3.2345414
66 45.31498 24.369324 29.580307 12.595474 4.2306304 29.82263 66.090355 30.070072 92.09979 12.543946 4.7070923 55.891823 92.18169
67 42.336975 19.958157 77.25367 53.515236 60.594376 12.231684 77.54375 0.6818712 66.85694 9.089941 7.164216 91.39352 46.106857
68 5.0070105 7.177597 33.650238 53.21488 88.68448 95.35273 7.675028 14.316916 85.74328 65.73414 24.573606 39.882416 8.005608
69 93.90347 57.064186 29.157341 53.55385 52.22234 50.116932 46.63054 0.6305158 14.435875 27.439732 67.11067 16.135454 4.2842865
70 59.011536 73.64928 90.45589 25.73319 14.926821 91.45461 75.666664 5.926156 60.36506 98.47514 56.36039 9.128552 18.2922
71 49.664585 10.66907 9.227544 52.353035 25.062912 14.144874 78.5482 78.20258 82.53869 18.360435 95.92325 62.193798 92.95157
72 68.219 51.50669 90.89033 20.035671 52.43951 29.458696 11.37436 98.71251 57.4759 52.36795 32.89939 65.8677 89.77716
73 38.4522 16.286777 16.731464 69.894066 39.83098 43.838413 40.56528 86.14874 28.454458 83.7506 31.8637 28.628277 76.86823
74 27.446741 61.03254 35.927742 40.47738 63.338577 12.6155615 58.699066 3.239423 47.783066 83.536766 33.570934 61.971695 73.98903
75 60.243523 27.862888 28.222864 16.975285 26.627087 45.7603 48.764725 31.079996 66.525276 17.842787 34.351288 93.72411 20.652706
76 42.227364 34.92654 61.956352 0.9456992 22.822063 71.70817 37.63179 1.35203 0.57049394 91.615074 12.842613 26.653713 90.951035
77 26.735538 93.4313 76.40988 95.786095 45.657593 18.140728 13.784427 21.589588 69.52358 11.320168 45.93048 8.76956 83.95796
78 24.30324 78.60425 6.1062098 19.196861 44.857235 50.45007 39.702225 50.776237 34.788895 27.424759 53.27622 18.281519 6.2590837
79 53.413464 92.02558 91.50921 70.04897 25.344759 71.67031 73.832535 0.4374087 38.964783 0.6141484 8.807266 17.05923 41.617733
80 90.896545 5.619383 3.7469208 20.453453 13.793718 74.6954 76.60343 45.805687 91.157 39.813072 1.1677027 10.232091 3.01162
81 85.82287 3.3313036 41.868355 76.302704 0.38719177 46.52459 97.124016 66.250984 58.048206 73.554726 30.949986 69.41835 79.83992
82 64.35017 14.363628 11.691123 31.27324 8.812541 87.86458 31.94062 15.863657 69.126884 57.86376 56.651134 95.77194 29.425966
83 21.143139 7.41201 61.233307 37.897617 32.340004 53.514248 57.21675 11.582602 61.9954 69.19436 10.453993 35.612995 61.12262
84 59.11539 29.18725 73.92877 93.65134 7.814157 38.603264 59.087692 94.412544 96.98466 79.15296 25.216204 89.28616 28.08423
85 15.322548 35.066765 90.28873 22.8746 56.754154 63.240444 74.095985 38.744164 80.05712 80.65702 22.94978 93.15928 1.6615152
86 27.124851 65.07925 8.084351 3.4133315 10.257399 93.473885 52.978355 62.37761 69.945465 70.69262 27.866411 13.896418 52.12607
87 79.806435 6.409371 57.05009 36.75825 51.788246 74.82511 39.311684 19.85113 64.7358 4.486889 72.69862 4.281962 55.102337
88 84.13489 97.75651 69.24534 23.293442 88.54702 30.2145 62.80592 31.053728 52.446358 74.400024 59.56461 34.315235 56.16115
89 39.07409 98.333664 38.723927 69.446304 37.141872 29.453547 4.82679 74.832825 27.914042 63.539715 22.628773 36.36679 76.76104
90 92.65051 60.466175 54.66688 64.948494 9.808105 18.254852 67.46721 5.310315 56.238365 60.333485 5.3801956 75.66531 89.43782
91 6.322348 86.23527 10.281218 65.106094 40.45711 45.3082 24.32058 27.041567 89.34905 21.900887 41.459198 80.2904 76.49274
92 0.4721284 50.457527 2.230847 8.328665 83.829605 2.407962 5.995208 83.32161 30.306334 42.008095 81.87152 52.199863 41.459484
93 29.16674 90.34097 36.890453 43.305866 82.49248 89.51072 38.270657 65.66855 65.01345 38.274555 11.936301 20.63917 31.413788
94 2.0170748 57.87613 93.80715 82.04163 91.57441 78.16517 48.6812 84.15233 19.042885 88.285706 65.10243 57.818233 50.514626
95 87.00432 72.45724 10.495705 59.60812 69.239525 35.739727 88.534 34.50538 11.22362 21.147997 89.39824 1.9225478 30.481684
96 23.648293 8.827829 4.906118 70.52243 24.091661 41.645027 97.503815 35.2714 51.866627 92.86083 2.2119582 87.60395 31.128592
97 11.803126 58.71551 74.091545 56.33496 31.235361 81.94231 71.309975 74.66986 66.174416 40.040916 2.6371002 99.06056 13.999099
98 68.81505 16.064804 62.530605 54.42147 7.7242374 68.65449 80.82379 1.2433529 87.168144 40.177567 70.35452 29.120176 19.852793
99 13.316017 78.940704 29.699623 67.094734 59.478333 10.365974 29.6995 19.519865 64.55186 45.070656 86.25792 70.38654 7.313943
100 89.2214 15.061164 77.39948 62.12539 85.65487 77.47475 28.134256 67.105316 31.891567 72.628716 6.8805876 67.22591 13.294804
101 37.90831 32.71267 79.468895 40.79182 40.657753 14.8496685 12.966066 1.2265205 49.513065 80.882126 22.330452 79.78727 55.34599
102 44.277264 46.409595 95.02028 89.34506 21.866644 39.510475 21.235191 74.61384 10.9550295 97.61829 35.731934 83.47433 24.52321
103 10.93601 70.88701 36.38333 36.04673 86.69538 26.95542 21.269857 41.095497 15.934605 90.257416 80.76511 28.557652 45.915676
104 34.57348 76.11747 11.549139 39.99193 68.97835 2.7703702 77.39348 90.77139 42.476135 86.15013 22.114807 14.905178 60.690647
105 4.99658 71.37113 21.125465 0.11432171 71.715126 4.4188795 62.44047 85.186386 88.192825 77.360306 71.652855 88.47857 5.0716996
106 37.46084 32.402847 16.80014 51.692738 71.675995 59.363228 99.94042 2.207619 93.70003 87.45364 24.457407 75.409966 37.908657
107 95.23706 74.366806 76.682396 52.64362 89.060524 2.3237348 20.42312 15.570026 36.870117 59.015335 81.04955 90.581375 81.64136
108 31.65813 16.134232 8.249122 59.509922 62.941135 62.679893 43.491703 55.26383 44.259644 98.56675 37.414177 13.980752 57.993404
109 77.70215 31.647514 91.18862 15.805948 26.576155 58.56288 21.732265 37.95265 39.296913 29.07921 59.094505 3.4181476 30.578321
110 40.114613 29.609955 84.957115 24.724531 58.805992 39.99979 55.94596 41.857674 42.254585 9.934002 8.089691 29.23677 95.62577
111 94.69502 67.75284 9.599418 22.88164 45.086376 12.844074 34.416943 62.25765 83.92799 17.190372 37.496967 40.877373 80.044266
112 32.161816 53.51256 11.759978 73.632416 29.487032 62.11779 23.105991 61.161198 99.829346 26.969088 99.40088 26.167948 30.43579
113 51.167995 10.870647 4.9856606 75.246895 67.643 60.537003 86.83953 12.050962 21.37788 3.9932191 57.019966 34.928734 97.06678
114 27.560251 23.890167 14.274227 62.937782 76.251236 7.06079 30.566967 71.6581 38.600986 69.71178 37.845398 10.245657 44.596725
115 25.125778 76.08861 70.90992 13.430315 41.194767 42.613262 17.184608 36.398453 69.959076 66.858475 8.367765 97.88282 87.93753
116 52.8473 79.230965 13.890135 0.72184205 53.02797 30.595 7.125038 28.463036 86.52106 94.40024 83.07393 91.71211 86.00255
117 89.34646 30.223965 86.640335 49.073135 70.370445 35.51961 9.821624 32.098316 7.81523 93.72364 33.184727 83.81193 66.079346
118 45.81654 64.92561 0.68085194 13.087076 20.316917 70.410904 50.915497 2.6741445 74.876656 84.51465 65.42695 73.83138 60.20334
119 72.3394 14.887894 90.899155 9.853315 95.61612 66.82276 64.777084 17.35294 6.8072557 56.36863 99.839066 5.1321864 19.416094
120 71.60935 77.666595 40.64975 21.409792 88.35206 35.39254 75.66675 96.98054 30.60938 12.150192 0.7677078 70.90091 49.1585
121 5.9325814 33.872353 68.08833 20.216305 9.478074 27.635431 0.105416775 64.909325 27.31765 54.359318 19.42665 74.800095 36.866455
122 40.475483 73.44738 22.793043 59.749 96.9768 3.262508 17.381245 91.059006 62.657314 59.874493 73.07003 74.92718 17.955673
123 3.1928182 74.14724 65.87419 76.9824 40.259075 82.548164 23.542356 51.38001 89.68826 14.733666 20.423687 43.523552 3.2822847
124 95.17227 10.3404045 48.78323 64.88482 94.66453 92.20664 71.7696 35.358654 16.405201 86.83851 23.3563 43.439835 88.94402
125 22.429012 11.580503 90.33411 27.2384 40.221195 57.07179 54.25812 96.5149 99.666626 3.33668 45.491135 50.955402 91.029755
126 93.96914 76.50646 64.145836 82.38551 6.6704273 11.820936 41.181343 11.964965 60.91266 42.57358 25.28332 30.852144 9.296238
127 68.57264 33.287083 45.455025 28.325384 50.495487 74.500694 64.610985 2.7104557 34.76596 2.876538 28.59788 47.718193 28.854847
128 1.400274 62.97635 99.91003 73.65414 4.8710585 30.668766 80.275116 88.27597 89.171555 42.879875 61.78359 50.049953 24.61478
129 70.59125 61.322044 75.37537 42.481464 80.93467 93.4574 24.978172 58.460003 9.601694 29.197567 17.391241 46.970303 94.72154
130 69.63226 77.29388 55.451965 7.794416 83.860985 8.703375 78.34946 62.07245 48.82666 87.70668 94.01734 92.316574 30.513971
131 44.068302 72.94486 36.520554 40.44513 7.0765615 37.97108 9.689129 6.5788565 47.632812 43.502743 12.106162 95.71992 57.898163
132 14.691323 25.061972 86.56775 81.65228 74.17169 1.3720453 3.8276672 85.565765 84.97224 87.16857 8.693224 44.32836 56.798077
133 16.65128 87.86211 84.31221 28.849882 99.32735 69.51278 82.294106 37.019203 86.6454 11.847258 71.64073 54.606255 24.044186
134 88.46541 50.012707 23.111403 97.80995 29.604816 74.6195 49.191887 1.6023934 52.850407 45.71939 73.147804 23.209263 29.043335
135 21.584242 27.467506 81.48344 15.614563 41.5242 16.743326 90.27167 51.31541 3.595525 4.950464 49.543972 33.25566 3.906858
136 86.51203 43.271053 93.29332 81.42246 14.16164 83.58154 99.21626 70.07296 31.334478 76.37995 33.94233 65.876045 8.203983
137 85.25347 49.33347 5.504221 58.630657 48.78415 60.424763 91.99052 46.863693 17.270405 90.22648 18.523615 6.056571 44.618214
138 8.1469 40.852386 40.31032 21.368069 28.94544 48.809753 74.3901 7.375753 70.464584 36.802143 33.38241 4.7678413 62.771286
139 78.532776 62.844704 60.968025 78.392525 62.28486 49.480038 60.66869 21.74775 37.14773 35.646965 27.748728 98.415825 87.80129
140 77.24625 31.770164 43.343155 83.869354 14.436567 67.59269 47.38168 10.212201 75.50412 34.908028 98.58093 55.465668 34.895336
141 91.51032 77.45258 29.074055 92.32669 39.591354 82.04433 61.2459 27.984106 48.299515 41.231556 67.73541 42.651836 33.561634
142 24.352026 91.981735 86.2643 43.38113 7.4239135 63.59883 65.51462 14.451861 85.017944 84.98901 54.003387 25.233656 60.778694
143 10.253882 86.754486 18.205208 36.049812 53.710278 36.11144 66.73724 86.55704 33.11299 45.96524 32.120205 52.20753 46.877026
144 55.428158 76.25685 9.403557 19.732063 7.490426 43.22127 82.533745 49.693604 0.4779637 96.43875 29.250753 6.174141 64.42726
145 41.110443 89.5855 77.47301 96.53287 87.46408 72.76538 41.574818 61.887264 28.538269 7.737154 40.768288 1.6709566 45.897858
146 57.84951 14.4940195 11.171884 92.63873 89.99125 80.281296 76.49061 80.29127 50.838123 26.689512 40.05663 55.105305 83.92539
147 79.69397 1.2384772 50.339497 81.2888 42.623318 26.037323 50.542004 1.7195165 65.05562 17.331774 77.66718 67.63803 26.312971
148 89.177284 78.805595 26.649559 90.47282 51.60312 53.207756 98.502594 1.0653555 79.10441 39.361946 28.999603 91.58696 41.068905
149 98.66269 9.033465 32.18152 76.742165 83.51172 48.036385 60.687782 13.619625 87.6712 89.48327 37.89694 45.51892 13.797379
150 33.506084 60.299255 95.7535 96.09036 64.0277 79.62209 9.084874 18.985897 30.05494 45.687843 12.322211 30.180168 81.8848
151 68.97434 2.9762506 57.728153 31.041645 10.981125 15.230263 76.507744 69.90515 56.142662 46.20145 94.32836 24.400728 8.448231
152 28.1272 28.029167 6.0598016 31.802666 5.384082 46.013767 2.5326788 15.981704 22.354502 67.077225 86.63181 83.10006 78.88286
153 22.676897 10.637921 43.93385 45.756615 27.8776 76.42099 93.146614 11.218655 27.269672 63.47819 79.19866 10.438335 18.735826
154 50.90048 63.02326 59.173943 37.860767 69.24017 61.794006 8.148325 57.181774 62.017757 65.46091 70.09027 10.824567 60.99279
155 77.18666 62.69122 60.1278 85.21131 10.17037 0.17434359 28.712135 51.170837 26.216543 47.618443 35.491516 34.21848 12.218332
156 96.0336 66.06169 92.584206 3.7142217 94.42053 41.75341 62.3785 6.8973722 86.19719 61.737995 50.643055 76.769554 91.54144
157 17.564297 4.3891134 47.213657 81.03856 67.34725 65.80614 4.0972652 27.75777 34.786827 50.853508 53.41671 59.300964 87.85593
158 12.700409 79.058716 64.81384 95.250206 89.45879 57.921528 27.337217 42.74922 42.92689 10.637349 33.67598 74.016365 91.25564
159 3.5239816 73.21043 53.896637 32.258778 79.0285 36.366886 10.100764 68.263016 7.9863906 1.9624412 9.749424 39.75456 15.492803
160 1.0641456 59.360184 79.5005 3.8706899 30.641901 64.57645 26.24998 59.735237 81.993904 53.654724 16.554987 98.92266 42.093937
161 6.1522484 72.75933 42.31079 17.624014 55.410473 56.916954 79.36129 45.048893 65.64297 85.507866 24.420244 60.758102 57.35402
162 33.575916 96.10318 64.70722 49.392986 73.63349 2.9485583 72.35511 53.459446 32.743256 32.25267 92.8034 43.896908 38.037437
163 54.71116 27.246153 99.04298 98.07463 49.114197 59.04122 82.44892 15.429831 50.61186 14.393443 85.46003 89.39299 47.534084
164 46.828663 64.79323 80.307686 17.779541 26.933496 78.00386 16.667397 61.554848 65.400085 89.55642 19.419062 65.73876 27.969688
165 4.3745813 45.881313 22.16577 7.699001 93.32487 58.208717 21.282928 46.926723 35.48195 52.428394 90.3594 68.80488 89.93692
166 36.806816 35.956955 8.252298 70.36461 79.80234 60.754307 73.22221 68.891945 4.313797 39.919395 19.348885 22.653276 46.601547
167 79.72029 61.01073 42.735218 24.45088 16.44265 47.841293 7.274729 33.248066 5.242908 12.520379 29.859734 63.086975 62.422813
168 99.63315 42.988026 71.324295 59.690155 49.405098 21.372927 58.71937 82.00922 68.6783 18.86391 53.059704 91.19469 35.624504
169 8.508497 60.676872 32.826923 66.99061 20.962912 76.254 64.54091 16.302723 40.520405 56.630337 7.2536945 59.138466 79.23716
170 40.80174 48.24707 74.59875 42.078262 0.93731284 84.82631 19.317745 74.07547 16.98752 50.95803 57.153015 43.89022 98.413475
171 36.08928 1.0699034 36.93077 12.849707 87.31553 17.209793 70.61172 94.315315 93.062416 59.809227 90.11354 78.16463 21.148205
172 51.17535 86.055214 70.63465 26.991917 96.54624 97.1043 95.98194 42.124634 59.15699 17.2983 51.247215 90.162796 97.54165
173 36.63298 29.14592 80.93837 42.93798 66.49442 74.02373 85.289154 29.097986 71.29227 8.866244 57.644653 65.87898 72.02267
174 96.70344 23.36154 9.29386 54.596733 75.15579 87.94441 38.39621 99.06986 65.14645 18.819344 19.188177 9.168935 4.8318505
175 43.011826 59.952293 23.820591 87.52256 49.529274 34.869473 13.128442 91.781105 69.88753 43.905384 25.137352 26.060837 78.28929
176 58.69817 51.778976 76.31749 31.510365 75.09766 12.945515 39.17533 92.44059 3.1871796 27.333641 55.71626 18.136375 1.7243624
177 3.4944952 81.09901 68.6586 34.18894 70.687515 46.38605 15.1943445 42.80955 98.24874 93.59924 11.107201 11.404573 66.14174
178 9.645146 86.553276 0.5251348 35.368973 4.9146357 42.87865 73.70373 82.50233 97.69654 46.727657 2.6247263 60.57654 84.74428
179 53.00492 4.3409643 2.1218657 24.150759 50.72242 64.42411 7.6501966 90.93713 14.314574 76.877556 53.221577 14.323956 26.020056
180 52.04524 87.88723 83.47047 91.0225 26.46497 80.225716 44.54296 7.6383057 49.0508 62.56753 74.37277 49.17804 13.119179
181 31.860088 36.817654 14.2374935 77.13166 12.791288 28.437883 67.96054 43.71234 7.4105263 35.495132 20.932484 98.16946 27.018166
182 28.89365 25.29931 97.6313 77.80729 55.888885 42.764854 29.782045 98.21771 74.629654 97.40864 57.399853 90.09529 61.380257
183 41.71682 39.36932 59.74776 81.155 68.566444 80.03444 71.37001 95.118126 9.69919 42.71239 91.90978 16.148735 94.82873
184 57.500618 71.403366 65.197105 60.121258 22.339111 99.58701 12.281495 3.3599079 5.36021 21.95317 58.072765 81.451614 98.154045
185 95.453224 64.92891 37.672913 87.54675 45.14461 33.977135 67.604324 28.241343 22.947247 40.463142 78.3106 32.17965 13.331562
186 40.225834 42.035954 91.283844 18.539978 92.00078 78.363846 18.42475 48.49006 63.562714 35.11451 3.7021637 43.778164 3.801477
187 53.709614 17.632145 50.46584 31.066418 57.622307 54.402523 14.170718 62.95324 58.96576 53.32933 60.292454 60.64733 37.180485
188 97.93224 14.190888 87.54658 61.897587 4.120612 97.31578 56.792305 48.93357 32.87704 15.499199 24.231249 1.3742983 11.141414
189 57.005585 44.968353 77.00853 6.494415 8.949399 64.86562 76.96204 67.4386 20.10401 38.975544 89.0632 28.86244 20.02157
190 21.910269 71.85328 60.495735 3.1556547 39.54305 92.6651 50.233692 2.0335257 45.28349 55.07062 11.094845 75.483284 69.59152
191 69.292145 53.818886 91.81381 59.58826 43.746525 1.8037677 78.31777 61.838413 49.42271 42.88524 68.47655 49.936188 31.768496
192 16.601032 8.060479 27.80224 0.48322678 55.839497 77.52033 27.035648 7.1928144 19.497675 67.5507 53.76544 48.347294 25.875927
193 69.68065 57.777603 87.56795 84.48826 46.730377 88.884285 42.63103 12.804556 56.796993 56.244022 99.6722 51.760746 67.24294
194 13.388562 6.205189 73.835175 5.413228 91.88026 18.158405 25.817888 14.272374 0.69226027 80.145424 7.377827 72.911514 86.5141
195 56.211704 50.010067 83.323425 16.240692 86.767715 99.330574 40.687252 39.970665 70.56485 88.95247 89.6633 28.048218 85.44685
196 24.860489 14.204568 45.22366 3.078556 25.397038 23.78968 39.134693 88.5917 10.344065 40.728794 28.339975 31.582933 31.352217
197 87.5594 90.447754 38.451546 39.91835 42.114532 75.916016 43.789143 4.5912924 12.506885 24.36176 19.353909 99.00415 72.23482
198 93.270454 79.81878 71.162766 44.400608 43.473373 94.52469 83.198044 86.46908 70.34968 11.261744 42.113705 76.23073 47.16742
199 11.817514 65.089874 54.12439 19.118446 37.661655 78.35989 25.590313 79.30576 18.479794 3.8476884 53.746803 86.14979 84.941154
200 61.484116 81.80729 74.39572 61.508858 2.8221607 65.98642 37.194496 84.51765 90.21661 93.20364 46.72355 27.202309 68.95776
201 19.011868 56.70205 96.723434 22.44935 25.503027 27.19227 91.18247 4.458088 47.42707 4.581177 17.632412 60.858524 98.67745
202 15.982276 8.475632 65.93777 97.22493 24.92965 74.508736 36.55721 1.4180839 85.656746 72.15258 59.203827 46.519928 7.0293245
203 71.83121 79.67287 89.93515 38.963097 8.587623 98.844246 14.633364 57.593906 97.21049 78.342 0.9358585 98.33545 57.569195
204 50.961758 0.56212544 55.07322 34.504246 18.33694 47.399418 79.98191 6.295782 94.67598 25.944006 21.759218 60.049026 64.387314
205 20.162195 84.44467 7.716882 83.42745 57.339413 67.50544 17.16556 91.2316 88.346054 17.649483 15.729189 60.651684 47.981453
206 30.062902 73.95771 97.531555 77.30711 41.715263 12.414396 86.05218 70.10349 61.351906 69.913475 39.0053 4.051912 43.17325
207 85.80531 58.486088 5.535096 86.43065 47.929745 98.48201 66.96233 97.749275 40.593235 79.38641 24.464554 92.48785 50.120808
208 70.05449 19.190289 5.4913816 88.73988 86.67996 10.097999 88.87813 28.133821 72.102875 3.227681 67.779144 72.13332 3.3201933
209 80.40228 16.035212 81.68293 19.68583 87.92662 78.62975 15.227854 86.83958 17.200768 71.0394 92.62664 80.643105 28.639471
210 6.720078 92.0338 36.735737 37.598305 60.682236 66.15182 11.725932 66.16782 51.672447 18.873674 15.041447 33.04347 89.062744
211 25.490486 21.169489 90.85402 68.40632 51.9973 62.08809 57.293438 36.06574 32.08423 32.34424 24.418306 66.736374 77.44894
212 44.257782 66.128815 85.5146 19.22406 29.4707 14.039427 9.901834 29.505503 53.429348 98.87258 17.356789 33.932095 50.85469
213 90.695755 55.34069 63.555534 88.8584 44.59969 86.932144 79.21447 57.697964 16.928745 3.7761092 39.46444 91.39214 54.380577
214 76.190346 36.80329 47.261692 37.959957 48.561676 42.272472 67.20461 44.984085 16.665142 29.118776 98.00782 54.48758 46.235645
215 78.49734 33.647938 89.172134 52.079582 48.42086 31.316202 55.507565 61.363487 38.364456 43.35091 3.0507386 29.647821 40.982975
216 49.47284 85.149445 74.001816 6.9634495 94.35581 21.89883 83.45537 84.60888 62.847393 68.78614 76.495735 40.63035 13.869804
217 2.478391 0.74123144 38.92676 50.525677 90.5717 27.825647 98.780716 11.117411 2.0365 42.471676 79.633095 8.135551 97.08047
218 78.3482 35.96965 30.815638 62.04195 23.286802 50.222023 24.202251 99.86556 25.530254 14.1305685 2.9535115 68.15593 42.71748
219 77.72431 92.09191 63.52436 12.15353 90.74515 76.84295 67.01861 99.51173 2.5932372 8.449608 95.25292 32.4714 75.122955
220 47.81804 95.14016 13.975758 67.1129 31.010979 96.890945 68.92844 22.01979 33.494984 15.5170555 29.426743 91.56802 68.76411
221 1.103437 42.306965 49.49963 33.16503 63.551376 63.170223 42.902298 55.660988 89.6147 21.544027 26.245987 8.678013 75.43289
222 29.85701 66.705734 15.425569 83.30481 5.965841 72.45396 58.084167 9.350693 65.640465 10.10983 59.478104 1.4983177 62.315933
223 57.98542 14.337033 72.73343 40.246635 10.532451 72.592964 10.919434 71.706924 61.645256 90.520584 37.173706 55.886066 63.202866
224 31.630056 23.557436 17.504852 76.23748 10.348564 56.774925 96.87752 9.010357 71.52733 57.08059 24.158865 5.4858866 8.094538
225 5.365193 11.920309 3.4584343 59.714718 41.456516 39.118065 0.9545088 55.646046 13.355464 82.14314 37.36964 65.207466 41.081226
226 35.23103 29.779148 76.03648 15.97591 52.37418 80.47449 11.859369 62.98886 99.40264 47.32186 32.593582 21.206463 80.51788
227 10.131132 86.60419 38.60849 64.78659 72.78611 40.75334 67.9247 90.4912 69.16088 32.986214 99.05395 38.420944 30.381096
228 35.623585 72.62612 97.86255 69.1477 97.87846 12.077194 73.96807 23.799568 42.54142 56.528984 14.15379 18.538248 15.009743
229 12.585235 40.09896 57.574177 40.15393 3.957814 25.706684 8.492517 2.7694464 38.015186 39.06617 5.3031626 75.96176 27.606827
230 86.08168 33.672768 25.731665 74.881485 37.13822 51.787067 92.800316 6.6165266 57.148342 60.022537 19.437695 33.453953 78.822426
231 3.7938595 51.393402 19.353603 83.34317 77.07518 6.198919 93.794815 70.18187 72.47063 88.89941 14.366597 86.01187 88.44497
232 36.0294 8.277392 33.056293 79.34587 36.28026 50.19649 20.319664 0.8919358 71.29049 3.228569 51.625443 27.417076 28.358364
233 87.553734 45.904438 69.71511 96.22716 95.481995 55.507366 8.994156 79.587265 35.829884 24.264257 46.216732 73.29858 28.39806
234 9.463138 92.770065 65.84646 39.994537 70.81178 51.593704 87.052986 36.30157 8.783269 44.015633 47.981358 43.63476 57.594906
235 70.85056 13.269776 66.30748 11.56004 83.846565 96.34433 79.226616 83.87399 20.191652 26.189064 22.149485 74.30392 86.1862
236 27.252895 17.685312 6.062877 91.83833 9.87193 45.895912 95.741035 44.348568 42.06651 55.822414 45.981766 21.330578 71.08207
237 20.331795 15.132731 13.091766 67.49322 32.5458 76.937035 54.11026 60.552204 57.305695 56.086983 46.54292 31.772923 42.46989
238 20.83388 10.547095 97.09642 35.484123 54.585426 7.57128 75.54396 59.0608 76.34463 61.556095 54.75203 64.72623 60.82879
239 19.987165 88.484886 88.52314 38.09647 30.569029 16.982359 83.68567 58.50704 71.370026 83.23366 50.342033 59.909225 31.860357
240 23.94461 42.266357 2.2300184 51.379776 66.62126 20.726204 61.30475 40.09167 38.92426 81.2032 34.10774 28.081263 44.917374
241 81.15482 75.826355 61.42666 38.260548 97.30837 3.848648 23.112679 4.5704308 85.81296 92.147736 42.68222 85.43493 74.818436
242 83.24819 45.454227 42.834927 98.90733 44.51753 11.719286 84.467186 70.796936 35.568577 83.10439 83.7137 55.686455 67.77676
243 89.64053 20.361477 65.69173 73.064926 32.146824 3.8033247 69.44573 44.003273 53.350132 85.067375 28.915852 11.791581 63.491695
244 9.91568 40.88073 32.778133 55.64426 56.268364 3.715217 11.826473 89.00097 55.75907 25.858372 95.13576 29.239105 43.283253
245 85.60594 73.180244 90.758194 58.4974 83.008125 92.4509 11.006582 39.463287 54.30873 42.910774 19.91875 77.66595 53.49214
246 65.8317 23.17617 23.690647 20.377142 77.34258 54.877655 48.707676 21.895432 79.03005 39.374565 34.93153 64.61129 94.79465
247 32.417564 21.303886 69.3841 38.44609 45.11312 3.269732 80.867805 48.848907 30.050457 38.70842 58.11181 87.49595 74.69638
248 58.44433 81.02163 49.945755 82.94235 8.454609 79.311516 9.427446 69.5132 52.63757 84.604614 63.971626 64.61109 57.089447
249 56.59171 62.61054 56.28536 28.107006 95.0406 20.507824 47.012997 31.999546 20.663393 15.395183 88.08669 32.22819 59.41587
250 70.53851 82.68505 11.928516 62.055862 43.82105 25.809193 32.612366 19.368786 43.66972 19.28507 14.445829 24.336767 4.779744
251 63.240707 13.185751 86.951614 68.290215 65.17296 43.41207 21.93355 99.67166 15.032244 38.465088 21.212322 34.608925 73.60206
252 2.3958087 53.860687 99.16603 93.571075 57.736515 38.76349 0.13244152 2.6403606 11.032504 37.48913 8.363944 98.139175 83.44265
253 64.750114 59.90018 38.117115 0.47584176 4.9511313 13.48092 27.724737 18.805195 19.397587 29.673607 37.691086 31.377357 88.856125
254 66.10653 7.467991 28.558456 39.715576 19.279772 65.5626 73.239914 73.69994 29.165346 87.960495 43.64125 55.9533 5.4385004
255 39.402344 7.5262785 4.6818495 29.894775 36.48066 65.79285 78.04591 48.65621 3.7453413 68.56375 26.600992 39.471626 89.73646
256 91.22093 98.56144 37.14859 77.39981 16.071201 72.08575 26.360935 78.79936 3.8574457 85.55228 82.257835 96.34593 41.04502
257 30.616522 11.026663 68.652214 98.19049 21.23459 34.459583 88.150635 42.77547 7.6346517 83.33555 77.13658 79.25868 40.5637
258 36.808006 69.10011 78.9253 26.486992 30.801666 51.07383 53.1163 37.54295 83.54695 51.052666 82.88751 35.037918 65.76063
259 80.9471 64.92594 36.49808 5.6185603 81.44028 63.04934 53.487366 32.62896 29.769867 63.807487 70.568756 61.929905 16.89788
260 47.124672 40.26571 22.595251 36.630028 73.670105 70.313286 75.49202 48.675423 11.377346 58.833157 22.40653 30.886501 27.47674
261 41.59231 16.92456 56.288254 39.342808 99.79352 76.35423 59.109043 78.737946 3.7914872 4.323345 64.78744 87.56586 49.939167
262 46.13099 83.58984 38.5048 66.96296 58.11688 20.58212 96.90736 2.6759803 11.920506 58.618904 98.72817 49.6099 22.291744
263 80.922066 77.13286 72.73421 69.89948 28.703695 93.57437 77.607834 39.246 32.949184 9.78139 12.153178 46.271736 21.526379
264 19.134665 59.151024 44.533157 19.652527 59.722702 24.234772 66.021225 27.670742 78.939095 0.63185096 29.888618 52.112312 59.34638
265 37.492584 85.76195 69.01375 47.782475 14.005476 8.184153 30.093956 30.986595 32.580956 24.379307 58.16534 49.593067 67.46174
266 2.3349643 76.35419 42.9712 11.769665 2.5986433 42.452972 26.422352 48.120625 71.68774 13.946849 52.5941 62.737602 33.183353
267 7.6860905 35.10665 37.987453 84.047104 80.36701 75.34511 96.29035 87.15616 89.29864 45.74926 52.548046 39.25172 77.54754
268 33.891422 31.063866 98.25367 1.4562428 31.894218 55.154068 51.090126 2.5233269 82.590225 57.358486 57.76576 48.32787 36.110676
269 39.74305 98.35043 90.0039 73.72201 36.95432 94.977516 25.960075 66.67932 69.45713 62.926876 25.146133 30.1692 86.09139
270 34.623253 58.055233 31.170124 69.36925 83.16008 52.49439 15.925193 44.754707 72.07812 34.443428 40.923096 97.79479 63.96677
271 15.356356 50.60364 56.986584 9.454573 37.150894 26.791752 62.561493 1.8187284 8.808506 97.02834 74.1555 51.337074 45.70642
272 90.9813 6.1297297 2.259475 19.075882 62.01899 45.942913 67.5801 10.68998 82.41137 56.60003 90.4013 52.20688 89.64834
273 82.26634 92.41069 72.516594 23.755854 30.413961 40.72393 25.76418 93.53143 53.43914 44.01828 81.061424 37.159805 76.9493
274 81.50028 8.679038 70.11782 45.574524 16.881031 40.970444 12.606359 75.229805 61.303413 46.466755 58.49248 3.5730898 20.269144
275 67.364365 38.003975 28.614336 0.3028214 1.6770065 63.851982 74.99064 10.682136 87.13169 63.28717 54.599976 87.43724 72.75344
276 41.60679 14.664555 93.418434 62.120186 2.1714568 33.767807 26.054699 28.402842 46.971436 22.184515 49.042118 42.27416 84.67586
277 64.420006 75.23979 9.124732 90.939 62.12504 74.202866 79.12838 61.124153 67.601105 81.80197 2.7283072 7.6967897 60.414528
278 13.081807 43.057625 24.058449 0.96608996 48.777367 96.46425 30.825006 79.29747 95.677216 91.294304 58.34659 69.35227 40.300823
279 44.824688 96.0306 48.05349 92.21043 27.964561 51.737247 64.93155 79.83361 69.11552 36.70347 66.968994 39.12385 82.25703
280 98.2146 30.464209 58.986153 22.580957 15.242344 8.014154 91.45913 6.3260794 4.726738 15.444904 37.55408 13.161039 37.88308
281 7.2600126 8.845311 60.645348 68.209915 86.82598 81.88977 74.88843 33.671864 81.27755 87.89276 11.265021 24.303282 63.52285
282 58.360584 18.481987 39.261265 2.5925457 12.480534 10.790044 81.74634 67.05066 71.39858 71.86993 20.36721 37.727165 5.2407446
283 72.88448 47.17419 19.411087 11.525923 42.1765 78.00991 85.441086 28.485458 78.72064 13.873124 73.74249 57.7435 92.13174
284 33.07222 52.492245 0.88751316 73.029785 35.031815 33.266277 60.799675 25.914705 56.243767 69.56903 67.418495 17.274654 27.121157
285 99.70686 19.109743 22.11631 12.079602 81.00314 84.363205 67.95208 52.258224 93.63216 47.475582 34.808712 15.687126 38.453842
286 58.67158 39.147556 9.757626 6.055909 30.259026 7.6339903 58.46516 90.96205 11.475241 90.201645 26.546234 73.16299 45.291252
287 10.375571 45.354454 91.60404 19.287432 51.71151 73.714714 14.163017 42.55441 12.651759 0.21868348 34.432102 23.221375 66.07913
288 52.202225 36.047417 62.55076 55.17136 38.26052 94.47121 86.50356 72.43104 84.45801 88.41938 83.27829 65.41725 74.78725
289 68.24798 23.624855 9.972679 20.896536 46.58594 91.86078 91.674614 38.17571 2.660048 20.66375 48.703747 20.060259 11.745632
290 87.1343 96.99605 81.54646 55.95122 15.632391 81.909256 89.62695 43.375023 32.87081 62.997047 42.442142 56.13965 10.137611
291 30.954206 81.746025 80.811714 97.82362 2.3004413 82.71533 9.453291 39.215397 19.648148 20.66099 68.55103 38.40826 67.99989
292 51.86618 64.159164 34.888763 72.80914 3.1729639 72.91819 2.5863826 78.68777 56.230354 53.62957 80.815315 81.64487 53.22253
293 66.54715 59.398876 48.3938 83.702995 26.570904 70.33235 57.18206 30.715258 61.492012 87.59882 22.206514 29.09444 22.04736
294 48.273487 62.213524 91.68848 91.8163 88.96322 70.40054 88.74879 62.26404 38.122517 72.09541 72.0149 82.14992 27.116753
295 86.56814 44.71635 17.031061 30.386335 65.215775 20.061058 89.9733 31.079746 68.554634 38.556343 40.412025 35.510384 85.068405
296 35.066402 76.282585 44.255947 34.922916 42.75623 92.26764 85.22636 47.604607 77.48138 41.809315 44.20529 44.222908 73.7894
297 35.236877 99.91327 89.89866 5.1006136 64.11268 6.300211 39.51791 54.992825 41.155476 26.369644 69.15087 54.549862 84.631744
298 35.243267 36.420303 29.731697 49.99339 90.33563 24.665768 31.533169 24.179863 42.427574 9.315025 45.72812 99.09978 1.1705339
299 9.680843 95.219185 50.38268 4.250556 7.499856 79.96605 80.87651 92.282555 84.78489 22.243357 81.20599 96.74539 50.647503
300 50.24491 92.95764 80.22394 40.152954 14.0253725 84.98907 65.27344 11.295134 64.23935 16.554886 77.806175 79.938545 67.44882
301 29.293514 54.524834 90.992805 89.83299 95.835846 2.1561503 58.90165 63.422646 38.397633 93.703354 36.293148 91.528854 94.033745
302 77.32589 8.7147 40.441917 42.410233 4.525548 20.94013 66.89958 70.44469 42.88452 29.376709 10.987627 39.74784 75.54306
303 41.415966 34.32561 56.550293 44.86281 49.779243 47.453278 49.113632 25.300974 34.43057 68.67958 9.21067 3.4868658 80.70598
304 11.258596 97.1358 58.973812 26.989006 55.1505 84.20468 23.32914 93.41108 23.908102 73.46781 8.375001 72.348145 33.06132
305 4.351515 35.821037 57.409763 81.97536 86.422455 33.61414 8.474302 31.3186 93.02968 41.51318 62.227814 99.34099 69.106094
306 56.180626 99.539795 55.043423 6.1163306 50.035416 29.594934 19.485384 18.539053 87.86099 85.546745 68.96742 23.202234 99.40042
307 94.93032 78.234795 98.39266 17.65114 70.342445 37.338383 52.394287 73.110855 99.9569 13.0818 99.743034 19.703716 24.09147
308 22.364729 62.099976 23.471552 91.89416 9.049225 33.636017 49.3546 62.695217 13.638491 77.89476 52.574783 68.91756 43.038933
309 24.277514 1.4015973 93.70056 59.511513 72.9058 98.61775 46.436077 38.7047 82.307724 15.062082 85.915085 98.05975 36.102135
310 24.528032 44.22738 72.11099 63.88747 23.415518 28.247023 40.055744 24.463707 8.314204 10.583723 74.78721 63.219322 61.64041
311 92.21387 39.279408 92.20846 90.125015 6.3597083 65.25944 43.645676 67.98441 2.114439 96.53256 43.088966 39.69218 69.176544
312 2.7396858 85.6106 34.15999 47.034912 82.88267 70.2269 69.64796 66.02542 97.37483 18.541653 87.73712 39.66015 34.946465
313 32.035767 35.150455 21.126253 30.305677 8.10247 18.108332 38.287384 70.43431 62.48936 28.315645 75.13608 33.75864 90.28662
314 89.73026 0.49021244 95.71123 29.325438 97.14669 91.66473 56.49072 79.46734 21.599943 29.556442 28.790777 34.731102 92.96756
315 77.543724 93.13067 28.78772 50.30276 8.124322 40.963066 99.638405 77.80931 24.407642 87.30724 88.17031 35.473145 87.367355
316 28.168333 84.965805 3.7637293 10.88534 27.927803 87.74443 11.137665 14.628667 59.26271 80.973015 10.010618 27.061886 45.5685
317 72.6343 34.164505 37.581722 12.482971 39.35393 70.0412 95.86024 81.65957 28.820538 31.921804 18.79499 3.7020683 31.774277
318 61.541706 69.60491 46.99724 69.182014 5.251479 31.003845 30.477697 93.267654 24.46754 74.26841 8.086252 93.84463 99.99407
319 80.44387 4.4309855 49.23575 19.029755 58.7641 39.91464 99.60822 20.553875 23.275465 21.152752 30.755447 94.63213 82.137955
320 61.985146 89.492226 22.372765 98.43043 21.619875 54.47763 33.238445 37.62434 30.77526 25.335163 86.68479 99.136986 32.014465
321 80.60948 36.21586 69.26983 96.270546 73.90284 50.552757 44.930542 29.8737 65.30419 82.39204 84.191895 42.813515 20.104366
322 37.941666 96.133194 73.658325 92.23886 96.87967 1.5278637 25.23312 59.68485 13.46305 73.5857 50.11301 2.243656 35.163708
323 7.742673 80.067345 38.15799 59.427963 7.8417597 39.201885 39.55197 5.0129175 7.2023153 38.664318 72.76152 58.975338 44.084625
324 69.93769 98.57376 19.968897 66.78308 94.04475 79.86276 53.29632 71.70255 42.08322 86.05094 2.481842 53.775043 76.63139
325 31.511211 29.35425 30.759775 18.48892 10.035914 32.20416 57.45151 75.298706 81.72968 86.003525 71.52586 50.740387 69.34137
326 65.518936 66.41437 99.66868 35.654823 21.039867 7.776904 86.82512 44.9413 36.0722 46.18866 17.176264 82.782616 79.46817
327 9.757787 23.687649 88.260544 82.89383 24.527853 14.1508045 79.3438 4.1530905 28.495716 9.827417 60.3719 42.63376 45.50476
328 24.007189 44.228863 34.021484 29.580719 73.50414 0.82708 85.506294 97.70104 37.613316 27.90159 2.1146119 41.57982 50.65025
329 95.17966 70.72687 56.671864 60.99805 24.384869 96.04204 91.92727 13.250357 66.21532 46.541935 7.3502836 13.7865305 22.671848
330 56.767982 11.434054 53.732796 35.486763 22.394175 28.169287 68.09724 35.810177 8.164835 37.485577 63.828365 88.95742 96.33135
331 25.417847 12.108117 3.4264624 29.397446 35.54735 57.3868 33.390457 29.459017 3.7103593 85.096466 36.60279 4.95559 88.7742
332 25.801205 48.576458 21.053177 46.43737 71.48004 62.78649 13.031233 76.31924 81.97646 24.575108 52.89073 58.678616 60.2346
333 32.808994 41.940636 72.36478 44.187122 22.853447 39.421856 94.297775 73.03555 72.10915 56.420815 49.948074 34.70597 15.535032
334 41.59988 48.801506 39.569206 93.90081 70.88322 66.33042 19.744331 37.931625 76.50055 50.03382 51.68175 43.29408 25.086857
335 39.959232 97.03034 36.11095 82.30412 19.889809 59.38159 8.274251 99.196724 2.9981434 45.261818 3.4609497 78.780014 11.971402
336 81.18353 15.961784 49.822403 27.951277 85.705124 78.04335 97.10518 52.47081 88.880905 30.721378 96.38555 82.08334 70.37194
337 15.986013 39.66388 24.555683 92.55425 84.457634 38.044018 59.138252 3.490758 65.24578 70.41766 40.143436 95.47298 98.82942
338 35.4041 74.28446 23.400312 38.78054 29.501146 37.190212 10.519052 4.1343927 48.381382 85.26629 20.526976 26.501226 11.89028
339 25.48344 29.859375 20.259995 81.82467 20.416033 43.768726 91.33147 49.30632 79.41519 17.816198 41.36638 53.896107 52.482594
340 52.393063 66.28477 86.96017 42.326714 53.232533 57.86158 68.704834 56.15812 3.4666479 6.675893 52.30801 63.752937 82.102295
341 56.748547 44.320267 26.734882 25.86953 54.41552 71.68084 38.258945 53.832382 64.56837 20.044851 17.500383 21.106928 39.79383
342 2.466458 52.548717 5.226779 35.933407 42.705406 74.27959 48.416794 80.24108 13.46448 76.1397 25.130177 45.038635 10.725773
343 6.9588366 97.08141 35.260094 64.100716 50.1351 79.641495 7.559085 36.87246 39.876747 22.386574 42.057564 4.379177 38.489014
344 2.905172 45.9857 75.818985 25.643421 23.331976 87.35829 41.76606 6.647855 61.71087 12.72152 51.053436 90.249756 69.98153
345 67.46833 98.64164 83.5647 83.479744 2.1546721 7.1576357 1.2545645 46.252705 50.860107 14.522272 44.82165 96.688354 15.444004
346 8.115328 15.388221 59.978836 85.384636 30.946224 26.958412 70.37855 89.898056 0.060635805 67.08678 86.238785 85.67299 33.73343
347 46.093594 55.124767 68.59715 57.75689 5.2719297 52.233315 95.371155 17.270624 47.538696 21.677422 65.30338 38.099957 72.11749
348 42.397755 43.559402 78.53978 57.34274 65.4741 74.722435 71.069016 44.594036 0.9757161 5.0396385 44.799107 41.569023 95.30757
349 88.82592 28.801674 27.259207 35.93871 30.130655 88.1424 4.593706 52.662544 6.2123957 26.849186 93.06171 82.92177 31.193865
350 82.603745 73.82903 14.580732 63.37968 28.171528 17.853128 70.75516 0.31864643 15.041208 25.012589 17.386173 74.300735 40.060783
351 43.85224 41.207695 85.4288 69.72434 99.56705 1.2008965 37.839813 16.93557 37.482323 14.717049 70.52837 68.36696 53.52314
352 15.903091 61.31522 7.8276873 77.80284 61.16774 89.887344 62.287693 56.11207 48.028217 52.909416 16.386486 23.182613 30.187714
353 55.674587 41.447853 25.371534 25.085545 55.646793 73.355034 55.912197 18.969357 93.87762 46.306705 47.97325 28.860765 31.304096
354 56.72631 97.12935 7.281232 64.30554 42.751457 80.96764 2.497685 53.88776 33.166485 17.731869 69.12169 87.05395 47.800167
355 74.2551 67.49972 39.20718 35.79606 44.878048 78.37592 10.017032 74.34238 84.33115 76.26462 19.59235 38.048923 78.225784
356 61.872993 29.864805 96.87363 72.21644 13.363588 70.94886 31.082958 85.237144 17.399603 22.359879 26.996517 91.470436 24.498278
357 13.11273 63.09488 40.67582 6.512576 46.970566 27.402138 75.801315 95.91725 33.862297 52.895897 11.8510065 52.402096 65.44392
358 86.11246 30.02252 29.045845 31.963509 47.233643 68.21166 21.592903 54.334484 18.955343 12.969971 55.181145 35.269928 51.599747
359 11.57118 44.93086 97.44161 67.560486 76.48206 13.326335 26.168018 27.641403 81.54307 38.087486 15.689844 12.605757 90.65793
360 70.58656 98.55291 16.799057 89.694176 14.725071 29.194551 27.610134 42.347633 99.02086 78.039345 19.421268 75.47266 46.50024
361 49.086422 57.26056 41.19145 35.44243 60.257053 31.36193 57.143784 13.244068 65.12575 16.076565 5.5133343 41.382362 60.84934
362 15.943563 71.7673 3.9418042 29.219496 68.15787 28.987371 49.279285 25.188177 68.17458 59.676105 74.54557 34.661007 66.826706
363 48.2339 27.930307 15.838659 10.237288 50.96634 42.188572 56.244385 4.167801 41.36551 25.336134 81.45015 42.517185 54.185425
364 97.02937 47.362495 44.78554 87.9914 50.296013 12.021041 62.823116 30.704624 42.74004 86.77975 95.53918 12.301707 35.455692
365 2.3786128 57.95176 62.189056 34.5622 29.977535 93.583305 12.591767 83.98428 78.23483 66.37872 83.12864 69.889984 47.80269
366 78.73237 52.949745 39.653725 87.32369 8.612603 55.56918 0.49923658 28.60582 52.984165 55.819 35.81685 21.895039 82.62703
367 8.983731 77.82729 79.1389 19.97897 87.760086 72.628105 18.234562 25.789934 54.65003 13.11804 84.1882 40.237038 74.97555
368 43.82339 73.89885 51.83789 10.950631 32.781857 75.250824 34.208904 20.023758 84.47315 33.999283 81.6974 43.688255 35.980408
369 14.520079 14.4891205 16.636694 39.34567 24.13789 0.33404827 33.809326 16.231316 22.027063 30.985563 75.66935 57.864944 49.49277
370 88.31402 33.854877 91.737885 60.992615 68.402824 81.947235 6.1204076 37.07035 96.39176 64.008484 0.184232 49.276184 44.089638
371 99.14133 48.983204 71.28625 54.191196 28.786718 52.89644 83.26484 16.116661 27.788431 96.10657 61.80594 29.926884 6.2185345
372 10.555225 44.627922 26.392292 0.1877904 24.435366 86.97111 87.11553 72.78558 38.05608 10.069781 71.6908 65.14358 86.82263
373 76.156975 16.356981 79.44645 19.647867 99.545006 16.658194 75.38572 91.44847 30.050463 55.517883 86.74329 67.14087 79.35777
374 37.17783 40.990055 89.95952 29.108656 50.03005 0.290519 33.760803 83.14873 9.919172 53.23199 43.59454 47.35141 46.51941
375 21.870602 54.135056 25.98005 44.459396 15.046204 46.03478 71.16164 57.610523 45.913036 66.93283 64.56132 88.05904 36.628086
376 69.31494 20.911205 83.505226 86.30828 40.84099 0.11571646 19.989342 67.70102 64.85363 87.00004 26.813251 14.309204 16.842472
377 29.46834 92.25016 41.58681 95.50955 21.29041 91.116264 24.698359 0.17434359 24.64527 66.58397 0.4548669 96.542564 69.93805
378 10.875887 24.45028 83.877785 61.60412 43.882584 55.98903 63.456184 94.2662 20.549965 55.79366 62.51231 24.673807 81.40004
379 15.199244 42.921013 2.5981903 34.16052 23.879105 99.39187 84.86344 45.626057 67.21852 59.325947 7.8588667 73.06043 98.1839
380 43.610413 87.40697 54.24115 83.66387 43.97687 33.274384 49.275036 96.33617 54.15988 86.7426 19.26589 32.503273 46.560226
381 11.644781 84.54865 39.216244 77.60356 35.58281 15.333069 43.35904 99.211296 62.433 21.104872 86.99431 43.053024 68.81285
382 61.953014 90.791016 72.37485 85.308754 59.133507 27.188652 83.60694 22.662724 26.708752 81.34156 8.6185875 78.80495 38.14586
383 87.880165 66.94525 94.929565 27.50901 39.98747 45.65703 78.38914 64.59401 91.89401 19.432377 82.984505 36.34355 92.1322
384 43.06671 9.521925 76.52862 51.06057 57.868214 32.87998 64.4267 28.385162 8.520794 68.168594 27.573622 23.593258 0.9358406
385 95.08066 39.18131 21.112978 78.84401 73.75008 67.12533 22.171873 18.43016 10.172915 67.20691 34.1111 48.786522 87.66375
386 91.43703 65.49554 90.51161 41.36522 14.191979 29.73221 56.13789 54.273956 41.129322 11.870516 91.51438 29.67338 22.672039
387 31.421322 25.650072 0.6669283 24.670261 99.82361 83.24886 72.392 31.60128 43.84563 46.210922 26.484167 54.498245 47.782795
388 1.2727737 15.785295 57.897083 67.67054 5.80737 25.79288 92.71456 32.542557 44.2662 8.887541 49.433212 71.52155 37.040184
389 9.221638 16.651356 74.53203 31.43025 86.88547 21.398663 99.784935 32.299805 36.483902 31.124746 6.829959 75.7398 39.76186
390 43.50583 1.6383588 72.18527 26.931726 73.811615 94.421265 31.915527 74.71184 54.222782 64.06623 73.3463 88.92623 82.942665
391 0.36565065 17.140776 99.30006 40.021088 19.60221 2.65072 97.58127 22.383118 66.34965 69.83398 36.409317 32.57187 78.15526
392 23.427551 54.830986 88.17633 86.51918 7.197386 31.738037 44.88926 1.5133917 36.508476 85.79167 52.754646 5.5404844 65.79814
393 29.93607 88.61178 98.98296 53.888065 61.03273 38.275475 64.513084 61.09778 76.42529 88.928635 73.10918 96.04595 85.64121
394 48.919804 51.65925 81.631516 48.53364 41.099293 85.53723 35.32165 62.858784 33.493942 88.64014 41.448742 31.778038 33.081062
395 44.81146 17.205376 22.58966 94.30442 97.89964 50.461285 34.963882 92.47089 40.273327 79.00603 3.2224238 6.0297728 51.612694
396 26.506287 81.22574 2.783978 59.207226 51.079975 88.97832 59.191895 98.615685 65.21556 21.215832 74.033195 27.996456 69.65206
397 34.393036 96.83348 2.1221876 4.1934967 89.35415 45.6396 12.290054 52.232765 52.55862 70.13708 98.07823 66.54081 64.38572
398 45.89602 96.04423 86.73338 4.396492 98.97511 1.6870081 45.421417 1.4480352 31.521797 34.790688 63.60336 2.5024652 86.75921
399 47.933697 96.15509 74.433174 83.28832 44.597332 36.661922 34.998672 5.4608583 50.866814 35.228516 4.636669 39.261406 44.924862
400 32.768612 22.347319 36.30476 5.9434595 6.652647 54.516792 5.897909 20.946575 43.07501 43.225426 24.389643 39.921402 65.25437
401 33.845245 99.05045 8.8864565 19.32264 4.329276 81.370575 33.58182 43.77561 99.61215 31.875456 36.54424 67.4997 83.37203
402 49.340553 3.992349 16.063255 30.755287 84.70611 70.41422 78.14182 44.557167 21.178091 35.070755 42.16833 24.115473 63.143425
403 30.668085 57.659904 11.455261 97.881485 87.88541 82.833115 88.97728 74.93474 35.760014 28.300476 83.480896 51.78918 5.429542
404 0.6299734 14.135915 33.650555 29.525948 45.691975 99.06121 56.089844 50.5319 22.925758 43.638523 27.73698 25.386827 42.402733
405 81.10703 35.6543 80.11744 27.88111 25.179821 77.21253 74.629196 43.534325 48.54201 91.97578 64.207184 28.853666 88.589424
406 37.094204 28.724676 16.09637 41.414917 55.883495 3.847468 74.85978 70.92983 96.57949 19.263088 7.7568235 86.51452 25.698662
407 88.584305 55.15924 29.431343 66.077126 23.31245 2.5341094 25.426256 55.63098 61.1495 94.56274 73.82219 40.370888 16.882133
408 71.09544 37.614178 69.46737 24.701029 52.721996 5.569029 75.51718 44.6539 21.54805 17.38146 87.98383 36.26071 95.44752
409 73.12519 19.518501 50.258743 62.95787 5.4570675 75.015076 78.918274 89.00933 39.490913 92.38127 18.115843 78.30287 33.475773
410 26.745487 94.92153 79.41086 11.222017 19.858051 75.21304 66.16573 12.763399 51.53907 91.948135 57.786602 96.48027 86.99041
411 89.19674 51.193447 87.60835 13.504582 5.6553183 80.35923 43.801033 92.51017 77.75221 82.19894 77.59547 41.996353 13.029647
412 6.801939 62.960423 53.223183 13.493765 33.752396 53.597366 41.37991 43.10971 44.38699 44.656677 28.691286 68.44732 2.207917
413 27.66323 70.645546 24.330341 36.961662 76.677086 10.844231 92.69645 40.333355 88.31439 0.8319557 41.037907 17.577839 0.8040786
414 50.595074 62.875854 6.059289 79.65068 99.72574 45.651764 51.511703 66.92105 74.09876 67.93511 10.33544 5.190998 37.93173
415 87.49799 32.44519 18.610508 74.98506 21.958042 36.68056 35.51604 58.16292 74.5171 58.74083 87.994194 55.713474 6.8121314
416 70.734634 12.550842 0.47750473 79.84835 9.0271 86.64681 31.139076 51.015083 21.969593 72.718994 30.194729 41.71896 56.72115
417 54.1221 0.44466257 45.44419 41.6877 56.220333 72.35006 82.11739 11.6513195 65.961945 39.786102 81.37748 41.534298 30.328041
418 16.803879 87.40555 53.601665 9.016287 67.31397 71.84364 94.97414 30.870937 21.497131 52.32564 27.386183 3.4836888 84.6762
419 83.37145 60.528397 17.961079 7.8511477 87.7832 1.9703686 88.28923 4.672641 61.967117 0.042015314 49.546356 11.937547 32.33838
420 57.192905 89.24877 33.42411 84.51179 77.84864 99.51241 27.798462 87.513664 50.80064 57.92531 87.23463 4.7594843 17.423136
421 85.82758 55.175827 17.826866 35.794876 3.165418 89.26715 91.728935 60.959316 28.619205 42.912632 17.88385 43.497406 37.010765
422 9.21945 77.52131 24.28317 28.0891 1.4178216 50.91642 21.279686 22.011513 80.37809 41.45883 64.60949 37.820614 42.8405
423 5.826628 15.558857 37.925846 52.745186 57.927906 81.872505 10.299164 95.97794 3.0992866 20.449389 82.37145 18.373495 26.423252
424 55.70879 8.362616 34.445953 3.8704813 70.36923 82.202194 75.61241 84.02815 79.6433 8.817524 51.268707 40.99062 40.93472
425 20.214928 82.65833 72.92906 91.62719 72.60177 10.799635 96.096214 36.638325 75.2487 87.61959 98.55111 15.7984495 19.643467
426 9.763175 92.505554 86.08882 32.82054 12.247372 67.51434 24.184502 25.960934 83.211784 60.17896 36.003357 48.14881 9.55059
427 38.848747 99.03801 55.56751 98.320915 56.035526 33.676167 33.74766 11.703957 56.769585 26.595247 50.39016 89.198975 90.59339
428 14.308852 99.73257 33.974964 58.802593 81.26885 27.67974 99.268105 20.202065 64.37224 96.55941 2.8369308 69.162025 65.63439
429 76.28579 14.275253 13.060522 15.080052 97.12637 32.00158 94.02282 56.04298 0.6879747 88.62244 86.766014 31.08967 8.000004
430 78.79615 32.69134 66.2897 34.82094 90.458405 45.313972 98.70563 17.983753 75.12624 6.6675606 82.49031 36.498867 16.853386
431 14.270443 85.14637 76.329605 42.207355 87.2047 41.166317 77.64052 59.38196 84.26403 35.845203 42.600014 66.31395 71.21074
432 19.511366 65.5151 32.56855 24.995333 0.29136539 65.51975 33.986973 15.199399 81.90907 65.87385 12.903463 24.637466 28.57737
433 29.114182 99.45639 87.48655 79.99573 50.101696 74.516594 42.80212 60.603912 51.01245 84.47747 39.941193 34.90834 55.418007
434 49.099766 39.171364 37.803806 30.001175 91.34529 32.33862 39.831646 29.674738 82.297485 54.446266 3.2815218 17.74624 43.54386
435 64.726364 8.554924 30.445135 6.539899 75.438995 20.425123 33.05737 55.302284 86.2021 61.472576 61.865444 1.1706471 11.936033
436 32.332523 46.15208 71.27207 52.11578 84.309616 62.086636 64.72612 49.385906 4.8040686 35.08274 10.605884 95.946655 16.826242
437 99.21286 81.35162 18.515408 44.188805 56.82246 95.90967 66.968956 28.85313 94.24759 23.593838 40.654354 58.031685 81.462616
438 46.85619 60.308617 19.23178 65.83824 97.187874 65.84952 31.25435 9.556657 70.68974 32.106285 29.581928 83.50438 99.961
439 19.774174 23.51213 29.852247 87.418 49.24043 99.29069 23.554213 36.604393 14.99055 54.405167 77.485344 86.17838 70.427635
440 0.71567297 45.03868 3.8175523 62.298225 32.38164 21.167284 21.082872 93.5053 84.31717 41.861874 36.20969 38.702248 0.45627356
441 41.977703 19.786465 32.315285 32.28184 81.56102 82.34558 29.960573 17.277437 66.08325 96.09085 5.8455048 66.173416 11.289024
442 62.4528 67.72126 65.61136 79.03411 29.086464 32.14946 79.24315 97.17684 44.56088 23.935461 81.97203 80.24724 95.65236
443 20.052212 67.25564 64.522514 64.22196 8.533317 30.9107 32.867535 20.574688 42.76452 13.033474 23.148472 4.466385 40.275276
444 5.388707 26.404804 39.111103 59.26504 39.396233 94.78792 47.275543 25.242489 20.693052 97.3768 50.519814 21.67396 82.7678
445 7.5058403 5.608267 82.60554 83.51366 46.645348 77.88828 69.82952 55.447914 85.929695 45.895912 3.1114995 60.08702 51.21482
446 39.53814 67.892334 58.39191 45.45927 14.925188 12.155199 37.72055 92.96902 80.3491 82.04053 78.31534 93.64486 92.15676
447 36.351395 72.54762 17.154902 7.5363398 33.18221 53.037323 52.567352 98.78142 40.200127 43.02299 89.37819 24.731874 84.0998
448 17.19985 42.323364 8.194679 7.7385545 83.45368 41.45831 60.66221 36.554317 46.84724 7.6131225 19.074446 92.99818 54.770683
449 83.69685 44.280624 20.615726 5.823022 26.948303 71.875404 52.637226 20.781553 13.9461155 86.90417 55.848988 59.539093 17.14157
450 12.3075905 4.2937574 37.304718 72.32081 93.72158 51.973488 62.394516 34.509045 31.24554 25.005716 28.870928 74.47862 41.97998
451 95.22702 43.969177 78.61165 39.51843 15.470153 23.0878 6.1019363 31.224352 35.903656 16.090006 24.380434 68.16027 7.9643545
452 36.298378 76.54524 32.15549 52.39809 97.965225 44.11598 19.953495 88.42765 55.824905 10.569644 34.9883 17.577463 9.804744
453 32.121162 36.477726 36.503296 43.874054 3.6682189 25.633854 34.41483 16.69237 11.621201 86.37994 61.26561 96.09006 78.692535
454 98.59487 39.55674 13.948334 86.14451 25.210619 24.908436 23.777407 59.32315 49.15599 95.86073 32.81814 95.6823 24.924839
455 1.8466592 92.974815 19.383568 74.26626 7.9267683 11.046428 51.714455 22.025824 16.48338 45.847404 76.07946 51.452835 98.25994
456 16.742277 54.583836 87.33264 39.32104 50.27416 69.95167 58.17139 75.94009 35.914948 41.720398 77.48241 98.14571 72.04292
457 14.663977 40.189976 14.537126 34.15674 75.861435 88.531494 78.68933 40.725292 5.703068 36.91948 31.499422 81.17236 58.683544
458 95.39889 47.475685 85.088936 48.650787 24.045425 27.355486 83.20174 47.156395 27.399046 28.481579 46.8151 4.8953476 39.382046
459 99.80786 2.8558671 57.44815 99.740204 4.7953787 42.32411 55.48034 16.561026 95.16112 58.483295 64.35673 93.61828 96.631065
460 31.671827 52.2475 62.983906 97.51436 85.90677 43.010624 53.415127 87.85653 70.76543 59.51109 83.40815 84.761734 14.218068
461 53.977722 48.514122 34.620743 68.55656 89.2089 68.60378 99.6828 54.291035 42.93978 29.374672 91.71515 44.405533 97.806725
462 39.70838 94.268005 23.770899 11.735111 92.76135 34.980488 82.47023 44.190533 63.22515 5.9125543 35.520382 18.84123 59.402187
463 41.37094 9.758287 4.3621063 29.049694 15.2255 57.85089 84.26399 58.854492 12.213337 82.39178 0.96146464 14.4779625 16.938894
464 14.339685 6.3191056 10.98569 89.74989 50.668312 33.471024 40.838867 7.765472 28.631538 45.936607 91.23027 22.228819 87.6629
465 88.41369 66.21185 58.041183 35.346222 97.888214 67.663124 78.60785 8.4000225 67.93901 47.63067 87.602585 72.06052 47.73218
466 1.9333124 0.36143064 77.0353 99.8986 49.24149 10.587102 39.30646 8.289761 13.23114 4.9334407 98.02185 82.844124 69.074486
467 48.707615 65.62485 40.11181 14.715648 23.052502 13.895798 75.338 6.4046564 38.040966 42.935966 86.66377 45.207996 60.42842
468 87.10129 60.549103 94.11901 70.48341 3.8369715 96.85166 35.460716 23.273485 26.185114 4.312998 76.07366 17.76427 96.90807
469 65.031296 67.94127 36.643463 27.726252 77.66771 18.115622 83.27212 78.70741 91.78752 11.822426 14.768845 44.52589 33.333767
470 3.260839 14.93662 81.85694 57.539623 40.750973 13.347608 57.868618 9.6886635 76.46102 91.021774 37.46964 5.423874 69.96995
471 5.196619 27.075518 85.49335 72.45856 59.92514 27.140617 49.923443 81.49868 72.709526 13.105303 23.960114 81.41988 74.94057
472 14.822745 63.36056 41.32881 3.244853 24.619442 25.70855 81.354546 15.430462 62.12974 43.635338 50.973255 6.8686366 14.712727
473 56.737854 93.76798 26.966656 61.95757 33.490227 17.209042 49.801956 64.42063 29.75129 99.563095 44.7375 34.7875 44.098465
474 68.48397 11.474234 25.150131 95.00035 85.89656 86.88185 19.631899 33.919643 94.21078 28.259165 56.340714 40.27314 81.51266
475 17.399061 57.306473 7.5347605 34.051426 82.7708 86.94748 8.733803 78.01845 81.89723 7.5603604 28.568005 98.29821 34.023167
476 49.748486 18.026566 27.630722 13.68044 63.568 85.821655 57.58702 60.80752 86.01348 4.390228 54.116676 92.53874 27.384645
477 12.3954 0.43225884 8.317119 94.73143 21.485746 12.966275 14.093124 88.18965 33.83054 20.451588 86.350266 5.379444 95.22182
478 89.276115 93.66101 1.489681 13.214475 61.652798 66.34806 86.125755 73.0702 27.390736 85.34576 1.9264698 68.69996 19.783813
479 64.07404 60.39455 9.194624 45.038765 44.417507 94.93135 62.03854 70.50091 74.918945 93.88079 95.17429 96.51784 99.04042
480 63.19165 95.49684 70.98901 49.61409 31.38811 80.18471 14.423394 26.015018 92.741455 8.919107 60.671883 59.563343 8.273107
481 24.205858 77.48315 44.44245 70.46213 38.71871 68.77898 3.0537426 34.81456 93.15987 23.25012 51.08078 29.875427 86.22612
482 21.78954 46.28105 53.486187 35.836838 48.72384 21.65184 25.334877 44.090145 32.15347 76.42724 98.896706 79.05018 19.410498
483 93.47021 96.06859 46.323902 41.192513 67.95252 48.0712 39.669353 37.899296 26.504385 40.999477 40.10651 83.713936 27.81546
484 34.782875 80.01024 6.723815 12.343449 62.8664 25.595957 39.623135 90.510506 15.804452 26.520084 57.09325 63.53066 55.89249
485 73.77817 38.700188 79.612885 19.233644 30.776484 5.0202312 69.3389 5.0944386 11.771846 88.709526 38.946842 75.45727 76.52622
486 39.438004 48.30105 37.29942 60.028202 4.1405973 63.543762 29.853731 26.82259 43.091263 62.67169 14.033681 16.50911 23.13152
487 28.232569 62.99379 61.276085 96.30144 85.48481 84.66976 9.196907 13.506389 20.005703 98.88462 75.01606 16.148413 26.985424
488 24.566776 80.1835 85.36105 29.229498 64.71239 98.16747 39.177353 33.95144 67.410866 22.10601 47.26079 44.318806 76.573685
489 47.479164 64.43042 72.78516 3.560841 60.840584 65.867645 24.671387 64.84633 40.197002 35.419823 95.24235 56.926113 67.13587
490 14.69351 97.45836 20.135277 84.357376 54.599857 64.27985 71.75248 84.26176 26.679594 35.292805 36.13929 9.383404 91.96215
491 86.74109 37.66314 78.76877 97.43127 23.84941 49.319565 16.198397 70.569626 59.46229 56.400627 57.09807 21.191502 21.183813
492 26.9113 7.0280313 86.16111 85.87008 6.9376945 42.051334 80.01499 43.801105 34.60456 1.6448677 45.40004 61.25482 96.97281
493 70.02459 48.10877 88.44863 23.13087 59.01562 87.906975 56.642204 98.2988 52.429306 17.934286 13.159185 9.027153 1.14398
494 90.90707 53.548717 51.13054 42.86884 2.4196625 56.24634 89.00879 79.35845 42.140152 94.89519 88.20066 65.40777 18.509758
495 67.754486 19.668644 32.37701 6.6223803 20.965593 73.27931 88.666084 11.285633 64.291855 14.629287 60.187107 5.9148254 53.53694
496 70.74728 75.48991 35.013927 95.22583 59.810436 78.11198 74.74585 76.16881 62.949024 98.59482 67.740425 25.895172 24.134201
497 21.390783 59.15043 34.130104 10.275019 88.84745 99.42124 1.7951965 47.775543 42.18252 72.731094 43.55309 5.2703023 74.74551
498 0.08867979 56.61705 22.9757 78.11048 33.21144 56.143753 6.5390587 79.175964 44.177925 66.573524 43.47148 74.2961 60.144703
499 73.140366 50.81236 62.675674 39.894615 33.619385 87.75329 9.288061 26.456177 40.20049 32.26916 41.18808 88.382126 0.9750545
