100
11
0 86.61808 24.044497 34.207325 40.934433 91.89794 98.74857 36.79795 64.237625 19.481838 48.044758 24.972582
1 95.53034 2.8724372 99.29868 72.84722 50.049927 22.599422 39.84173 53.838943 88.94955 81.977806 46.92777
2 84.06203 27.212452 41.239315 69.52408 39.206886 1.6405702 67.735176 5.4026546 61.309494 86.114136 78.48842
3 2.1224856 86.14105 98.34573 20.25209 87.592155 83.29776 9.761399 29.630173 81.24353 72.82678 6.233573
4 46.5252 22.015232 16.828745 18.278503 74.538216 66.23118 48.43337 43.941128 24.873167 94.2744 99.41873
5 82.66041 80.2615 27.21672 91.166565 23.489601 33.459152 96.10446 20.305426 33.501316 3.5744011 50.562782
6 73.04637 52.212746 2.0219147 8.223831 52.67656 53.410614 98.988014 70.97627 78.8255 7.637972 48.22008
7 2.2574484 79.89656 95.44088 31.566597 25.959986 30.467438 44.686054 30.404133 71.70766 1.5741885 14.091152
8 65.86554 23.291868 75.73206 21.606064 47.165817 92.28107 1.505357 30.31187 52.40527 22.865498 9.670854
9 98.73791 40.674896 67.83691 8.841973 77.42608 61.317642 60.49507 11.212283 72.49572 15.598244 39.80388
10 86.27883 90.99487 19.149584 83.18251 93.52223 55.89096 68.30656 25.120127 34.617065 12.393486 89.28099
11 22.863829 86.45296 6.4651546 32.108932 0.582397 11.754173 73.22716 99.011734 8.796644 92.148094 32.677605
12 83.415955 69.94799 25.96683 15.705061 57.0952 7.5200024 80.75021 80.59454 21.016825 34.214806 78.29436
13 82.70293 24.343569 83.71234 22.161097 14.151692 26.066483 35.211933 96.89688 80.484055 96.902534 95.29296
14 81.9341 54.313297 33.91359 57.96532 27.453768 76.911125 36.89093 71.756874 44.631622 35.12601 0.5606234
15 58.259953 17.98436 48.46989 38.32337 76.002335 66.359825 67.96735 26.332272 28.402191 63.91427 30.538862
16 47.58157 16.805155 99.696365 79.21374 7.2386265 26.392687 59.77706 57.077515 67.17288 61.613083 78.85628
17 1.1043012 20.554829 71.55264 37.63254 98.26873 59.112007 97.478386 0.6944299 50.752014 15.298838 53.10292
18 59.099094 17.639614 29.984587 1.7160296 88.02248 28.05491 70.57428 7.277727 67.839226 73.79792 23.599165
19 13.269687 75.721725 99.68566 5.15548 93.26159 2.403611 86.15978 69.10641 40.786926 17.26247 13.388634
20 70.226906 38.570274 15.530437 68.907524 32.56233 4.049939 69.494125 4.4892907 33.849335 30.453474 45.313328
21 12.904864 98.13491 81.67726 76.94947 14.821738 70.51038 1.4790654 36.09239 61.409874 61.500996 29.906786
22 43.41017 43.20579 2.0270586 94.665665 12.489403 82.16445 52.45325 44.78978 48.109715 86.15582 97.10319
23 96.36242 68.69968 85.8023 16.334354 63.270042 36.703747 7.6794863 26.004726 93.53192 46.969265 78.5058
24 74.638535 37.39209 93.01672 97.825035 84.10114 46.174114 44.127876 65.45523 53.967934 70.27665 76.577614
25 41.061928 43.43122 65.33611 3.114128 40.852253 19.504183 72.52121 93.08661 17.63001 64.98663 52.48504
26 17.621082 10.162884 74.25307 83.32818 50.208138 3.6685348 6.0671387 86.97773 2.3067117 90.71319 88.542915
27 1.9323289 39.465046 19.236778 86.846 44.94348 58.45496 27.88462 5.6048512 91.79416 76.51211 97.26422
28 38.194702 95.10278 95.53983 45.893787 28.536016 52.544952 26.696455 11.018592 38.850994 44.877308 52.83605
29 24.505085 31.54409 2.8142273 40.566017 2.8560817 64.17454 3.6030471 2.036494 56.012608 54.094486 80.839386
30 24.866163 2.8189719 11.0196705 88.74107 1.7778039 90.441284 30.42903 49.15233 78.56869 12.071234 33.66468
31 25.686806 18.042099 21.155197 78.897675 84.65689 30.60602 53.21399 24.272507 82.11127 20.594114 97.924706
32 25.642365 46.055992 26.237606 57.19808 98.01763 33.72437 14.929408 79.99176 65.395065 36.8564 22.354221
33 64.85196 97.79927 79.93275 71.65086 57.786644 68.4992 24.07391 68.52985 69.96896 16.371012 15.071255
34 70.75685 78.68712 27.736855 30.28118 70.25987 20.4486 44.75233 13.71957 87.01616 9.574753 1.1415482
35 89.78485 53.577953 24.162436 94.9474 7.0723414 4.4208527 56.930965 47.698845 48.488354 76.12299 77.015915
36 12.281996 11.413193 62.64991 43.829094 71.68515 91.3911 58.73165 42.103184 88.07911 19.450056 6.542766
37 12.416685 88.367386 1.6944945 43.760468 60.902775 6.9295287 80.60139 30.77327 80.34571 98.88393 91.12952
38 21.595818 70.137856 14.473307 77.27968 86.23106 30.096699 15.349978 92.39043 5.1887217 31.225431 71.39345
39 50.80081 42.0587 51.255833 8.578068 71.45336 73.955444 53.164776 67.2334 42.75496 77.85935 87.54265
40 60.2771 0.07837415 53.013676 4.266018 3.6847353 95.50641 14.281166 62.748974 89.19104 26.937956 41.4782
41 63.29577 21.152025 98.947174 77.00096 72.73832 86.36089 99.58443 54.41852 56.417233 34.6866 79.710846
42 29.071194 34.26784 38.5414 18.863398 97.08518 62.728226 65.79145 3.760618 99.66059 75.63367 40.776436
43 52.39975 47.14012 48.251247 5.1343975 3.5969675 83.4103 39.00339 99.23487 94.42738 80.88053 5.905408
44 17.866934 47.287895 83.943695 39.787888 3.631097 35.50331 42.82448 37.29104 8.031344 38.10653 27.509504
45 94.51799 4.9023924 97.54125 24.530458 11.043299 91.44869 70.76784 78.304276 85.42971 68.28763 97.11954
46 88.15202 72.06221 87.515656 73.08828 45.71155 77.324936 84.54972 23.162449 42.98244 56.10197 29.498106
47 30.349463 85.51167 40.26313 12.80672 53.863873 59.123318 85.0035 10.194707 23.728449 62.05738 60.25232
48 97.28425 92.116486 81.415054 79.27972 25.253767 13.864899 56.476913 39.346527 47.274475 68.729385 88.89572
49 26.814001 49.961884 65.96689 77.15758 96.419525 94.68464 48.361492 30.30917 89.10795 86.983 43.814476
50 53.07938 80.373505 46.780605 74.36759 54.561752 9.815335 52.311684 96.60195 68.00937 98.654335 33.07889
51 5.6485534 46.53116 14.225096 24.614513 24.767082 24.134277 45.683334 4.812807 31.116564 73.25976 52.906757
52 69.1688 38.787125 7.3997736 88.178894 82.99652 95.53093 43.318604 47.907566 61.76775 18.379015 63.641685
53 27.329422 66.833084 34.22951 83.00739 45.691513 80.246666 38.62275 84.53558 11.39254 8.0603895 93.67525
54 37.059277 67.43592 1.6945958 54.23423 45.457607 16.533571 28.801548 9.756917 8.6487055 74.35238 41.951252
55 23.545742 33.540813 48.579704 10.583872 26.42781 63.753952 33.37435 0.6490886 9.709364 53.527878 43.854553
56 10.413337 63.535328 38.30533 76.85463 29.845547 18.220598 1.4621079 63.37102 66.13898 84.58926 3.0536413
57 98.84167 27.200699 17.066484 51.82538 81.39876 37.814365 72.736015 60.72248 20.0545 65.69059 38.634693
58 12.422925 66.785675 94.36106 96.35044 72.761986 83.8518 11.006874 80.97676 63.13125 43.401306 95.56137
59 34.42654 38.900333 16.291344 45.078392 10.1011095 9.566986 94.68321 38.255684 36.34294 81.69332 94.80207
60 9.560412 14.678156 50.80075 46.505577 32.59203 10.598385 20.4014 22.041481 6.672674 79.87201 81.431656
61 22.45289 49.27336 72.75716 53.77704 94.18722 46.42729 27.970308 22.654337 16.069395 31.97068 34.113796
62 9.724647 86.212006 9.072775 20.065737 4.391903 65.768715 0.41766763 79.48112 61.298985 50.617474 99.49069
63 25.249672 1.1346102 49.825947 79.17531 65.024895 53.136772 40.65258 6.3165426 41.610794 57.815384 41.23823
64 74.65251 65.21324 30.17043 24.218637 42.716618 96.788055 28.86979 75.22753 88.69145 11.718285 11.351472
65 50.46336 38.037735 64.90978 93.56944 85.77331 0.8740485 96.50204 5.115205 67.49237 69.956985 11.457711
66 3.7842572 61.800343 73.67855 56.338203 20.44717 66.67723 75.293625 17.926395 66.52038 58.51091 34.71293
67 16.665953 87.66572 46.71489 54.305637 44.106102 62.896877 74.83829 68.47448 48.941326 66.41397 48.894375
68 88.07835 57.398678 57.66597 74.11207 6.4324913 87.54648 84.858444 13.951999 21.522951 95.78341 58.947693
69 81.764145 38.703835 59.836433 23.720312 50.44744 25.537687 33.881615 46.5415 41.267162 83.18855 6.047636
70 31.51945 84.7688 41.04472 90.025955 98.99358 47.485996 38.755615 4.5620146 33.29004 83.67525 24.900919
71 46.322216 14.540184 5.2355886 17.916346 72.41495 74.03067 1.7120779 63.090824 53.398705 39.113556 80.07719
72 1.3958454 80.95489 20.280552 7.883358 90.14529 56.87012 85.788536 18.248022 82.11032 12.207043 28.467554
73 88.643486 55.38945 13.499886 54.364323 13.107883 69.28094 82.76306 77.05254 7.569474 6.4088163 61.627052
74 37.217228 86.59932 4.762399 78.913025 50.99857 26.001734 18.032377 72.63086 28.126675 35.956383 3.1372368
75 79.25589 61.72204 53.491886 81.16696 38.03796 34.468185 68.260254 64.72426 89.1687 83.437416 2.0718098
76 79.97697 40.334503 29.983383 8.428258 26.372469 75.28468 87.685326 64.159065 28.18892 14.627277 75.27848
77 19.83611 8.759326 67.52481 61.83837 20.339458 5.71056 33.005013 76.26923 21.011507 90.88473 91.24684
78 4.5074344 10.318488 35.288967 33.78317 46.98161 16.700417 92.550156 2.7204454 1.0255098 68.008934 65.59282
79 73.772415 92.43381 87.09582 73.83455 27.406715 95.564735 30.022913 81.8887 3.2930791 29.76693 95.13176
80 66.92666 42.414562 92.946365 75.76226 48.391693 50.864918 21.357595 78.484055 40.14579 2.0262897 42.83232
81 46.852093 97.40565 57.333557 2.3376524 90.282 56.58098 78.32909 81.7407 23.838013 19.528574 17.652018
82 46.762115 40.52412 30.500853 77.75875 34.206825 8.868241 76.4839 72.6176 31.608236 68.803795 3.5345018
83 98.756325 3.4149766 74.50789 53.54836 42.57182 25.8547 48.189293 59.595947 15.758181 13.755197 90.88313
84 92.08248 10.402578 53.08167 79.96577 72.62277 10.384154 3.0131578 36.029007 94.32995 42.145382 50.348454
85 89.43518 34.42198 21.958424 0.28019547 27.615213 72.4369 80.06187 73.547325 74.0833 41.263763 56.391834
86 67.174484 88.15024 21.55286 55.281414 79.99814 87.16139 27.336699 74.974236 24.59311 70.31467 32.909714
87 44.92334 52.739994 62.09314 20.775295 82.76981 34.968853 24.250603 26.9356 42.07435 17.792517 96.106125
88 63.693733 50.077915 60.8844 84.43465 78.745605 16.077847 45.60071 15.099925 81.50709 29.816454 74.900375
89 90.18784 28.761333 15.298957 20.943827 36.00167 8.794111 78.70446 52.58289 30.926727 19.746595 4.8607407
90 11.780024 27.722763 79.0532 50.7649 40.969788 24.93533 78.20658 37.804634 66.81501 47.319077 63.92597
91 7.9384446 58.094036 98.738846 62.883083 29.709673 24.024338 94.069984 3.810358 84.493256 45.686333 33.085472
92 35.988487 44.01247 17.925299 80.93003 6.257963 49.435703 66.80807 81.09365 73.85629 98.101715 32.085907
93 70.17018 1.147896 34.27104 12.919718 44.297672 22.84634 68.71818 55.17478 58.014084 32.352108 32.232964
94 60.768436 13.1255865 23.62774 9.272951 63.797146 21.687698 34.454872 29.495256 98.4828 39.76894 72.37294
95 91.40414 73.428635 61.539425 90.06159 98.89849 22.391356 13.45467 60.931396 48.423653 69.9499 80.75063
96 88.33001 72.368965 91.3356 50.805443 39.711426 29.263508 58.601536 45.645184 8.579254 9.476984 13.626968
97 97.275215 76.784134 68.112206 44.620193 60.719543 34.180103 96.47572 33.301258 59.572918 44.633232 37.139725
98 90.38302 74.25353 61.4023 42.68179 76.95278 53.537548 52.01005 77.54086 77.57929 2.7249515 5.4924726
99 89.20285 20.184618 57.1042 52.51276 97.584305 39.74423 25.239628 21.978933 8.787483 33.59 3.800863
