500
19
0 23.201048 83.31273 36.23793 44.524914 34.107788 57.791203 92.80792 55.806667 76.784645 81.34018 28.323954 83.47069 21.135283 67.46632 50.77414 35.25114 33.11684 95.16862 35.80495
1 57.374626 36.837875 6.565839 6.4186573 97.91976 39.285393 45.347275 91.4128 99.298134 49.44956 12.749582 75.20336 81.572586 31.828392 64.47536 42.48321 70.17502 42.97936 41.784977
2 64.44955 79.74675 46.145542 28.476841 25.826014 24.772476 90.541985 22.251713 93.15825 48.44963 81.47408 62.726505 22.239363 56.425648 78.21909 41.87417 76.19876 0.80688596 6.9913983
3 47.737415 13.754076 72.91697 5.1014004 34.771748 30.180328 47.944664 53.688534 39.06131 20.308144 49.719246 64.55607 42.92116 44.74796 14.795643 61.365795 59.119755 36.78941 78.79384
4 6.783408 32.25375 90.09384 58.053608 40.433704 14.875394 26.24792 81.23339 93.371704 54.064507 99.15196 40.16142 64.15946 44.569008 50.56747 80.26068 80.82807 55.788845 71.24389
5 68.002495 28.581345 99.189476 35.999454 37.443214 11.958283 61.706604 92.86988 87.8759 4.5202255 19.910204 77.700134 39.455772 51.487495 63.761963 60.890015 39.370476 58.94968 81.41684
6 84.77591 85.32057 75.45888 85.44182 23.51576 9.913564 41.44302 32.86777 55.3294 64.77763 12.7162695 7.5339675 25.33353 99.05481 15.497625 83.170006 49.612312 37.285458 41.17168
7 73.59038 54.007023 96.95615 64.24409 45.319645 98.62964 18.124687 61.57805 25.0499 38.356544 5.093622 15.379596 75.747475 45.40258 53.17532 7.172018 51.228477 40.18867 78.83751
8 11.122155 18.926668 66.5864 17.160505 98.82124 77.763794 15.5508995 51.361805 95.56401 94.94091 63.25217 1.4976561 22.205084 58.605515 95.01145 6.2446117 4.0100574 48.27779 41.380005
9 67.37032 86.077126 81.270775 47.115124 2.1560192 16.718662 9.803539 24.974579 27.231842 18.8026 42.838764 44.34216 17.190266 82.919655 10.69181 57.70191 83.67449 74.13323 5.0370874
10 46.69753 72.68406 30.066061 27.02037 52.559746 98.44556 46.576405 90.77636 54.48407 16.773176 47.98335 26.816236 43.332195 86.36433 41.7355 41.618652 58.86358 96.47452 77.91185
11 37.520874 76.44249 28.991581 7.6422396 15.919065 36.485744 23.741037 42.3952 51.163883 57.306026 81.1262 9.37196 70.758736 92.76565 45.722145 23.549467 36.97462 31.399149 99.550514
12 21.126741 37.291527 57.316273 62.372143 34.45491 36.72782 36.997448 57.919373 17.49131 68.75541 74.59329 95.58471 31.24414 76.810715 13.900507 24.285078 68.71083 13.153625 12.985134
13 3.1913042 81.91762 42.81534 90.4485 68.473145 83.609406 38.48945 36.38218 48.44681 41.99936 27.401447 99.74912 35.371613 98.16259 17.442507 43.684685 81.035576 86.85281 80.241516
14 95.271805 67.16908 77.7568 60.50319 83.75975 59.16645 15.808928 60.050964 45.829243 82.67442 86.812805 71.83598 96.03357 43.985462 74.21533 13.0230665 90.4548 25.073856 80.72053
15 90.52109 10.20583 27.319813 36.09775 79.42938 24.797367 70.8285 91.92619 71.32788 62.499023 11.677277 52.3317 60.712994 72.393715 51.88835 14.533144 53.802536 50.40619 47.460014
16 97.0545 63.093197 66.54163 80.996376 39.92156 66.20599 53.076267 46.51214 38.504852 70.51679 31.485344 85.57864 59.66224 11.717582 90.277306 33.40537 19.559128 89.73242 5.2380743
17 49.56471 31.393963 88.323204 79.30313 66.27742 57.940395 53.33078 90.604866 34.45449 98.35351 0.93616843 76.240364 57.57283 66.40868 62.785202 55.832005 1.0460556 63.89196 34.552498
18 55.687965 51.696102 49.197506 2.843082 31.79778 81.46096 48.580475 70.62152 91.32265 71.37222 52.544117 61.06045 68.7725 57.45176 99.40312 45.31642 48.629063 27.419758 34.36765
19 41.838097 22.514015 85.448845 78.054115 68.01834 90.66448 97.67688 70.98163 73.00921 36.82823 71.40128 28.500986 41.0816 27.90361 19.980795 37.184174 64.8449 77.71248 39.189392
20 12.745315 47.826344 14.009738 11.386347 80.15134 96.28526 52.812706 55.2338 8.106386 4.7090173 0.80437064 21.219486 57.26597 71.270256 19.164032 68.89914 79.373505 5.7498636 17.75822
21 49.09671 23.346657 9.23574 42.047047 3.3875704 74.816536 22.550583 34.002197 10.701531 33.69823 8.156908 18.281101 85.0403 46.314354 61.614124 94.157845 13.894272 75.98732 45.962208
22 18.38845 30.31283 60.754787 22.182709 93.21247 15.641707 56.153595 66.70772 33.80204 19.162428 52.379906 42.43873 70.21489 66.28808 41.39928 31.593025 37.65246 71.18368 63.894295
23 69.66745 55.743675 11.849255 6.75658 1.7162979 80.6583 6.551039 37.92408 40.859077 3.900379 17.297035 40.8146 59.407433 47.257126 17.674679 49.808662 14.231825 76.00613 94.21058
24 40.894634 68.04477 91.35268 99.448616 17.726738 49.286346 20.230711 64.7072 68.29436 16.452116 55.917282 86.06784 86.802765 93.256065 9.059042 70.22499 40.178818 93.289276 56.17656
25 20.613861 60.109478 95.196556 54.800713 38.51477 6.2779007 89.29081 72.2169 39.95548 41.376728 35.461243 22.27409 55.109 95.757256 30.773842 53.5945 91.98465 61.73621 27.939463
26 97.347206 46.57064 22.461313 6.5275908 85.88785 14.804649 85.97642 25.186985 50.1935 71.98487 5.1845193 62.01322 7.124126 98.2104 32.55167 32.457798 52.92118 36.441868 93.70846
27 99.74445 90.62296 16.648842 95.9833 15.649998 72.660866 85.669 91.05004 42.78541 30.03949 69.81938 30.311054 70.30761 63.246773 14.505857 27.697552 89.49387 72.25177 92.17244
28 37.89699 4.0738106 21.302795 23.575806 74.568665 11.954361 44.226105 95.78677 9.153742 73.3702 55.845142 88.29285 78.00647 27.98686 11.106836 92.45364 75.663605 6.5805435 44.43954
29 62.2527 62.3365 7.1835637 84.51568 0.2689004 71.67444 40.64631 13.50131 23.092287 73.33994 55.117218 72.40888 77.631454 47.10285 95.73526 85.502655 83.06178 29.455173 56.681175
30 24.828678 43.26936 38.944668 13.523298 81.65222 28.838772 6.6016617 49.462658 83.49892 34.7624 87.387276 88.633545 55.037857 25.523926 7.2276297 41.11718 87.45296 30.002695 77.93792
31 29.905754 56.274002 18.293137 54.514503 80.90326 21.745283 6.1325192 1.5265346 98.42284 1.3713181 91.84078 8.628565 44.85338 21.786404 38.72116 50.811375 82.60031 19.846647 2.5343418
32 23.491991 96.49805 61.954044 50.290333 12.809938 87.14838 10.01727 81.11045 49.752663 40.626705 63.87192 1.7702818 75.497574 32.34523 17.974228 14.777774 42.464085 96.26024 57.110508
33 83.06639 39.160408 82.81408 86.90527 56.75231 50.443745 76.82654 13.052678 99.63879 12.058902 50.875347 94.238716 78.5356 48.36045 80.47179 51.280273 70.84499 74.352875 48.54924
34 5.5052223 75.656815 22.307926 61.50663 87.07592 52.768528 14.258242 94.41311 25.865602 61.13474 34.954308 75.17784 48.497814 73.353745 76.050415 16.771513 22.928053 32.5756 77.31395
35 62.272305 41.973335 20.890087 10.798735 32.976204 27.779394 78.60823 60.770042 67.50183 86.4707 58.23655 87.61094 26.236862 95.08055 98.26787 15.183794 66.18349 68.04619 44.64959
36 5.6859074 85.89249 17.627132 42.975365 36.757572 7.4216366 88.927635 34.675716 45.617996 24.867147 45.952137 54.918365 72.776726 68.81427 98.28332 89.29241 12.165213 38.912827 59.348045
37 67.92653 39.436825 57.64764 95.43846 78.3287 50.088425 26.245844 71.11192 57.342823 43.669827 86.60956 90.54011 75.16946 59.688164 43.31243 27.867485 73.92806 20.215153 98.24318
38 92.53411 44.84518 99.310135 32.67268 80.494064 73.496254 1.1381865 11.679482 69.80655 4.831457 38.360096 22.37137 62.493248 58.762997 6.5811157 17.62805 94.95486 94.23017 16.263235
39 62.667656 10.549545 82.799995 82.73795 53.172176 41.8926 21.477158 70.32284 35.62485 1.5924037 24.523193 15.877497 46.605713 50.854748 73.31855 18.57745 45.815235 60.8426 35.802853
40 19.695198 34.365536 14.858842 58.520782 22.525238 76.27389 16.126793 77.0685 27.356838 17.05479 69.79056 28.626919 8.979058 72.8392 35.169827 3.6921859 19.303871 39.618637 89.52065
41 65.044556 0.3347814 2.147019 84.62525 38.968586 83.22258 51.9255 97.32323 46.848232 88.180504 13.798827 92.28007 71.17041 33.53588 30.32332 5.353999 16.90191 86.44341 25.603659
42 77.17077 41.943104 14.358913 18.181633 85.06 45.254864 17.165703 42.297085 36.27333 51.21265 72.06649 73.99675 53.130943 48.236805 14.520663 12.769705 40.980644 89.81568 11.452448
43 99.328766 29.965342 59.275764 80.824234 28.591352 1.7567396 25.221079 42.91809 55.655384 90.61302 63.1851 92.06721 67.49612 5.1577806 7.9975486 87.208885 69.169174 81.76883 99.51331
44 29.887564 89.49741 13.835716 37.09168 28.925545 65.61106 22.630627 12.523354 11.922008 0.43091178 47.191257 20.516283 0.36780238 73.42432 42.298023 75.46549 3.1203866 7.977259 28.018463
45 94.70887 33.226128 82.82992 31.876446 45.030724 16.876114 8.59543 88.78429 20.605314 37.21859 50.86522 5.5645585 8.218998 56.720203 60.301323 80.111916 57.383865 51.977318 97.994576
46 71.74121 68.329704 6.8463087 15.855265 13.5877075 25.869947 71.32081 50.591705 12.43152 79.37893 52.878277 13.675862 1.1872947 12.75217 57.505478 45.410378 57.519756 78.971214 3.061688
47 49.67668 24.417091 34.045303 47.131973 27.100801 18.690258 88.5007 84.45509 82.22602 77.69334 71.64595 0.08851886 37.89624 17.315584 46.529667 8.716279 54.55901 82.53162 20.362013
48 58.245945 19.785118 0.37471056 16.289711 37.723476 54.22522 61.79536 34.456932 61.575787 23.800718 88.97202 61.47374 30.540878 67.5337 96.5529 42.535175 15.945053 48.501823 45.141453
49 15.834552 20.132404 28.461546 62.018288 7.5052977 19.04822 10.283989 74.35815 81.57832 50.747185 6.1206636 53.60175 44.392216 28.76904 81.85276 3.543502 79.13918 5.044752 22.631687
50 69.27176 72.93045 1.721859 22.006273 87.33755 36.643433 63.797413 44.1325 10.231102 74.15531 38.80399 59.816353 99.02608 51.21993 70.402 41.653107 98.33543 40.619 49.29798
51 89.36341 56.74808 76.285576 17.452389 75.71725 85.73328 58.393963 85.39437 77.37201 20.472395 89.03265 33.26909 18.785072 49.882626 35.685806 4.96282 85.41021 70.72074 70.56726
52 22.551418 93.03032 25.399536 97.663376 91.98127 60.757492 46.127617 87.495995 7.2125196 67.449066 23.120434 0.02361536 1.2400866 55.612057 73.66575 98.23032 20.97692 27.92617 26.310223
53 74.844215 96.76996 93.00007 72.72915 19.876158 34.464836 6.639421 34.124355 11.436886 21.899426 9.565669 52.254044 82.298515 26.257032 33.06037 43.233524 92.1995 72.930016 70.36191
54 48.67131 64.79883 69.82859 47.814526 19.945728 48.875523 48.12388 68.829346 71.722206 57.815277 76.25925 2.7927399 17.210983 78.16402 9.030926 96.34036 35.03259 17.154015 18.272966
55 56.159443 33.56989 57.28405 22.13949 90.00352 48.829033 81.48195 62.428265 59.2821 94.40794 29.882156 45.416485 44.863964 43.29354 5.159235 53.176136 24.110525 59.80337 90.58191
56 86.51024 7.2021484 72.79183 17.96242 25.021149 54.1633 27.806961 82.5096 87.22102 49.324417 23.573517 60.84686 67.1665 20.032524 7.168144 36.290447 82.30137 63.05567 10.530597
57 62.619526 28.7929 61.197166 79.322426 21.294558 39.73058 99.085526 2.2142887 16.24111 32.515896 99.93897 55.881046 50.322353 14.314217 22.385948 57.54812 85.44903 58.585667 60.28396
58 64.914375 77.45418 36.792236 50.1095 92.538765 22.49037 73.03801 95.1464 66.99659 55.448933 16.595709 87.69411 20.774286 5.9767485 99.27455 38.23099 10.279751 73.86176 57.97458
59 81.341324 27.612782 14.220494 74.444954 13.753015 82.79119 81.9611 76.425705 60.601635 44.70254 33.884377 89.523285 56.664997 9.699154 11.560327 55.182587 53.491814 88.838356 66.37462
60 85.11529 18.832445 73.466965 54.039566 99.985146 18.385506 17.14676 35.129738 63.80285 62.479954 5.617261 13.118344 34.429943 51.859974 29.206192 15.805233 84.22649 71.233215 10.2532625
61 50.34987 27.908337 99.74795 15.946579 8.327037 22.126133 41.210865 31.534975 63.842983 63.471977 19.835312 15.035844 44.884026 19.205105 49.874573 69.984024 92.37786 33.92229 18.961435
62 82.94936 81.15276 91.95177 38.724224 85.7915 16.866768 1.0022879 14.7206545 35.03152 49.395226 39.447594 87.429245 1.2290776 39.021366 64.77645 52.529533 36.596878 61.542828 71.71034
63 1.6157925 28.814411 53.1231 68.11623 42.51619 50.48168 37.97796 78.265114 84.28379 7.0575356 90.9535 4.6657443 67.50425 59.44484 3.446579 70.406 11.706185 21.415901 12.226295
64 7.7444077 53.305332 85.43057 35.383354 60.00524 88.66721 24.511368 33.27338 72.3502 85.60057 21.943474 71.90336 82.74659 15.025073 46.713234 35.27188 2.7591884 3.8829446 80.649796
65 86.81194 34.30388 55.83834 5.8673263 69.9598 84.17424 2.2485793 28.807146 17.207205 64.25557 70.6745 83.25166 85.57258 48.457516 19.266695 60.238068 85.59701 64.42037 24.222702
66 31.765343 28.643513 41.188747 4.724145 99.30124 92.92523 95.81867 69.96194 21.907795 38.34573 0.123006105 9.732067 84.67726 71.49951 21.609026 71.389496 11.281461 39.213745 23.578983
67 58.49843 17.774422 77.53551 52.1185 1.1938155 44.15168 55.367844 41.370552 25.011658 89.17289 71.880226 62.480103 37.759285 49.0235 14.7745495 0.60165524 55.947132 15.76435 84.44983
68 13.410253 60.520023 4.2455792 85.61169 43.97651 52.299427 31.107103 83.01466 91.3035 30.932976 84.32756 88.46665 89.234024 46.559925 72.00505 70.187256 85.091576 34.22008 82.95768
69 57.881744 14.8976145 89.70051 95.43242 13.816476 34.208073 48.53282 32.633453 84.67041 19.738365 92.79076 41.663963 75.46377 14.519751 2.8215706 5.3688407 56.4636 51.18172 51.76718
70 31.83419 39.234943 77.22998 82.44597 84.11725 28.105467 91.34482 20.689684 51.136894 58.963913 19.529337 42.441486 40.350414 95.802795 48.47355 88.76167 22.490036 35.59208 45.16289
71 92.36125 39.65897 19.342793 26.255756 59.45677 19.728952 8.559937 68.10333 23.741108 24.291409 35.228912 33.81849 26.28637 4.2543173 95.12518 23.16342 61.489803 89.22371 30.244678
72 55.174862 89.05879 94.54958 39.744003 73.651085 33.88502 76.653 99.74044 18.467648 56.92212 94.09576 42.000206 48.06474 72.36011 62.734077 97.848366 92.56392 40.049255 9.949833
73 16.039223 95.346 71.89489 99.92857 97.86602 91.38724 40.51515 91.61637 97.06182 21.351654 65.57823 8.512365 20.208878 84.83055 14.732438 7.83 51.155067 57.97611 92.78868
74 81.587425 52.617764 99.17544 94.75337 57.479893 63.585556 20.750069 69.4436 79.37031 82.71668 39.649986 23.81205 80.145744 77.65276 30.76086 0.8958638 40.580154 86.55227 83.08986
75 82.672585 91.57762 31.29788 12.384206 13.311338 31.424719 68.40591 69.62401 57.665127 19.940842 91.88634 29.586935 17.739279 85.984085 26.954824 68.88868 28.733175 59.76001 20.929628
76 90.45445 62.59134 65.717094 30.768585 8.48012 36.381805 92.23463 9.984928 32.116497 74.8743 80.366585 22.16264 30.18872 20.108133 42.962116 16.56856 96.38918 38.275093 67.715256
77 32.590664 83.01419 7.7115655 61.092342 94.64196 20.22081 7.075876 25.44458 85.04257 71.043396 74.82274 7.55083 58.076607 94.42353 8.880663 24.775255 79.32537 48.9796 87.05664
78 34.20645 37.47686 89.19246 46.264084 12.618298 4.6389875 98.44381 83.386734 20.722288 90.83743 5.5582943 67.70648 26.641542 0.519526 24.126022 58.653133 11.317068 6.734866 88.189224
79 41.55887 5.9574723 92.00746 80.44608 55.559624 59.777386 95.09993 26.852114 33.284657 79.063644 57.808502 76.591064 82.08049 47.799637 95.09065 81.36285 55.854546 50.21802 51.249905
80 10.627974 28.889502 89.10359 42.18331 88.0 35.92432 85.607376 82.99538 51.847694 73.24001 69.747925 27.321274 44.12561 14.30468 21.467335 91.76665 24.57803 20.666319 3.6912441
81 49.80939 22.15138 78.23572 77.738846 74.729965 46.410847 53.942966 1.8805683 12.614173 34.00811 5.108011 62.896408 22.741276 39.1203 29.930042 63.012302 33.827694 52.920776 82.52565
82 98.25915 7.3033037 61.50607 89.248924 94.599174 51.275803 0.56113005 57.98605 73.39679 95.87376 9.97777 21.17433 64.08987 78.59897 24.544222 62.954796 68.16814 30.073261 94.903496
83 56.694977 61.526215 30.606497 23.754871 50.7429 41.480625 87.37739 28.577656 46.386456 27.58643 73.30286 27.134544 85.34776 92.035225 61.036854 54.120235 16.556484 63.8507 69.70724
84 95.32862 19.298018 42.121758 35.255413 3.7016451 87.06397 95.7391 86.43519 93.9887 2.546221 81.95541 3.0649781 99.194305 77.27986 2.809924 97.98395 82.54395 71.58249 39.096172
85 72.87271 98.68429 22.84888 65.96981 75.760605 72.90017 78.195915 5.168569 36.314995 48.233177 75.228195 6.6352787 77.11488 38.794655 30.689453 60.399788 24.838287 19.862514 58.41977
86 8.9987755 55.98618 98.42965 36.85819 85.42032 65.33707 3.9401233 12.880188 23.290295 1.2468159 50.52646 57.669304 39.321774 56.214256 76.97961 65.28273 45.28921 71.421555 17.087114
87 3.336531 13.142371 24.389612 84.321526 24.623077 55.32908 35.185577 34.919704 29.360277 38.751537 91.06676 61.246555 20.101463 78.65147 45.891304 42.37836 19.108873 44.530582 69.479675
88 65.77813 64.28022 98.2032 75.346634 27.788055 71.6451 1.2974203 41.37463 11.764055 46.20748 10.8347 7.165134 41.669212 48.756195 94.598915 10.643726 71.78353 33.513885 68.345215
89 43.231285 26.146454 73.52426 92.795364 12.311297 66.008224 89.930664 85.934296 8.171463 81.82045 14.2781315 54.287277 62.984627 65.352875 95.24393 32.356922 46.194122 74.90131 32.396526
90 31.785519 74.91564 15.083122 88.3912 38.443012 92.26018 85.546585 20.186138 86.701485 19.980257 28.505056 41.222973 73.63046 65.26738 12.116236 5.937463 22.535044 22.167374 9.443319
91 10.393131 43.774014 74.77998 75.45178 57.264866 82.5634 77.57954 36.921345 7.908678 57.73044 54.80777 12.306208 70.96635 34.185165 49.48257 85.789474 77.06055 95.08412 38.236134
92 7.695651 97.8924 79.94943 62.60144 63.003765 59.773796 82.8651 63.73149 92.21357 14.692325 93.60062 25.645048 10.840196 93.85665 55.225014 63.294125 22.242594 20.809973 78.39547
93 43.95254 65.536194 84.19455 26.774788 13.102984 68.51874 8.730322 84.49959 45.189064 62.68322 50.626575 57.650917 42.8949 61.647266 28.231663 2.4463832 30.178886 49.1514 67.05804
94 26.365799 89.843025 81.93888 41.277336 70.44235 78.249176 95.409065 71.30456 55.11061 51.747288 35.3297 43.18497 94.72827 81.86764 1.8071115 43.22924 51.417606 41.321926 27.167679
95 7.839763 84.25663 58.892643 57.730286 19.925964 39.952003 68.46329 31.293005 99.97259 43.621517 92.41425 43.47422 41.018303 58.69181 80.603264 53.109253 85.90237 51.477856 77.950226
96 61.289448 94.58491 84.86741 72.60174 2.2368073 65.64621 75.61276 15.670705 44.240295 64.78863 37.77076 37.10394 22.85943 43.92959 40.38245 71.36083 19.358932 65.97806 77.9076
97 63.886135 78.01958 55.38291 67.40404 43.990517 95.03151 84.846535 84.95408 12.43611 47.8874 60.08961 56.19227 20.04574 1.6357422 42.175217 50.592773 75.86205 81.42299 29.65473
98 57.85703 65.18606 39.156044 28.752953 66.541115 26.196598 35.87102 51.09213 22.028273 2.3279488 75.83438 66.25739 22.94861 81.259995 49.171345 86.08209 64.85072 51.913906 97.87225
99 93.19796 57.8276 61.46948 16.638708 36.530132 14.191633 64.912384 31.780941 78.46286 14.295441 11.329108 85.159294 83.86172 37.13047 62.00373 48.184483 20.578598 69.144424 44.8074
100 35.67124 89.1165 44.350327 3.4424603 8.711582 99.48195 93.61879 36.407494 97.84094 63.659573 96.22662 53.246456 36.069935 9.42074 95.266884 20.45729 29.616415 46.206074 6.2093616
101 68.64868 71.478424 16.541122 68.34926 79.99475 98.73342 50.859608 48.520977 41.15728 33.339447 52.785553 49.52234 3.5960853 23.26985 82.9936 29.242832 39.105003 6.366086 78.91697
102 35.380047 63.592285 63.988094 55.05873 72.53886 53.229153 71.33547 23.80119 68.92453 22.342087 12.474907 72.77849 7.0658026 26.608318 32.221912 34.520798 43.15005 4.5771003 85.98257
103 3.6988318 11.545372 58.19233 9.670406 52.460415 1.6625822 83.307556 22.394974 84.68672 93.024216 5.1970425 47.603065 64.19439 38.620853 14.374656 66.88649 72.726364 26.52356 73.79574
104 23.2082 62.82464 13.272923 20.458263 55.611168 94.240746 80.58099 79.82408 59.643566 95.357506 97.97558 69.19641 31.154419 2.1701276 89.61288 81.62562 15.492619 64.775116 72.82217
105 12.045449 69.4986 7.1678457 11.076349 35.700108 65.344444 1.6479492 64.867805 50.607716 58.8988 9.52791 23.085945 2.4771512 91.82509 19.451921 5.429077 75.37598 47.334335 21.837652
106 76.4405 34.322475 80.99013 20.194548 45.048683 78.19163 67.0962 38.852562 13.941759 10.794753 50.195335 22.521204 22.453833 74.186295 52.59017 80.71949 9.436959 47.2057 40.394146
107 43.163914 31.200302 81.57428 90.579865 8.428192 59.193497 91.696526 73.268 74.411514 65.68257 98.38563 80.86336 86.25008 79.014366 43.32887 7.6773047 65.22145 56.803505 84.07752
108 39.77189 44.927067 21.929043 69.09859 29.62815 31.659746 26.83552 0.9343624 48.89835 81.50223 33.34519 71.31579 75.281494 93.54736 2.8683066 95.26429 37.107914 16.937828 3.2222927
109 58.454895 17.489117 58.50726 28.726637 1.6229391 85.15282 21.04531 58.129234 2.363366 42.92217 52.04812 6.354851 34.642494 59.1076 5.7557163 59.97345 22.628159 9.065479 22.886932
110 79.40305 92.517075 11.360878 82.38783 42.740227 24.933964 98.18271 36.404194 44.11332 33.79294 36.044014 76.32531 23.756409 34.407486 78.81451 5.941701 35.592365 4.8347893 29.546856
111 93.39302 71.79353 7.227236 44.453747 1.5945673 91.170654 89.18695 86.16498 36.22656 0.7513225 74.18835 23.749166 19.215197 36.78588 22.02106 53.942562 76.05797 84.713104 68.44718
112 46.92055 88.53867 77.19239 62.959354 86.41956 95.594604 57.840515 16.330606 9.025735 48.65513 96.28604 48.785503 52.261246 32.046783 70.87586 24.87998 92.30171 21.496368 89.947624
113 53.90235 6.6428304 65.864075 24.945826 82.71006 97.00922 69.57006 60.545982 70.86886 85.78141 20.368671 92.91158 1.7981827 83.04207 32.86665 99.60531 85.945984 59.151955 60.228477
114 68.68556 66.97923 43.019688 1.6801476 73.12957 65.303894 62.69355 2.591294 55.736423 27.207052 11.66321 97.02563 2.6899576 86.39084 40.706837 83.7053 17.429144 58.0531 65.96264
115 98.402534 4.619855 45.936226 44.16288 55.980267 63.898216 48.44846 85.97449 79.84442 9.5248995 51.158512 68.78835 25.697422 42.827576 16.335154 27.04649 89.51194 34.804108 53.970886
116 67.56142 79.95518 34.811657 37.67817 0.8478105 35.527657 23.991203 19.325554 39.147358 92.941536 27.897877 81.19968 74.79042 21.31719 98.46369 28.310043 76.322205 46.253033 60.4615
117 77.23194 77.25923 7.413125 89.43043 4.206485 56.577568 45.734127 76.7396 13.245744 39.52554 63.494133 31.096703 15.447718 70.869064 68.189445 35.15191 40.896267 14.300555 14.373237
118 99.51924 53.251503 15.865433 25.325686 45.961548 99.83848 85.59264 76.71581 75.90164 3.686905 20.074923 89.40848 91.880104 12.099213 24.864017 29.458899 97.94417 34.024517 34.870125
119 85.37372 2.8967917 77.45342 54.439648 60.220253 38.350178 91.444885 97.701775 17.511547 14.912331 5.037075 50.703186 82.426506 15.704417 68.527115 66.68684 65.34526 40.68421 49.339413
120 56.821716 23.456717 99.67717 24.412298 33.275497 52.956177 21.140385 79.75244 77.57318 42.78853 19.87108 63.13412 42.84637 68.75948 5.2945557 2.015698 97.30738 50.950886 25.616043
121 61.33157 91.8486 88.61507 27.79681 67.17931 96.153435 65.02849 72.63074 6.4063606 24.50431 34.16096 14.579225 49.118965 39.293682 54.52969 31.70762 53.1604 22.104042 80.38629
122 49.1068 45.17087 79.455986 2.6208103 24.441582 32.0462 63.57277 11.714321 74.4199 56.115788 43.73343 32.04639 91.51062 45.385807 37.253197 14.245045 89.45507 31.525534 72.4225
123 22.49624 90.13027 69.261566 0.7479012 83.310875 22.057098 24.396187 39.777763 76.74651 99.041824 38.254524 18.181198 20.127726 25.645649 85.02695 14.4131775 76.59349 81.75751 27.804089
124 52.386295 89.07776 51.675858 38.263958 10.537159 6.4152718 21.774197 64.68521 53.292686 8.038914 95.83292 30.513525 40.29059 12.137622 97.080605 89.946815 63.18339 48.18037 2.3265302
125 3.3392966 2.1639109 6.4471483 5.520874 70.62818 54.511124 26.771843 37.701817 48.99311 30.801613 27.285892 87.4411 6.667346 26.606972 86.80861 13.2590475 29.88944 89.4593 5.978161
126 17.533392 7.638341 13.8847885 70.63308 43.475544 98.81846 7.960635 3.7816763 53.905476 20.30192 0.038933754 11.2375555 76.748505 39.602905 56.20855 31.22155 39.142025 72.42676 90.25262
127 84.56188 24.328686 58.93915 96.13701 73.25705 45.487255 60.93601 66.57848 88.85328 43.490387 99.322945 73.44669 5.1474333 44.266598 53.156727 40.42294 43.035084 1.7840385 10.24552
128 94.55011 98.82467 58.27849 88.79716 20.45973 25.034355 60.643543 10.255873 83.85845 87.64708 25.125694 67.24981 34.318344 3.147912 68.67119 96.02025 31.874836 78.5996 59.318768
129 79.915634 78.037 48.77967 47.59887 6.169862 25.515265 75.32246 51.472557 0.46747327 18.53965 57.261467 87.22496 27.513277 98.66097 2.7917266 84.029976 77.318504 41.290874 44.97326
130 39.552097 39.09981 53.152668 5.0415754 74.68563 82.03404 17.80225 35.60752 16.901934 25.655598 78.2693 21.009249 81.04478 55.02283 65.80805 96.17669 53.95853 56.074036 40.190994
131 30.400444 13.042063 55.566494 88.69789 34.24117 89.49305 14.92762 22.027742 1.4141083 3.2570183 67.09352 10.188317 21.839655 59.94805 95.37817 69.702675 65.232 79.50213 30.576818
132 65.23499 68.73203 74.11051 10.397673 39.31053 88.36978 68.92229 79.031525 68.831535 27.819448 55.778484 55.87219 47.529144 13.30294 38.3328 24.312418 60.610676 78.98462 99.62709
133 63.94632 98.24369 90.22211 41.636497 3.7579298 15.057957 4.099822 84.40533 17.875952 95.75058 28.338772 1.8985033 28.700375 14.667601 35.578407 27.145899 60.6921 57.739784 53.85386
134 3.0208826 89.45975 6.514889 33.600025 42.24615 19.138973 9.71151 73.51797 3.9472997 62.16104 1.4887393 23.018414 90.07887 81.63426 76.56516 7.6535583 16.941374 31.562727 29.82285
135 99.9645 61.217644 14.410109 86.80547 74.57567 10.720521 91.056625 36.58321 0.28671026 44.411976 73.52821 70.14284 79.53928 9.090501 6.09715 86.41437 7.223904 69.12353 72.12264
136 60.221844 85.65771 56.214005 30.54049 48.11632 64.08565 96.73529 92.00923 10.794025 21.677977 10.760033 46.721977 46.518528 49.218147 58.471405 86.71051 95.85792 12.065399 12.919086
137 59.572594 1.6369164 65.1633 2.6161969 8.980131 92.121544 98.54099 40.63235 12.67308 23.244417 91.67197 18.796677 10.071301 35.599415 59.03192 34.37147 9.866947 92.755135 53.11185
138 52.893566 0.27840137 3.2382429 19.936365 23.418777 19.901217 43.716507 54.81376 12.571687 30.691523 95.17254 0.6707549 30.836016 13.536465 47.22379 50.02952 90.47137 54.638584 83.54341
139 25.65863 69.172966 32.66527 19.215239 9.428191 99.77821 53.949905 49.770653 88.23691 64.45573 19.201029 92.87638 78.436554 25.18956 69.96538 53.750565 53.396576 62.107433 37.84648
140 41.27582 24.233353 41.221375 62.11428 65.65877 41.841446 75.192894 11.324281 92.87498 93.83612 39.350555 27.933233 43.86939 46.539764 32.741398 49.24922 55.698402 27.47292 35.663097
141 57.547726 60.958935 94.76012 73.89068 92.544785 54.720966 97.310486 1.4793038 62.927914 63.84535 83.52434 12.208069 14.153963 91.42276 70.61408 70.853386 17.639511 3.8196623 84.4765
142 63.78312 13.767242 54.48196 28.543276 30.895132 66.34576 87.55973 35.358707 92.54947 19.388126 46.220623 7.041776 93.53734 14.976573 81.17251 9.6004305 76.78175 61.77931 40.687786
143 64.65839 80.67353 92.266235 45.893513 82.9699 41.826893 19.18028 56.158714 23.639929 28.516108 81.27104 96.27893 96.802315 35.867043 39.159668 7.348901 75.26615 31.575901 55.513428
144 49.558033 51.01098 47.875237 32.063503 0.7856965 88.15021 1.8400133 18.559551 78.270546 46.90395 79.91255 96.243004 50.55015 9.107441 14.52545 38.121998 87.395615 39.77033 89.5292
145 79.093376 20.99611 0.19907951 48.211815 86.18988 11.885988 54.26637 12.270218 99.90751 48.073162 12.686229 4.2073965 45.223408 70.85334 61.82338 59.149532 60.646366 51.52447 58.883625
146 7.6783 17.110516 20.607292 18.615555 59.44467 48.95044 26.500362 6.28137 51.371532 76.36784 20.33301 15.067357 85.277504 94.06407 95.022545 84.806885 41.68837 41.978954 61.399216
147 93.446465 51.18481 70.81756 5.253899 67.728134 46.41531 3.297621 14.120436 48.77973 29.245615 59.40912 89.67306 59.45322 23.595667 24.604082 14.25435 40.146 58.320713 59.451847
148 32.02239 99.36011 31.825554 70.18761 45.597225 4.340953 54.572773 25.598198 47.29292 69.79446 83.68393 37.238503 74.747314 81.97571 49.6741 39.027287 49.028824 78.502174 6.0569882
149 57.36828 59.43818 37.262165 92.97199 54.177963 63.879032 71.01734 13.793177 29.236317 82.8011 77.05462 54.370316 63.33326 54.592644 16.905106 86.42561 74.54714 62.497364 52.15842
150 55.798786 3.009373 29.549854 5.2629175 61.624832 67.592 45.868736 54.483032 40.88014 85.575226 49.43907 79.51245 23.59512 74.544 30.086071 7.3081136 64.76833 77.126045 89.8359
151 39.268566 69.80395 52.87602 39.73327 82.747734 49.119377 58.35724 82.20896 37.950306 85.23441 3.5557985 53.345703 70.43921 0.76960325 99.03242 35.27213 8.803201 39.77661 39.0828
152 95.12936 64.54939 36.934505 48.612053 33.62217 59.130627 51.424484 28.966606 98.41883 32.38288 94.60451 95.707115 21.245586 82.78633 25.620699 10.906654 3.3895373 77.192635 27.302378
153 77.24426 3.7476182 54.358685 89.39256 10.718447 73.121376 10.235273 8.480204 24.577368 45.051228 84.98157 87.8481 96.96136 99.31816 2.6795506 67.5722 18.252295 91.83318 39.335293
154 0.15190244 7.2584686 21.819204 96.66785 82.08276 85.72991 32.109104 36.155235 62.27646 22.458881 4.4963837 16.64716 37.07783 17.094713 83.14853 80.44445 54.625088 32.078213 94.21218
155 37.027134 42.060204 92.62416 8.296108 4.59069 24.048704 29.863077 39.221077 30.289507 64.44864 13.066602 82.29396 27.716982 61.82923 1.8605411 58.72881 40.86432 98.743065 98.57313
156 60.3453 77.84895 51.878345 21.033728 36.28097 4.404986 40.946884 75.4515 57.42854 59.860863 36.70097 42.249805 56.23457 59.535484 78.93072 1.2578726 11.265999 93.66637 22.59876
157 99.37681 14.773011 79.70956 41.159866 88.2147 84.87046 91.748795 60.139538 42.261005 14.757168 86.512955 68.571434 72.540955 62.737774 92.87976 91.094536 15.516395 97.16219 92.55645
158 87.37499 43.003307 8.522874 19.753683 48.84593 73.34343 70.93168 62.04849 64.164345 85.84464 81.43139 82.26989 35.693043 45.003952 77.787895 70.20297 18.965733 25.218952 53.5783
159 5.322659 77.53638 14.114517 68.86884 88.82888 56.711555 38.359364 31.209915 20.213694 74.094315 51.58065 76.019844 24.765068 53.116768 2.9284775 58.954685 22.180223 21.10821 46.779423
160 32.14954 90.264656 97.048294 90.3482 78.163086 63.036 79.9174 14.508176 32.266953 90.000275 48.21633 53.37854 17.916334 17.5512 9.336209 16.252113 29.648668 68.05238 16.379463
161 68.812874 20.428026 34.951347 54.94126 23.483902 30.041908 70.05962 6.243926 86.87948 41.332714 62.794052 11.67761 67.99339 80.8914 40.651382 0.8505881 7.7870073 19.749468 9.486496
162 37.11847 69.655785 52.285015 94.34921 75.48152 52.824272 83.02841 93.835266 94.76391 5.581701 71.64516 69.31525 43.98129 22.522104 36.732613 15.274286 49.439587 86.25285 5.1499605
163 97.641945 39.876373 37.608063 91.67715 66.79532 20.157516 34.03209 75.45018 3.3190727 25.789452 39.83207 96.74177 4.10946 19.726622 17.346699 67.45504 69.58025 6.38355 89.21401
164 78.69325 79.19702 74.951454 79.87921 1.7920256 1.0227084 92.43421 31.861776 38.39778 44.157063 26.433527 18.259789 49.00272 42.710217 26.616388 28.23099 16.573477 32.146667 52.790176
165 4.039812 16.619015 8.410936 35.205795 25.5453 21.62758 26.204092 50.531887 16.136057 65.970695 13.187826 14.1328335 30.068762 7.142419 33.87875 27.88968 48.47036 5.9077682 1.7510355
166 92.690506 85.01949 97.21875 95.84491 38.559956 84.189514 66.577705 13.298011 43.685986 88.1364 84.15462 70.05483 89.634995 82.63553 77.97997 26.008368 24.938797 89.25855 64.83243
167 49.491203 6.9131255 8.146447 65.227066 79.92705 43.766827 92.74932 39.706463 91.20719 30.333197 40.803032 25.27349 85.66074 33.464706 52.19506 71.42752 57.09698 42.454033 48.396866
168 68.33107 88.12889 18.76734 85.53083 88.91106 92.717834 3.7000537 66.18056 91.2709 69.55197 25.904673 57.59331 27.049482 99.489296 79.52027 26.370775 0.019532442 43.92622 62.09208
169 74.0736 12.289137 87.72358 96.65844 2.910298 13.288731 16.42543 49.163925 5.9404254 39.936646 33.195312 58.408047 88.65494 60.93542 55.486645 46.546387 16.626812 40.32917 98.33776
170 82.02666 1.9368708 36.83031 52.778183 39.87853 95.620926 97.897385 20.656305 95.4097 27.365732 78.320755 26.814837 3.3293307 11.574566 69.669785 15.579224 44.674778 31.764048 22.205513
171 59.67623 66.021255 85.64033 47.911106 88.71932 19.48334 60.293793 30.595964 43.10114 25.959503 51.471138 25.357634 3.399235 98.72709 10.116089 89.12049 50.171597 58.47932 12.163538
172 50.906235 3.2969356 55.632717 99.33591 54.635746 41.867275 60.461815 26.39879 8.633828 47.196842 38.38886 97.51924 69.94045 63.96188 56.432297 56.13345 13.66837 73.08598 60.075367
173 60.72997 68.944595 89.04984 68.143364 86.41371 94.70203 72.21349 89.97545 18.819016 67.32871 10.932809 15.358007 84.2356 24.831646 20.235628 37.277233 95.60851 70.93512 4.162109
174 72.28662 97.84566 69.93138 82.197365 57.721966 3.6488414 36.965023 20.224476 51.494896 10.474306 46.906513 80.85562 93.93189 44.386463 91.51223 3.6749005 25.08787 53.217064 22.947437
175 93.728065 80.95159 61.865852 41.0465 76.461945 21.58873 50.626053 41.29698 23.25518 9.962458 43.498756 15.166437 56.757015 56.169235 19.547129 29.064005 66.592476 45.180584 34.969265
176 43.273956 49.790733 61.751884 66.83568 28.260517 96.80331 31.624306 38.00342 98.779205 72.515915 88.99225 34.806484 92.50934 55.60208 14.738274 89.517044 41.02714 51.35785 34.26325
177 24.621052 8.763683 49.300957 16.786808 78.565796 47.343697 62.879326 36.501183 87.28822 35.899563 34.242737 79.48003 43.55656 55.431717 70.87902 56.13702 9.551727 0.18665195 75.755905
178 87.47206 6.339431 29.803818 50.258266 12.324249 37.660736 51.412506 65.54722 33.171337 42.084686 25.021225 77.93278 8.2883415 75.867424 62.829735 86.45073 69.7289 54.259377 43.214905
179 14.132232 18.860764 68.46806 53.11521 20.581352 26.12124 22.553164 73.69717 93.62189 49.12403 24.301702 19.175005 7.1947217 25.920212 18.263441 58.428978 95.69712 98.58245 70.84344
180 94.89802 69.93429 59.64306 36.43465 48.69032 64.24288 81.38648 31.37667 92.85623 49.65017 9.5016775 76.95704 5.507845 4.716545 59.876972 3.2015324 43.46854 98.60353 14.9207115
181 17.865282 49.22632 93.604294 46.07882 77.43426 19.29013 14.623809 97.37015 63.237305 82.06704 97.71708 13.761777 81.675095 20.858515 19.665401 33.858635 15.379227 91.59882 15.63415
182 42.299545 45.669632 4.9221396 16.213936 79.859665 16.391998 92.7539 21.66817 82.79651 87.06162 55.896793 87.1215 94.493484 27.750904 81.3532 13.91744 96.8147 89.43248 37.03983
183 39.703865 13.463372 68.18895 53.06267 42.28733 68.52199 98.04566 9.101444 33.31181 48.54575 9.960503 88.28393 19.804113 32.195675 90.06174 71.10706 71.09239 66.35934 41.47159
184 15.690035 1.1111081 88.75392 85.46236 60.44424 81.285126 13.689333 40.29844 44.948895 45.72825 7.350874 52.519394 47.57204 61.151768 11.818451 64.77616 2.6339114 70.472626 21.059471
185 27.36786 74.44053 7.517326 38.117325 64.6243 14.403624 35.379074 29.279263 11.088949 15.102285 11.903972 49.572605 31.486404 51.23891 0.5261779 13.744861 29.682327 82.017685 55.3682
186 79.98202 58.795994 97.858635 37.364388 59.873962 42.40425 62.199867 98.40575 60.22108 57.04104 7.3913455 77.459656 50.682007 62.17097 43.615288 24.667412 69.28734 75.284706 77.96297
187 34.00703 66.60406 8.07426 84.14978 63.733143 22.753502 12.710023 24.06711 37.035275 81.30248 44.528915 82.97006 87.820274 44.81175 64.99123 18.417103 81.91505 90.90266 74.16935
188 37.254738 50.05615 50.26728 39.454967 48.435383 2.599281 52.086758 42.335407 6.038761 7.8238544 83.63983 90.27935 65.61834 45.96617 33.089417 79.83487 57.30947 53.694004 23.957848
189 70.38936 5.721468 41.701347 0.87697506 57.643074 44.512184 58.584194 65.88064 70.24191 23.041784 33.347225 77.65556 52.297474 44.267654 17.04188 30.459667 15.354359 13.031673 60.46416
190 0.34133196 23.967785 88.373276 72.925095 42.15094 24.215157 94.059975 59.289055 7.739651 90.52994 40.054558 95.259514 32.6162 86.12563 81.343575 79.843895 61.918175 40.44478 96.952644
191 68.67922 96.401436 4.557008 13.904494 1.1377096 82.62208 64.84001 51.47862 60.612415 28.756964 65.76692 88.86464 62.922184 36.567993 4.916686 2.9344141 28.252148 21.664179 34.704845
192 16.47243 22.402346 77.06651 4.6490073 95.19497 32.356327 80.55981 50.646 33.96238 87.37019 73.661354 30.719067 48.765755 32.049797 51.299244 93.528496 6.681001 73.42065 6.3364563
193 71.72567 66.67414 45.055473 14.576494 18.628567 0.8691788 82.22545 24.33098 56.929047 19.923014 71.16021 13.318759 11.99398 34.073364 0.28222203 85.71482 41.141026 60.128975 93.225296
194 27.49976 1.9657731 96.3649 73.122055 0.6160855 86.84275 64.4877 89.67991 0.36649108 73.1537 88.37879 18.650753 98.35499 37.209797 91.35291 15.190291 50.249928 68.39096 40.640396
195 5.1148653 26.726992 14.447123 13.485402 32.07582 72.93105 31.478674 62.730312 34.1254 70.29116 96.684006 0.42284727 4.047531 50.95924 38.941265 20.545065 37.238293 43.75831 23.651707
196 41.440773 95.9731 38.370903 92.54836 55.242943 15.782166 76.4363 56.464375 36.219532 58.62655 81.93204 96.019684 38.42156 27.940386 54.178707 70.046135 31.601685 15.759683 73.329185
197 19.113922 4.655659 54.53579 26.395786 88.09527 49.71876 12.336159 0.6588757 60.213287 14.730751 55.53274 17.425419 79.94881 35.28574 27.398092 82.116684 54.550224 80.74016 62.962868
198 3.9247632 26.308584 48.00645 2.7889013 19.962692 39.383064 27.67014 42.796906 32.931572 26.51251 39.802177 89.83512 8.640784 79.71255 75.17969 98.22673 58.857567 63.882416 85.9707
199 70.09366 67.35526 78.54125 97.9888 79.88795 71.914566 67.6525 84.40234 63.40006 44.45883 44.213318 63.620865 14.744801 75.33704 10.08004 97.623985 96.70713 58.68188 64.03155
200 52.20195 64.67571 44.253532 55.56276 88.71193 70.582115 0.5337894 38.134758 34.601803 78.23894 65.17215 34.934795 94.0086 26.734806 16.132593 60.52792 22.408325 4.6644807 11.784029
201 52.58597 83.0979 89.57751 35.270477 95.192856 6.0595036 97.80956 60.151787 46.646614 79.63846 27.571947 85.69792 84.36775 65.91346 49.631626 84.33808 13.202948 55.423462 55.99705
202 56.410427 43.368404 75.11981 57.67398 2.1431208 74.355675 64.43048 81.77534 34.14739 41.734707 12.862009 49.125843 59.85775 16.906971 53.644054 73.12473 39.363487 44.020737 71.87289
203 55.209732 54.802395 53.558914 73.07847 22.056383 30.608767 85.20716 75.0822 53.965714 94.91026 61.72886 8.697539 56.11797 29.554337 85.499725 12.837416 76.94343 85.72644 36.43502
204 78.822876 47.28611 42.826385 67.18771 74.345604 5.8790326 16.932947 53.178238 67.14167 60.54004 21.362055 22.27168 74.81673 69.12583 92.872986 74.34339 13.569325 82.40284 3.1764388
205 93.72941 73.2453 84.42369 14.535928 48.366714 47.992092 70.615555 31.230753 75.574844 34.849762 84.53366 74.07789 44.762917 31.309235 70.11299 24.517542 7.2743297 16.895544 5.3307
206 67.19092 40.078564 63.213783 47.59939 7.529545 36.619995 46.960266 12.138915 63.4974 19.935995 26.795513 7.27576 70.954605 51.820175 18.656158 89.40988 0.63403845 90.55454 66.3193
207 63.649704 44.739872 38.351856 51.407116 21.286213 83.80366 99.48356 36.42652 63.862293 13.594162 99.030426 48.08465 46.15899 79.310905 49.75448 18.52674 71.595856 94.548355 86.786964
208 37.139034 77.01878 87.9614 54.2566 73.2914 47.379887 26.369263 38.803757 4.319233 41.216827 72.192116 17.864197 86.93074 85.99167 91.42331 67.943504 3.1567335 8.193845 89.41415
209 53.68995 73.329926 0.6519258 2.0121276 62.81826 83.09597 41.800926 53.287125 36.812546 14.13945 75.84464 35.25297 71.37887 89.485725 35.0278 4.5079527 73.92389 54.559963 45.844193
210 93.25254 94.56622 70.60295 59.270554 23.184841 20.563953 23.830736 94.41194 98.623695 96.350494 73.46276 87.712135 55.980766 8.959139 16.325712 12.628073 9.320301 44.394917 22.374838
211 32.95549 62.948887 58.95233 51.680725 96.45361 51.316113 31.615597 52.039207 72.74035 11.345667 32.111 30.519749 13.371408 22.82965 93.06921 10.430765 24.391413 56.695747 54.82179
212 16.11774 18.333649 19.59743 24.88547 55.804325 68.58681 54.99595 80.02814 1.7321765 53.247547 67.12401 32.371445 46.858852 16.102291 44.183903 79.23992 68.35481 21.359665 22.88803
213 82.949936 65.43167 57.37794 17.860329 56.54172 98.27982 88.1532 29.15895 16.25436 17.050283 34.070595 89.74206 54.54921 86.153915 23.75164 55.38045 68.48759 26.251734 24.196577
214 13.436258 78.61048 81.06872 68.325806 68.001686 1.062572 80.78622 38.03585 78.86463 0.022143126 0.77497363 71.63053 5.1888824 84.57745 81.65388 80.65989 54.029583 11.627346 82.24297
215 30.55094 14.025122 78.338326 24.3806 48.762196 78.80261 99.88579 71.56283 24.417173 28.607285 62.9277 71.0208 94.4117 46.028614 66.35332 10.573083 26.85048 28.8746 28.72706
216 72.082016 6.415552 24.47784 78.48134 47.625263 55.032314 22.054308 96.837 62.898533 31.169664 88.040726 54.744102 85.536964 2.5420964 31.285488 50.498478 89.93768 79.191025 16.048986
217 92.32427 81.05522 90.28823 59.28309 84.90418 19.10525 40.96809 20.719666 26.935238 27.046658 61.560673 18.829739 41.198708 40.32274 66.33119 39.457195 73.83083 81.15035 41.862617
218 86.43405 76.50184 10.481816 45.23685 2.1116257 36.651276 52.773945 81.932335 40.66947 35.949177 70.33794 64.67591 46.279655 86.476326 24.082964 3.245455 92.508896 35.029404 29.987371
219 6.357151 7.348275 7.3046684 60.027973 69.29173 1.3958335 30.907911 42.278854 92.884155 54.219086 76.15098 57.473576 13.049287 97.84377 59.96145 73.842995 86.33473 76.514786 96.04994
220 94.13797 61.333107 1.0311246 45.408703 39.37982 92.46871 54.557373 28.478903 64.32112 10.073746 28.159952 33.70678 86.42662 26.231092 59.52111 78.05888 30.29427 21.085812 41.27244
221 1.2939572 5.035549 49.784172 37.901463 66.86584 75.74301 30.514807 66.76992 84.29387 89.62221 2.9934704 31.80449 98.28224 20.800638 81.904976 53.05484 22.956776 98.70371 8.108932
222 74.54956 51.041252 46.978092 22.709429 2.5171816 79.898476 42.32651 45.32401 79.69141 62.963665 84.6912 32.067863 25.512241 86.607834 76.69158 63.961823 10.805887 60.860485 36.10572
223 79.80628 16.02779 96.228745 0.8163214 15.228987 79.24712 68.171425 41.664886 51.86653 41.414158 72.282776 31.02976 66.793976 67.57195 75.13252 49.933964 15.753055 71.85179 22.78375
224 75.67953 86.88849 17.440813 87.61361 17.290705 41.08748 49.156372 97.10572 44.63626 66.19654 52.542667 80.238976 46.51016 34.991093 9.072674 99.00091 6.0129523 79.48738 29.454596
225 67.00239 71.43687 99.7689 26.383703 33.324467 45.973946 75.76497 22.335243 68.310036 8.706915 71.24789 47.962975 96.30788 96.5902 25.647926 50.96438 97.23297 26.876926 50.12613
226 15.322966 39.633102 71.40454 47.760303 55.879124 9.722858 28.336626 95.818146 55.264137 87.09473 88.7026 82.10503 9.220868 63.642895 0.025999546 12.535924 34.90426 59.297497 68.44225
227 77.7083 25.394964 9.688133 65.247765 20.723938 35.668785 66.62176 60.376316 14.264363 1.7586529 93.61725 60.760326 73.470215 99.74874 63.59951 98.11026 83.0769 76.29096 83.69039
228 70.855896 47.144722 42.083454 18.878914 76.66891 11.284292 36.56165 49.80546 73.273094 8.269948 1.1009395 44.115353 19.602966 25.17268 52.304405 11.547703 90.56268 34.507664 22.250063
229 42.41207 35.748226 13.322049 32.512943 41.215317 94.919876 46.649628 29.78379 82.34385 65.457466 68.39693 27.216827 54.856354 84.51597 90.62904 44.304077 77.1321 81.45704 57.584846
230 3.9571822 49.449764 35.006638 93.82323 46.25451 50.200115 40.437042 96.001945 29.470707 47.58625 31.163973 8.297289 68.84759 98.122154 78.066284 74.826584 78.20366 92.35219 0.47344565
231 45.141994 27.839422 19.89041 2.3299575 26.488274 71.015915 94.59245 3.0569196 98.688324 60.11538 67.45892 67.920204 92.93064 19.798166 72.32576 80.427185 57.13495 48.22583 86.683685
232 7.8667107 99.78336 16.714054 37.808712 29.348993 97.00375 53.812225 60.063404 57.676445 29.219658 60.391808 81.592445 46.476173 62.842495 69.28917 33.095463 31.958788 27.342342 55.628742
233 74.88841 84.453926 40.722603 24.199348 4.5968175 3.8442612 78.1325 58.034813 61.6574 70.819916 44.333923 50.333416 87.99974 93.46209 25.311638 60.530025 40.05876 67.30725 45.857258
234 18.008339 5.4173765 93.32394 25.909496 34.723587 39.244247 89.04715 0.2993703 4.8229575 59.184467 45.668095 74.89582 46.941048 81.953636 60.688366 31.604069 47.76057 36.6134 39.650517
235 48.926266 66.029 85.96697 59.595234 71.60684 59.684116 42.866264 14.726007 79.068565 68.05503 98.190865 85.05554 68.77949 62.070232 24.128502 40.64509 77.31684 21.634138 74.004
236 96.82406 12.715 97.25428 38.679974 94.198875 9.768134 6.850809 11.459536 86.34703 52.43209 35.509212 56.99447 68.17657 30.526733 80.60959 25.04006 79.65757 21.832216 84.95695
237 23.65873 28.956902 64.71821 51.7349 96.88287 22.201283 24.021399 45.61174 93.68737 85.73728 56.4366 70.25441 74.7416 62.746056 67.71265 22.78064 63.720078 46.611015 78.014465
238 67.03838 95.422455 36.04955 93.55384 29.597193 54.62266 14.535343 30.697018 2.3308575 0.031143427 42.102287 75.97987 63.640003 66.173874 19.689869 53.617798 94.69658 73.08926 33.53392
239 37.066696 38.38893 16.804726 93.80703 97.91513 5.5211124 81.426414 52.16471 62.868774 86.69702 1.7675102 66.76336 15.894479 48.439754 10.727221 0.70385337 69.85055 30.507475 51.646698
240 6.052226 61.333687 77.934 97.709785 96.24069 29.276169 28.720564 49.784122 25.71581 96.34423 86.82294 34.134995 28.444511 20.80086 73.416016 71.976 62.896133 52.64314 8.489877
241 75.193695 37.2831 53.011036 3.562504 44.709408 57.371944 0.65656304 76.42295 19.291359 32.589787 58.28937 44.896473 79.24129 72.2803 38.567455 41.011856 38.84753 0.9531796 42.13472
242 64.82823 27.982653 62.67874 25.236153 81.5308 32.450092 84.173386 42.94586 52.03423 26.936525 32.686066 45.86418 79.85144 37.55185 67.92301 37.281887 91.82005 33.34764 21.646368
243 17.337816 41.667564 89.86985 89.27087 7.7409325 10.389555 41.257614 25.09374 11.379517 60.876675 40.745308 57.370533 75.85286 3.8312733 59.31903 87.25121 97.95173 23.25192 46.944653
244 82.88596 90.76049 50.934006 65.00739 98.38035 88.798836 36.65103 28.73013 28.620316 55.9678 32.869358 7.2798133 92.504265 91.579544 56.747353 51.500637 26.334137 71.062416 47.329746
245 15.764517 68.85935 68.7335 49.631046 23.901558 52.883286 63.073643 9.886063 88.72553 53.887833 32.041973 95.61726 21.024681 22.576666 83.00626 81.130135 74.33187 79.6652 93.78442
246 92.21088 35.167088 32.048363 47.09409 44.59285 30.17084 79.36387 38.45849 58.416058 28.590601 88.95818 9.446329 87.47947 44.480198 90.68616 75.22305 77.441956 12.820948 66.47928
247 63.013535 3.9396167 29.23404 14.1569195 80.53978 40.34431 7.2484074 51.800995 79.17902 48.890167 50.00247 94.74815 42.930466 69.25576 36.139584 98.76962 12.785423 19.33484 40.415222
248 82.5148 77.33359 5.5962505 7.6423287 52.309208 19.034899 29.675478 60.094666 80.753174 85.23506 46.01794 80.96369 85.40929 51.455677 77.68533 94.08361 8.650332 98.5645 96.8275
249 68.62331 78.23572 36.006134 68.615814 59.07866 89.47494 60.28967 96.2418 39.532436 73.31539 45.391888 76.333725 77.18985 25.066895 62.70842 23.07139 85.62135 60.76534 29.80005
250 72.436874 1.4827013 32.715313 85.62847 70.289406 89.83553 83.180824 95.5088 46.971745 29.218632 1.4713526 50.942207 12.43183 86.54372 1.0671198 61.209263 77.67761 18.495214 71.52439
251 37.54459 36.888294 36.748714 26.593601 63.38075 78.60743 31.897545 52.47714 81.10925 40.880936 49.964134 15.9689245 26.68907 73.52629 66.807526 74.18737 16.928751 18.292034 72.21834
252 8.880007 63.131756 94.6645 96.177605 7.3007464 10.8415365 73.48953 25.369108 17.207504 14.532841 3.2025993 35.86112 99.68153 63.20986 2.9126942 26.760626 94.62481 6.9937587 64.29184
253 75.00112 49.654842 63.978745 79.41862 40.226597 63.707096 43.035824 86.46413 54.515045 77.30616 23.037952 59.253345 9.541297 37.821587 17.423714 52.961403 55.372578 61.04091 99.42521
254 6.99994 3.6429048 51.339714 6.0381594 30.815155 63.149174 78.1888 5.3501606 99.96875 59.30106 3.6062717 43.67016 42.43248 8.248115 25.644821 66.58518 30.233837 41.373314 29.62032
255 76.23766 23.996002 42.21877 99.37078 79.46046 69.882355 53.39278 33.527122 45.679886 75.16063 99.75919 80.03816 16.517103 3.0324042 21.95204 59.789814 41.663013 25.331009 13.276196
256 6.1753035 97.81365 56.787712 47.19574 31.304157 33.23527 3.2292426 92.28618 15.888762 62.947483 82.53619 58.70732 53.7392 75.69793 98.51327 53.47526 3.561002 50.044296 48.862392
257 41.1728 71.031235 73.213 46.88201 88.89735 68.883194 12.285036 7.832408 97.427025 58.22789 66.04706 53.4043 89.57383 32.164337 79.98119 87.52269 97.83597 54.773884 2.8547168
258 92.73427 99.66904 52.064713 6.775695 45.403065 24.440575 73.84931 53.03406 89.42667 62.450356 9.733754 22.238087 89.547 55.88607 71.51601 11.940289 86.741486 33.402485 16.789532
259 49.939095 37.630737 54.88274 23.196995 52.62271 58.127815 78.15 63.658894 40.031086 37.296177 13.792086 34.40858 81.754265 2.0029306 43.253075 49.504642 8.427202 15.690488 85.90496
260 7.684189 64.55138 87.49311 86.47585 25.297796 70.86363 60.858982 80.0758 98.273506 93.736176 86.47866 79.78751 37.550293 9.445649 63.15583 24.59978 17.470192 90.97177 35.586323
261 53.141 81.80541 11.719447 60.950615 12.567461 84.31569 45.70532 20.697992 29.984629 62.190235 77.878494 41.64694 25.40403 83.94648 15.982437 66.09559 16.49695 6.1664343 0.4041493
262 46.392612 93.89794 63.996464 38.550568 40.537514 45.695377 2.0729184 82.256935 14.849228 96.74645 89.235756 21.44758 63.363052 44.854176 11.135572 74.67626 85.00215 15.493143 79.02164
263 21.275991 5.146837 90.07777 55.326675 83.71265 32.2304 61.70526 72.157135 39.492046 29.476213 35.410233 97.788445 15.808058 91.718895 67.33621 99.397 7.2927294 15.100169 55.52218
264 13.492102 7.0563436 58.784145 82.441414 95.11044 67.06283 30.999268 20.801258 94.38622 8.217019 2.7975082 55.763172 46.504723 99.84786 10.851836 31.582838 45.494675 78.1223 62.128513
265 83.17305 61.33285 92.94791 87.922356 74.29232 6.257039 71.80847 9.894001 96.557686 33.153557 89.48086 6.573886 26.431005 74.86083 96.51923 93.2872 31.456905 96.980965 12.643009
266 22.407032 29.622322 22.397482 48.669983 52.873947 55.610443 97.556046 11.398279 39.453888 70.34553 58.38055 37.92841 22.481806 62.542206 37.491478 31.45684 9.905952 56.519115 49.49705
267 50.75826 95.17081 34.408962 33.185913 75.657234 39.531082 54.756336 99.41956 5.089444 16.263199 56.562645 82.67349 81.245514 0.23499727 57.90034 69.08895 0.21907091 30.522388 22.623253
268 41.4686 8.048391 50.148987 85.35661 54.084442 71.614494 67.31011 3.3321917 9.985691 1.1667073 1.1758864 79.77572 38.53014 18.980795 94.9136 65.053085 59.25833 64.569 54.102547
269 52.799107 13.443488 87.77143 13.223129 14.510274 60.451393 57.84428 42.187424 49.8664 81.51396 49.262405 82.55365 15.202469 38.0545 7.376689 85.55803 49.49234 70.006714 42.376602
270 5.6420984 67.90191 36.66473 5.3338647 60.80354 85.956924 38.81823 11.636233 89.715805 72.74693 76.91085 55.114563 32.82373 86.01234 1.6679704 99.93794 16.015232 93.65855 77.34099
271 10.280138 79.29622 39.99553 74.99212 32.286434 35.2678 27.159273 35.990288 45.49827 62.049652 85.645355 31.312365 57.188828 89.34788 37.145126 97.864265 92.65634 64.181435 68.95835
272 61.684956 96.10351 31.721014 54.759346 82.71864 73.055664 16.934216 60.577457 45.292072 88.15347 82.259186 58.23903 11.285532 57.476734 86.146225 48.493134 83.3198 7.2557154 5.6266603
273 41.453587 47.490425 89.90966 74.51626 98.246346 78.97369 71.8845 46.674774 51.82655 69.22436 17.872555 22.97504 70.35821 35.815353 63.877888 91.14693 28.429836 90.879616 82.49499
274 62.130253 11.371225 2.560234 22.013165 45.48346 99.26248 87.127205 34.922123 73.053505 89.6721 14.058876 78.518295 45.629383 3.0731082 9.308863 62.09931 65.60312 30.176264 65.39096
275 62.253 11.486256 85.558495 43.33563 24.625725 72.02765 12.9897 8.833593 0.98421574 61.01259 82.367935 31.129944 32.11952 83.77046 40.323265 81.92205 16.997469 85.965744 42.065872
276 66.41735 7.4159265 30.19684 43.220432 58.903522 25.22676 69.89123 61.052937 80.06876 19.923681 9.390646 95.06919 67.591324 11.152178 98.2039 99.41823 50.213467 0.593853 33.21843
277 22.404026 28.95887 86.905716 70.06867 21.793152 7.987964 86.20938 41.534634 55.16422 57.770176 98.34239 72.27656 60.499973 61.054768 79.082184 73.70233 38.359673 9.125196 83.27485
278 16.425377 29.635876 23.920328 49.748962 59.529762 35.005802 68.00573 61.636387 72.45258 28.205866 26.60042 54.885365 6.2735853 86.224014 56.739403 72.028465 53.930897 58.01555 71.326
279 90.412415 13.535679 58.564568 78.75641 55.925323 23.525928 47.757633 20.752102 50.64777 43.6811 0.8937657 26.095676 30.749733 90.62797 18.573332 30.52677 18.358433 11.830389 53.597485
280 52.82408 86.1002 67.40869 48.34294 84.09666 67.70036 36.530613 1.3883889 56.864567 83.60146 34.416573 92.057 48.270416 22.28434 9.884703 37.66405 18.685806 40.16657 42.313236
281 93.84263 44.330467 73.98648 4.220128 13.148678 16.88826 26.899927 42.46617 82.56683 21.378386 34.625443 31.303097 74.461075 77.92842 21.437656 95.85158 77.411606 26.118624 62.257492
282 9.655744 59.28666 20.055182 10.212362 57.084282 42.41299 86.42975 76.59451 75.70917 3.9916754 19.989002 48.946415 68.38015 19.679182 64.842064 53.92871 95.32626 36.802597 64.9571
283 54.618793 26.869429 39.85019 92.43478 70.951965 93.653824 75.08418 52.40433 20.217245 7.9180183 55.33442 63.685753 48.986477 23.314453 18.78463 65.031845 14.778781 36.976677 66.95509
284 58.451008 35.39736 33.624226 33.77643 79.772606 55.537926 2.9667258 17.862064 58.521034 47.33678 86.82327 48.606728 65.89466 16.443699 97.32382 9.912264 43.0952 94.4729 91.23178
285 46.081223 89.63035 67.87243 44.55989 57.194798 80.035355 91.98622 85.79511 17.140537 70.56149 26.055252 62.5664 28.974073 77.904045 72.86943 15.657145 58.648525 28.44776 27.555252
286 53.870613 50.047344 27.562363 9.445864 84.2021 38.99678 18.267239 34.07076 82.66957 20.360397 41.496994 58.025826 53.43045 25.83998 75.94562 15.907812 36.704933 87.698074 94.065605
287 47.748585 91.58579 68.81182 87.58201 58.655853 7.90512 57.363594 76.494095 44.912003 34.62488 56.73139 50.936794 86.91765 51.209354 50.983776 6.7289295 37.470592 36.424168 23.595016
288 19.528723 1.3852835 97.1016 32.924416 76.1422 0.88656545 31.541681 60.55886 6.8956017 81.12095 0.12062788 7.2731614 72.60666 26.147736 23.904163 2.1525025 81.40497 11.592359 2.975738
289 50.94455 92.60243 13.51943 44.96476 94.12413 0.45801997 60.829098 83.88588 89.18478 43.786724 61.477192 95.67788 17.602974 17.01237 41.00774 33.373325 38.60128 43.852257 9.270233
290 98.06299 39.674747 41.055943 60.8398 75.98123 39.814888 41.519886 23.695183 34.18051 84.0012 53.996544 95.3281 12.24764 76.93004 21.155119 55.913013 43.018307 66.77476 54.888638
291 73.77352 6.757045 34.241062 3.7681043 32.52135 79.0882 23.084753 64.00078 14.355439 89.20349 71.940384 24.05085 86.597946 10.457873 56.681465 21.434414 14.175731 67.13789 12.066931
292 45.62526 79.060394 48.493923 82.15975 96.336525 37.347443 71.43515 13.530981 74.81994 8.440554 56.76816 92.74396 65.70578 30.525673 68.50537 80.7739 47.063274 58.05163 82.37941
293 79.14103 30.873936 35.219795 76.88615 94.46944 89.374855 83.52923 89.36938 45.338917 14.451063 59.29224 20.091946 74.64535 7.456839 0.8570492 50.961536 15.762531 20.855415 16.24081
294 32.4591 86.70228 6.5313935 95.24151 75.02815 4.8595133 49.505703 40.1776 10.213852 79.02895 31.3398 34.578556 95.49088 24.973547 21.335442 36.859203 66.103775 97.26101 2.6134312
295 37.75992 61.286682 41.27278 16.49639 36.689217 2.6712894 54.70279 34.84638 17.694933 94.080986 43.53626 23.949718 74.305466 66.61141 51.02969 43.343872 91.67779 66.08649 93.76135
296 72.10101 31.180786 84.64392 22.110802 87.29031 27.609283 70.14611 25.8404 43.716805 42.6076 9.943503 72.63969 49.97525 73.58583 15.664852 18.9649 78.06774 88.5029 27.409904
297 90.2333 27.335083 0.49741268 86.02589 39.950573 28.57532 58.661777 75.92303 64.75731 81.6129 72.530136 35.80208 51.337208 75.19616 7.4038625 46.21652 39.858067 18.208313 48.84794
298 89.37477 11.9018135 87.3599 89.99856 4.1164994 5.029827 60.683823 11.2319355 26.497728 54.134224 95.48378 3.8214207 70.63049 96.01775 31.413483 7.0846024 4.8945427 9.25914 56.91898
299 40.88524 62.73471 8.955622 93.50456 94.9602 75.15394 64.54893 95.64091 95.205986 61.696297 49.359142 73.39209 80.661545 88.98796 79.95659 54.07754 58.405094 29.380428 30.943983
300 62.900936 35.947216 88.343925 61.508476 20.177061 80.01597 37.23026 11.209911 94.58939 99.02209 89.91169 87.431435 83.14799 65.154 7.471162 0.83025694 94.83302 66.23818 47.24381
301 9.649384 27.26205 31.525845 91.578964 12.108564 45.376797 97.81161 81.00655 8.069205 94.69218 50.19507 27.165068 18.111927 25.97829 76.86516 16.805946 57.986305 35.564796 50.08761
302 21.16977 78.563095 68.28409 80.73531 59.583427 81.975105 16.237896 74.91209 4.618186 51.17129 24.226177 46.236126 63.75178 96.79 75.27317 42.986233 92.181725 47.80404 40.994602
303 36.451286 29.042625 33.087494 0.6527066 75.40216 58.401054 13.750297 39.037155 45.62982 63.46245 1.1902153 51.497684 26.0297 11.664999 5.2975297 9.5564785 10.88962 6.8052235 99.649
304 62.87845 68.04828 6.902957 15.943241 83.61941 34.686817 0.84516406 15.018964 53.262566 66.01433 88.43686 54.784023 76.26303 60.388218 25.634092 41.050983 0.7294357 89.91256 95.551735
305 11.97288 75.87626 84.787605 95.25361 53.410004 66.28689 8.205944 95.08246 55.60824 31.655525 36.035816 20.923115 12.066817 20.457523 30.590511 27.677483 92.01565 90.0775 93.20832
306 4.540384 27.669971 72.7593 57.97754 67.38844 87.10601 45.101357 74.612976 21.53241 20.489836 12.7871275 37.16723 97.848145 90.34153 96.2077 75.94456 88.31964 20.936888 46.309143
307 10.744071 2.537495 24.81363 53.400738 96.52149 86.74794 9.19134 50.123333 98.91596 51.50513 7.03429 88.944664 52.094154 35.518074 68.14168 75.37734 49.33499 42.392136 38.265358
308 11.875189 36.093105 56.943424 28.614443 0.63623786 43.379765 19.72714 65.557655 33.221096 57.689358 86.29239 18.78822 73.189995 52.945137 53.195602 45.14466 97.39075 54.667847 10.522789
309 90.719345 79.92464 0.4768014 2.950281 53.433018 78.32269 51.869083 3.391254 86.06772 57.537888 86.80465 38.018192 81.55484 77.76915 11.832863 44.72133 20.395601 85.96219 16.269981
310 2.4726093 18.294418 17.475718 3.281927 73.0401 10.82285 8.565116 66.70844 43.27703 73.17468 87.04009 95.212234 22.84351 45.3571 88.029144 23.041498 23.571182 16.586245 94.877205
311 69.61048 40.42663 93.877426 37.76974 17.54604 45.657497 17.064726 70.987656 34.198475 55.51579 90.53534 65.33285 97.31298 99.05985 37.16949 87.12089 8.107644 9.865326 75.24712
312 26.419836 69.97211 30.764372 8.889824 92.44406 48.01627 8.53237 67.98653 16.020023 62.451767 7.115805 47.101997 10.972082 80.03544 64.719055 63.747047 16.587883 64.35865 99.8308
313 75.32353 10.7838745 3.509128 54.87214 78.328384 82.284096 17.503994 82.20305 31.858456 34.44444 36.897194 87.15587 45.51147 63.006706 56.169212 65.81334 96.40009 75.07172 83.03959
314 13.464844 64.72194 62.270535 98.89517 42.92094 27.255672 93.13198 1.3533771 82.81909 24.941742 78.95011 41.895885 25.201004 27.579426 95.316765 87.89352 42.28471 85.41423 4.4835033
315 6.6387234 85.60589 65.34884 38.74925 80.71205 40.488945 76.59763 34.341232 49.69964 16.866661 56.291042 81.28697 27.579243 78.34951 95.857414 5.3967714 51.69332 17.51436 81.56435
316 71.832954 75.884315 81.813675 11.54806 89.291855 63.894688 4.2886734 52.722187 63.336277 70.41204 42.20335 56.41984 55.97217 6.109399 28.415293 55.33477 35.558014 73.69555 81.18843
317 86.69653 71.27574 77.417465 42.47111 99.61609 34.69787 55.77468 49.461113 6.704879 7.788581 62.60571 24.420088 81.501755 72.62129 35.44286 60.859947 10.597163 29.139084 91.4208
318 15.890556 10.845828 79.696625 93.44461 96.992966 72.492966 54.484676 35.216385 72.878265 94.75225 72.14605 19.589651 91.33522 24.276745 22.151333 6.134039 58.797623 73.529434 77.333916
319 0.37839413 16.326677 96.322655 49.218536 57.649178 32.166874 94.353905 58.560337 1.4876544 52.172203 60.57858 27.299326 72.12959 94.20134 73.45188 94.69775 50.344105 11.846274 7.726097
320 3.84714 60.995506 65.20191 41.455067 99.402275 78.01725 33.23076 10.543621 73.02802 96.13664 52.864563 88.55963 9.651613 36.79217 26.364815 74.13479 40.529083 37.43298 60.49969
321 26.21523 34.005577 70.03658 81.46192 50.344646 32.630867 20.542574 58.638443 60.29324 27.254862 74.35544 1.649642 98.47104 91.45341 21.560896 9.6165 27.031296 50.018265 60.530178
322 23.31363 7.2889924 35.49293 20.722788 91.46415 77.52378 79.36805 89.36896 26.47813 54.440903 67.39782 46.0095 14.794439 9.125501 59.707756 31.347578 17.831003 68.40555 79.39
323 89.339516 64.36998 32.858646 21.896112 74.80023 89.802055 75.54411 40.8194 52.96352 25.641758 34.760494 53.005493 86.42278 20.529348 60.131557 52.04665 1.7501771 75.79193 36.08232
324 69.12266 9.980392 81.598755 38.81672 14.180851 68.2406 28.67573 82.34726 29.24416 74.36497 63.118023 52.614967 95.156494 81.66615 23.545868 94.49784 29.588419 70.52715 8.987194
325 9.321987 69.21553 69.56535 38.55617 96.71145 34.540672 48.31117 79.1532 67.147835 69.067726 11.20221 91.77946 94.93448 32.967056 78.849915 20.187002 36.405216 17.834288 5.679554
326 64.83781 17.783875 56.77803 25.93158 30.697727 90.24643 1.3370693 54.457603 47.231968 47.187298 62.391376 70.62786 53.898693 17.728127 0.3772974 47.92914 53.069515 59.98059 55.139194
327 37.47803 16.066248 22.893787 27.355247 88.76919 6.130028 73.6543 31.683094 77.651535 56.683136 72.098366 1.9139409 80.96865 24.068624 39.53834 26.146067 74.76634 63.73356 18.460148
328 56.247128 62.777317 58.047493 54.936592 71.93933 52.41856 35.918434 87.10985 82.293976 64.22374 60.198425 72.07101 33.15673 78.98313 42.484497 87.81705 20.24961 25.44511 58.057587
329 66.16739 16.928905 84.87419 40.912292 32.609505 40.653004 20.752365 12.476957 87.61255 51.274075 30.20764 42.88336 75.16064 90.77049 95.1717 23.505384 63.8354 1.751548 86.68719
330 89.74806 56.006042 60.075424 35.145233 27.345186 35.412144 4.618925 26.539404 10.141087 33.059795 69.33131 63.140095 96.72875 7.8681707 14.21321 43.45178 84.44252 0.43640733 3.1179905
331 67.10626 16.922771 75.74726 97.92077 65.722145 33.458183 50.244827 86.59735 50.040333 60.055954 28.741121 63.370525 60.206245 81.99357 11.805505 53.89706 12.353504 21.579529 81.02001
332 69.37927 67.15468 21.921707 10.652179 67.69797 60.308437 14.407945 74.37782 54.69764 50.658775 13.895923 25.714869 27.442724 67.48137 38.6506 93.40274 16.749645 97.179405 22.034227
333 87.240906 47.04028 3.0219018 57.833557 96.60714 86.328415 45.511234 71.70299 50.295853 92.022896 80.42453 16.123665 11.29815 73.605034 85.53902 56.95309 99.096504 40.81942 73.592285
334 25.305658 61.942883 5.827248 20.271475 1.2129366 85.96299 75.14047 93.16433 35.126102 1.8799245 37.729008 45.892014 92.51792 85.3377 10.428417 15.395599 76.106415 96.45165 91.941574
335 67.94473 72.85726 48.10315 48.90676 8.31827 30.040377 61.979126 78.59135 38.277714 60.144634 74.34189 74.970924 5.4809513 40.12984 99.47437 50.789143 66.994896 20.869755 83.71607
336 15.494209 36.25308 20.075733 74.5823 75.86014 36.42135 91.664055 51.804733 56.07976 33.49831 59.429596 85.96723 40.933273 19.966066 68.81421 98.02204 38.371616 4.3622017 51.124256
337 33.206684 65.90344 87.76985 46.18315 56.14968 63.244564 67.9858 86.34042 42.22765 66.799194 63.15526 84.04885 32.052094 90.02499 35.148163 71.72955 31.41833 98.233536 79.14902
338 34.04718 54.802906 52.851562 29.157305 24.501074 4.770887 4.884487 72.72665 28.705633 57.236637 11.866999 24.750465 91.996056 39.758553 28.846968 45.93258 67.98075 79.8494 19.138664
339 12.33086 24.10699 97.12284 52.216946 17.658161 99.762634 78.0079 7.038456 78.55973 99.26714 17.344582 2.4133742 87.6139 96.48597 26.58577 0.26888847 31.138634 67.720924 84.29485
340 11.512804 34.91092 75.7875 58.431946 11.804586 85.55861 29.400188 30.409813 0.26645064 77.67089 99.57582 43.485367 7.7254295 74.65895 7.969469 29.705875 52.48857 27.212269 12.930226
341 13.885916 16.249514 38.030098 17.466652 75.04943 56.14994 80.61476 51.920826 67.091446 12.231266 97.6111 43.453693 64.31793 13.779515 8.842892 57.74331 33.79594 29.971909 28.274
342 76.70534 26.436954 66.671906 14.113182 83.4872 80.353905 44.396667 87.7535 44.202087 2.750188 34.918003 49.81874 69.407394 26.451582 13.485026 78.971954 79.55697 61.77738 48.42037
343 19.078613 92.74456 97.92521 93.29749 79.62587 62.9938 66.13752 32.82476 93.85837 68.94059 1.9122481 21.024162 88.84186 39.608173 29.262506 18.693506 25.612282 92.52136 6.931239
344 11.187637 8.775991 93.88039 96.49902 62.26619 50.526237 57.96955 34.021324 25.464743 0.22220016 18.273026 60.294064 1.7973721 27.694553 93.58618 16.732592 57.548542 25.611734 64.23416
345 72.3822 24.730879 86.94275 74.64044 67.54352 21.054142 20.226896 5.040246 47.240334 87.86447 4.5122027 56.032867 96.19194 40.67903 13.018971 71.65131 60.54837 15.178448 69.45151
346 79.247925 61.44121 24.660295 52.111412 45.114212 33.991806 96.14613 51.313347 63.54788 1.963222 40.028584 76.88595 2.037859 63.46501 21.1138 30.634481 87.1603 84.30531 21.240341
347 18.490564 13.277924 91.58154 19.731981 7.6804996 0.6377816 26.318062 17.477072 3.6747754 90.20656 47.370537 13.439965 62.065697 91.618866 2.9562354 24.232323 83.048904 57.80594 76.13586
348 53.649372 96.112564 37.895054 18.02525 50.7642 4.180723 9.312993 60.677307 93.54261 58.194107 43.989746 30.230736 46.573128 2.3839831 63.25556 91.420975 33.29629 8.8062105 55.38038
349 54.79883 47.271736 87.6198 0.45886636 77.4783 86.0594 61.74618 84.04619 22.970146 3.0457437 64.62346 5.964279 3.2512128 35.16044 5.527383 59.199516 70.83036 21.36162 35.18537
350 78.79063 25.923258 91.78725 86.03897 37.859505 46.22561 89.65905 96.45642 1.0816753 78.02441 16.777945 10.463494 71.352844 67.92105 43.473125 67.214424 77.42163 86.22976 40.180664
351 14.594108 25.876791 44.696026 10.763139 45.219658 64.96381 42.650116 97.884636 20.946991 97.93579 63.729443 94.18217 23.104006 15.505875 68.09498 5.8942976 3.443545 48.76353 87.41429
352 49.603348 67.6795 41.758358 88.13631 9.713096 65.940834 5.768162 55.650063 81.42593 98.11859 1.7914832 2.2737265 78.82275 36.517506 43.589233 76.69739 3.0162454 82.14982 68.00849
353 64.1001 64.38859 77.17661 62.53058 3.8389266 4.0957985 6.228918 9.982085 6.088275 2.0909011 9.505356 27.934206 37.37613 25.970436 65.58689 74.10373 36.46822 21.376974 60.83587
354 20.486116 61.90133 70.202 63.12295 87.234085 7.63582 17.447735 42.580032 74.495575 27.31995 56.655605 2.3016036 46.40576 5.632746 52.937782 82.6652 48.865288 8.75765 2.8127432
355 8.529586 82.11819 38.458992 82.51687 47.37656 83.77072 35.272564 17.822664 15.929789 98.877556 7.327831 35.535492 4.4159055 44.992435 60.202713 91.971176 11.995697 3.373009 29.44514
356 49.356915 98.61539 47.396244 57.01402 15.078324 41.301216 28.043657 43.493004 19.162214 34.49868 79.23175 63.67443 75.79333 31.257254 45.779156 69.72004 18.784779 85.76112 19.720524
357 65.86479 77.83711 17.847872 50.10999 15.388608 51.524914 80.743996 53.830997 4.7472835 58.95 17.344963 44.481754 13.301563 9.915024 45.107277 40.1881 18.547518 13.633955 11.192221
358 44.07115 56.229156 59.05016 18.158895 80.74103 78.86624 1.7358661 85.56521 44.08956 43.27901 9.368378 97.67766 74.113914 62.422096 71.50054 94.55596 49.63342 85.60005 11.659747
359 9.570658 8.489275 6.8368435 37.928806 96.49687 93.87888 28.283697 89.60263 43.335068 64.42557 35.109604 35.108482 46.63003 93.781555 32.923424 23.270077 42.048126 53.185337 97.586975
360 4.642713 16.14461 5.4302874 31.016422 10.818922 86.48786 11.9517565 72.52083 91.38247 47.546326 44.81748 2.2386432 64.96865 66.99122 13.736761 86.715996 92.37677 49.38926 34.026325
361 53.59743 45.896606 93.78505 26.834934 66.30494 45.2865 79.591965 17.699074 75.56317 92.82062 56.77926 76.35313 4.3468833 48.464428 65.87601 70.138374 29.504568 92.8098 9.190559
362 18.646366 36.733948 76.48636 64.306526 79.50712 77.09934 17.25858 15.868813 38.41664 50.796913 92.125145 62.480915 52.330704 96.86511 63.978756 76.82728 17.781752 12.038583 58.59143
363 92.60298 28.868496 45.55274 66.0088 9.231573 6.797266 83.582634 24.32205 31.496435 37.909935 12.8670635 67.00917 46.981438 45.71542 30.211235 86.678955 29.552973 48.16388 86.82774
364 17.506922 96.022964 50.690548 44.27466 40.628616 28.676552 92.64792 94.05538 16.27255 65.65812 76.69136 4.2914987 83.803925 0.47697425 52.34794 4.365921 6.75627 81.37213 14.056343
365 78.71795 80.30753 60.282158 85.90629 92.278915 39.78079 73.07833 58.429092 17.15011 82.1977 89.98005 83.21023 29.392862 30.58192 24.18381 17.736404 29.133188 69.804794 33.26733
366 2.490735 41.053562 70.808014 61.50837 84.42256 36.786694 99.8584 10.573757 22.90485 98.339066 4.233694 63.84285 6.3291254 1.6149163 43.862278 37.747044 7.56312 32.10731 38.712936
367 67.81216 35.410244 68.15711 58.236343 22.524899 25.577063 49.70054 46.291065 53.711945 19.899452 37.541954 52.451782 55.887062 25.93959 6.872785 98.4147 1.116991 32.594402 82.545975
368 11.717587 11.571651 90.91496 37.60476 93.823296 14.313137 95.60211 42.415897 86.73379 16.35654 22.102821 72.69296 62.97547 30.983532 70.18781 90.49993 84.60861 56.14781 28.454298
369 84.34747 74.75773 44.083904 29.296362 50.643135 82.243935 38.48399 92.256454 78.50561 28.742813 86.47051 19.866037 49.337357 36.3254 40.755684 86.46457 19.166206 89.40951 50.598186
370 52.23022 29.776108 82.510475 35.257286 4.7499537 9.772116 7.5050116 41.484905 24.703234 21.250135 0.49002767 97.12826 44.24462 75.515854 78.12583 90.143265 2.8724968 52.72949 71.3057
371 69.30823 50.201874 87.41637 5.1124573 86.80803 25.169838 23.01305 68.63775 79.8214 91.65572 44.11217 76.99773 28.542877 98.9706 91.486725 6.73458 81.02238 87.649826 80.53917
372 11.018234 14.188409 84.77006 33.316498 14.237886 7.8765035 44.720345 4.0086565 88.59272 61.117355 39.91229 10.812831 15.363609 32.914795 98.05509 67.67408 88.190994 62.891823 7.897478
373 48.73811 77.73155 29.194372 71.11473 78.97256 19.661236 54.67132 94.469574 65.48875 29.59317 39.412193 81.49017 6.349927 77.85332 4.0992975 67.48669 4.368925 58.28929 89.2609
374 24.383396 91.42554 62.770123 99.39962 54.00272 29.583168 76.476326 76.18231 59.337307 95.72604 58.498554 63.54363 85.03927 0.10970831 82.99189 10.865223 10.703665 11.214667 23.816216
375 83.60204 56.202698 11.277336 51.187355 88.150925 67.82604 42.06546 23.639482 7.775015 30.602169 98.65306 49.137367 16.45081 37.028416 21.47938 22.373205 29.097574 9.44997 31.758387
376 33.342968 40.3473 54.23811 61.81199 67.74164 44.446518 35.276527 86.16699 60.37728 49.740387 14.435059 48.879993 16.824883 50.22871 72.867966 71.696945 29.379559 80.71864 12.10767
377 82.03661 94.79469 12.009871 33.83522 11.695462 2.3855865 78.275055 15.509009 30.453419 31.23783 24.34643 72.14916 13.8246355 49.18937 9.054107 16.744959 23.01891 88.97485 59.212376
378 80.02713 46.291637 28.763014 83.50839 9.589672 14.361715 85.9268 86.66661 56.23209 35.12695 50.21891 71.159096 47.411633 72.72912 11.851448 39.785378 2.1463037 27.899439 52.880203
379 70.09612 24.707096 16.799046 58.665836 87.38829 24.907225 27.16732 7.2326064 22.42043 7.4758234 87.97646 15.590822 72.71508 91.44417 82.998955 66.36269 51.021885 10.037452 82.32277
380 28.498238 73.96463 82.42998 48.057903 90.94484 29.903008 78.87501 81.98936 86.6107 43.486195 40.962833 41.03149 29.920841 90.19993 97.7054 19.874191 79.098564 86.41701 97.21891
381 34.592663 63.723587 7.118547 72.214966 83.193085 59.138115 46.6892 77.367714 82.61967 7.227874 9.195137 87.76155 11.754602 63.639725 78.58297 72.71726 28.058523 25.56867 0.6071329
382 58.83272 74.9507 63.123955 95.38167 53.357525 87.598404 37.549156 89.70118 5.1630554 17.822367 58.118385 3.1886756 59.495926 92.24 68.56779 72.47207 96.15183 51.032608 95.96742
383 47.59443 93.22976 73.872284 67.82579 28.417307 2.5855243 22.176462 55.09168 23.636383 63.676018 27.133196 23.033476 48.008812 82.65799 46.58055 32.503384 25.373066 9.179884 43.11493
384 89.915695 25.96444 7.894355 94.592316 74.778465 40.397697 31.749147 6.884563 3.5240889 22.568405 3.8230717 29.331636 12.705773 26.745533 30.91222 74.32612 53.69529 16.481245 40.103607
385 63.975395 95.478195 44.90311 16.873539 95.47015 87.95195 46.796257 55.305897 60.867943 71.560196 56.006344 16.140783 31.262117 51.724846 69.54072 42.65058 26.098288 30.260557 38.81854
386 56.72405 18.631023 87.981766 34.386765 54.757645 62.657433 0.5588949 22.708046 34.558094 74.75496 96.180786 21.027977 7.814145 32.886833 1.878941 81.59941 17.974329 95.58028 93.92247
387 61.494392 78.560135 46.651764 55.27104 84.75063 42.850178 95.93627 33.757847 14.619816 91.10503 35.520954 92.86098 54.213047 87.48916 58.997566 2.3155928 51.941902 84.825134 95.20651
388 48.441727 35.959457 93.33576 11.381274 69.24442 60.50676 39.456142 78.6158 72.72917 51.91974 15.305114 16.826492 59.423267 67.36634 8.982772 0.08966327 93.07255 63.54229 43.807964
389 86.18852 93.47407 42.998142 82.041084 67.7489 29.304726 44.003456 39.477707 34.39064 78.81906 46.443356 43.28713 95.34378 84.93703 25.816154 61.15639 76.01114 36.356354 33.650814
390 57.54894 57.59877 56.047886 63.3425 47.873062 40.343834 16.284674 62.33055 36.567265 43.767555 38.98403 25.59458 36.347954 4.0550175 90.690254 91.56229 76.74349 32.96084 72.387634
391 13.710964 56.98237 84.97028 10.215723 92.47041 75.5517 61.782394 19.082129 79.62587 53.34444 14.059734 77.463066 57.468636 44.135 79.906105 78.99412 7.7014804 12.837082 4.3501196
392 20.739603 19.893534 34.094494 92.449684 25.558292 9.473008 79.53494 65.27774 48.338043 73.28814 87.59267 69.34832 74.94676 73.15996 44.103153 68.90614 25.748707 10.162645 1.631093
393 61.404182 29.983776 4.225862 70.26135 60.467487 46.033947 83.75095 69.725845 0.28517842 88.751305 91.02288 22.432274 19.847208 57.05203 33.098213 27.192003 75.469444 71.66054 30.43626
394 5.01495 22.91602 68.299484 1.7556965 79.862236 74.97921 0.15882254 52.44786 10.148388 22.024048 84.84828 23.426092 40.302475 48.72067 55.261154 89.66663 97.88231 63.506844 6.185895
395 44.093357 30.451096 3.344059 54.739838 48.127983 0.3474772 86.71298 83.72369 99.487946 35.0963 65.760704 14.075452 49.042763 49.81857 3.848505 52.320744 69.179405 6.719619 58.801632
396 98.16678 27.68063 79.488846 42.84328 38.377583 84.155045 28.971815 16.974813 28.31698 95.20133 35.326183 46.47963 99.88606 73.43443 43.41064 32.875877 82.15769 92.00143 67.55597
397 60.183804 72.27886 97.08608 32.11832 65.529816 12.942362 87.02287 41.117413 8.165956 78.00395 27.95422 27.429754 60.788704 19.03457 6.4738216 15.865028 53.004383 7.4565115 12.469524
398 89.24091 30.88327 14.436775 7.5407386 99.33849 57.3051 94.23278 62.10965 50.22995 15.323782 86.84922 47.925114 67.59929 17.72778 88.62729 1.3912857 79.81201 98.568245 81.018555
399 40.416718 82.93373 21.454525 79.87712 25.717236 58.76198 91.223755 12.029934 23.219336 11.147475 83.087685 29.86366 2.9682577 88.17754 91.01937 95.716194 21.373922 55.727623 55.998535
400 58.814518 86.4208 78.818474 27.386522 81.50203 22.377783 81.32414 76.30848 67.005196 93.388306 79.84604 59.205795 86.7707 39.977604 94.803116 89.9697 85.54223 43.92497 9.600014
401 39.12626 61.235363 94.11775 88.55034 33.82237 24.016434 46.99741 45.28872 79.83663 54.816563 92.154465 27.75411 90.04055 23.147053 67.721085 13.331217 57.76469 23.172014 56.700115
402 81.0725 10.039401 26.49448 8.574539 97.57861 67.90451 81.2944 8.841115 52.390377 8.700937 56.901413 89.94623 48.75505 99.81837 7.4872017 81.976326 70.29795 62.686234 20.529287
403 20.93488 35.19706 39.33298 7.5484457 11.152351 31.473 7.6369405 64.18873 10.015827 22.333384 13.047516 72.136536 15.525561 74.32478 18.228985 80.11999 77.002106 6.3354254 83.493164
404 99.061905 67.45978 80.05846 72.32675 86.461296 92.67067 55.982018 71.63204 6.6428604 20.772547 59.744625 45.89604 11.350071 90.490204 36.020367 30.35556 34.283447 52.771503 88.02942
405 58.869217 73.93381 66.07878 95.16821 17.740387 12.0756445 59.976727 86.79614 93.8163 86.524925 4.335606 2.3907423 22.042364 82.49786 35.80342 45.390556 39.060677 98.71544 51.632904
406 6.198925 71.756836 74.17615 49.983406 87.947495 65.7885 66.474495 81.02013 73.45419 23.546135 60.194027 44.13286 62.907227 34.735744 57.084 82.08412 36.527847 58.432888 81.58151
407 55.62744 34.985935 42.19733 94.22443 43.925465 40.65163 32.380302 80.3833 82.82505 5.6653857 57.387604 6.604874 89.65231 36.909348 21.22832 66.10074 8.680212 74.69252 73.59184
408 68.23875 63.859768 10.55767 71.92718 34.32152 6.923163 82.130775 94.08348 8.798128 70.75401 69.22745 22.107565 66.99594 65.230385 38.180275 0.44189692 28.43718 9.896952 41.045242
409 78.249146 70.087654 73.19248 56.285442 5.690914 73.056854 58.98839 48.828037 49.05708 46.22174 39.3891 53.97364 77.58812 13.1902275 8.66943 33.242355 15.128553 57.472263 21.509344
410 75.41984 28.430408 22.519821 63.021816 95.182304 78.589226 6.5760493 76.21037 19.907707 6.901211 70.49524 81.25477 15.609306 77.10202 53.628944 61.285503 31.158531 94.77017 27.60163
411 51.011818 89.70966 65.49839 89.71542 51.71708 13.92498 6.6659927 31.536383 51.79702 81.46429 65.2548 8.941805 63.318497 96.29766 14.678496 77.883446 88.210915 64.58817 57.134933
412 55.987984 12.923325 48.848057 71.20602 79.83193 47.00329 66.28568 45.54065 77.56212 82.45869 5.032343 83.249435 88.067444 59.391064 71.38067 54.462505 73.03708 95.743805 1.2062609
413 99.26424 74.17169 30.656124 76.11908 24.393112 22.067308 61.483543 69.15206 5.717373 58.698105 32.729195 3.3046782 67.16457 65.128876 83.68072 69.19432 94.65542 8.54792 42.28245
414 3.4170866 1.3935626 26.69542 91.569855 47.782177 55.876205 37.353535 46.79468 69.97426 35.065506 0.15692115 95.1789 39.841293 67.70588 17.282766 34.11963 91.640236 83.76185 58.608025
415 29.75446 13.249767 8.91859 51.00977 27.279108 48.44188 13.13209 16.27683 12.53981 70.46777 90.99628 58.555336 25.51921 34.9469 72.435005 41.635002 98.774124 80.65179 14.711046
416 5.2814007 65.1092 59.368507 42.3209 15.124237 90.28495 14.509606 87.92289 34.53158 18.929094 24.300522 54.499756 31.953924 19.675177 93.70379 2.5204837 71.24152 12.583375 42.149933
417 53.537327 73.56909 5.859399 46.786137 57.59325 31.300074 46.59468 76.32214 61.744415 10.157579 52.5836 84.44732 33.207714 5.524087 79.17264 27.827585 76.971725 50.959545 40.566055
418 68.29118 64.57153 86.816826 42.11962 6.2164726 80.09576 29.162413 46.026073 49.393982 39.903694 74.411964 33.626354 33.61187 54.078472 93.80833 3.6212265 95.58487 46.989483 20.062233
419 56.02685 31.099533 19.706558 82.41124 20.192719 9.684479 23.184025 77.613625 44.023643 27.846146 74.463356 64.87499 37.22213 64.86435 21.538395 79.61337 59.46044 15.056044 80.45939
420 81.82324 34.532104 47.84066 91.75734 92.431725 12.410945 39.239567 84.94517 48.596985 65.51705 5.7916584 88.85788 94.83464 5.1689806 92.2547 72.65228 59.94439 15.069151 38.68868
421 64.683304 84.026634 85.666306 9.196782 43.056877 9.822739 75.368675 65.15677 67.83695 37.889923 39.911068 29.449385 77.63188 35.75147 41.836567 17.031437 76.13573 52.47807 49.231224
422 11.072749 12.252217 7.7998695 41.80126 85.45395 12.343061 29.779493 87.42355 14.194525 58.139843 8.562761 21.810413 49.648415 48.726456 12.347979 35.35048 85.18065 21.083147 92.37163
423 36.0223 68.449585 88.894806 48.604645 46.093124 80.10271 53.13781 69.508575 97.74048 4.2010665 26.405764 25.447685 2.4606228 63.381184 33.613937 34.334766 78.90921 78.81962 18.793833
424 23.263205 70.47192 5.4725766 16.87696 45.01466 68.266014 32.621746 82.954666 32.512623 67.36787 82.08121 3.337425 66.91184 27.851803 67.93465 13.231558 20.779127 30.77774 46.615326
425 86.97742 11.751741 19.707561 11.564529 47.084988 54.48755 96.85577 7.469982 7.859105 40.291206 9.841066 22.870838 54.886436 60.469254 69.519516 92.2077 91.2834 47.504215 94.92532
426 7.4958506 10.162705 59.125565 90.363625 21.821064 86.614655 16.18774 38.694893 70.72489 4.527271 13.150292 99.388626 49.999798 28.259563 7.4111757 49.634903 59.003174 7.570177 13.603937
427 10.375935 44.688004 28.886562 54.3774 79.31142 93.31097 36.1383 68.58928 11.556739 2.2057116 80.69426 40.032852 71.57094 93.899796 89.722916 68.85991 42.16368 87.821976 84.38539
428 68.15886 46.840553 32.31788 29.081594 79.40051 88.520744 90.90517 47.475273 82.69564 62.889194 23.703974 23.75661 46.34958 89.518135 67.63942 93.66143 50.69521 53.66439 90.00463
429 70.81246 14.592213 40.635445 19.784248 3.2037735 0.5688071 11.197853 83.07035 91.89978 22.933048 38.11758 24.067938 60.612278 99.18896 42.077003 55.512356 48.663467 80.965866 10.474605
430 83.54338 20.41191 58.926033 99.6086 6.7519784 77.54799 34.58888 43.16783 19.598383 14.351958 88.84336 65.55444 11.870903 34.21263 95.57158 14.161033 61.300694 14.149893 43.04484
431 31.198061 61.67095 55.055065 44.66101 22.957016 17.371464 32.707268 73.56327 6.5052986 3.7780643 88.75152 17.422426 13.8062 35.31881 93.70801 65.19717 68.270294 76.67581 24.25692
432 47.341328 64.96526 62.126827 24.60696 15.348649 43.392765 71.22965 43.368816 71.67091 40.200214 21.383291 31.239342 23.184044 11.810923 37.563824 55.743736 2.0908892 76.16999 12.842888
433 93.62933 69.33379 5.1185427 79.07858 32.164997 24.450815 9.892559 22.160847 82.04868 99.86763 71.52355 39.946335 37.896053 19.703024 34.18739 0.895375 29.97393 76.42541 75.55936
434 97.60094 82.113686 91.5873 5.8043776 39.865314 16.313398 18.15372 1.8390834 17.53518 41.70035 45.711414 20.8906 12.562889 3.1229198 40.492786 36.14676 14.147341 88.08542 89.378746
435 15.512896 9.559721 47.001724 90.877754 4.288536 88.428444 44.359863 11.846262 45.1455 19.70741 52.457767 92.06299 59.38065 80.95759 26.549404 60.653038 46.34854 39.422405 63.754265
436 30.047523 21.630054 86.973564 77.71613 51.241653 86.30438 7.458091 98.09694 65.47436 91.16736 29.21675 86.46879 34.301792 61.44546 69.30538 7.494235 4.8957586 74.12066 73.785965
437 92.497025 98.09733 15.098423 72.726234 19.220089 41.4414 84.87279 4.43089 20.905256 1.495415 5.8860183 83.913055 45.532047 63.195564 13.323408 41.50134 54.406708 17.497837 73.56938
438 92.3798 72.14447 31.984144 74.98123 3.2004356 47.848434 16.782211 17.079926 41.92947 31.929976 55.291985 93.8406 58.839684 13.073415 36.092377 20.681316 84.905365 45.419216 9.675139
439 3.250575 16.46942 53.785767 57.27465 38.51861 7.4221373 62.892387 25.302744 88.36358 20.559258 9.870386 69.338295 75.25276 14.385855 74.20298 8.157194 35.254456 9.32864 78.52852
440 98.12593 81.04545 94.85055 61.947292 58.94127 96.42991 95.87851 15.625787 66.01144 12.850178 10.621965 61.19075 45.885033 30.201984 92.45094 84.8095 87.49992 0.7825017 64.00765
441 54.684723 2.415198 22.27832 92.94421 14.237147 15.686523 98.28311 4.2256236 76.355255 50.043888 51.925682 65.23669 41.168125 29.237663 87.854355 26.22226 17.81767 91.853424 22.192299
442 81.92377 73.205986 89.89054 60.341896 0.5133867 32.7688 82.59829 33.928318 35.74752 71.63849 6.423521 85.049736 48.150547 12.331134 57.714836 46.72276 44.300034 67.10819 12.632406
443 40.418304 41.028107 60.770943 95.42404 36.379086 47.50665 50.756 4.054117 80.56145 64.48482 35.48492 93.631874 28.180504 40.94656 45.01586 81.01198 71.64996 26.516842 27.747822
444 66.47665 57.950012 68.24367 47.39829 14.013165 43.945343 35.90764 51.435863 4.142028 88.78911 16.56152 57.886154 81.61151 70.229034 0.19319057 75.78867 93.949135 90.38296 20.66207
445 45.97591 30.555355 99.438896 13.619447 85.244995 70.76038 69.88878 83.038376 86.93279 73.3727 45.51583 15.112209 74.485085 50.37263 28.678036 60.307663 98.48861 69.50239 55.780052
446 96.76774 90.03542 0.8463919 7.581961 49.35149 38.995926 32.662537 60.59798 34.485973 11.138863 23.612606 74.793945 30.615849 85.96261 69.35428 36.66685 94.10608 22.066397 48.717922
447 5.2110615 90.53468 99.92581 81.230835 99.93582 38.76794 65.64376 96.714 97.75093 50.21603 92.78467 57.519096 80.99868 26.210838 83.48934 23.465765 78.05925 73.331 61.996113
448 42.762913 25.734543 38.334274 42.307114 43.548363 38.026897 12.571239 22.448462 89.86421 7.039547 29.58408 17.551285 22.92168 70.664665 81.09171 66.36234 98.73026 29.683775 15.5901375
449 55.87663 42.216187 69.13746 3.0310512 8.229029 96.79223 59.64412 48.970413 66.01155 58.233208 72.13881 5.502719 26.58109 39.24246 11.7052555 45.329254 94.03824 33.15734 54.29033
450 63.375984 97.300674 94.044655 84.687164 29.216177 23.537117 58.498173 79.87972 97.71643 24.205643 29.60344 42.349182 67.17469 3.6504328 73.92304 61.004913 58.931477 11.814224 41.436546
451 99.83694 42.99892 48.842384 69.91224 87.070564 96.46737 92.47372 38.275223 90.47981 8.929121 72.980896 67.562225 21.58752 28.329557 15.449119 57.72512 55.813225 15.755439 17.338974
452 88.88246 94.35417 75.74948 29.10276 96.95226 22.891087 84.66259 7.210839 66.575554 52.353 20.996344 38.95589 24.81556 7.2706223 34.13635 25.061153 93.56009 71.07435 79.63335
453 4.2086544 88.44944 7.492709 16.36601 19.472902 79.39027 69.48326 52.443535 43.204872 39.507103 37.447662 49.315445 78.6325 63.245583 16.47436 36.801414 54.363216 83.10705 76.707504
454 52.99837 84.688034 31.308746 64.413414 32.441914 23.25654 95.98254 5.722457 11.481929 31.039465 0.11917949 96.243355 72.37941 78.806335 69.41558 32.7205 85.75597 28.46712 56.884266
455 26.636166 46.15512 81.96928 7.2442055 12.215471 96.84355 47.97746 92.74996 54.801323 59.64194 78.828224 49.563725 1.2205064 83.39162 48.342926 25.676722 26.81496 93.311714 26.660025
456 98.69971 98.579994 13.468969 14.535046 85.836624 28.713184 79.17056 6.3375053 95.61255 65.27471 96.412056 89.59797 28.341675 98.09667 15.493732 67.33367 32.10035 29.121048 97.29726
457 16.981918 45.63309 11.622667 78.04232 12.630642 86.99903 35.97695 3.9816737 22.953993 75.0058 78.51435 66.61976 19.996542 43.035526 21.38319 34.64281 59.426243 35.51198 46.09657
458 46.62698 13.378466 75.07203 41.510345 2.3606002 96.38861 82.881775 2.3706436 6.700796 43.569798 0.18612742 20.348072 72.523735 0.10704398 41.119255 42.770065 55.570942 10.845393 45.363926
459 41.264786 58.705418 58.34477 55.075813 53.492634 23.946846 63.918327 19.540096 35.38211 3.14188 17.087168 9.572971 52.18366 20.546144 39.356857 73.3009 96.65005 79.06052 74.5987
460 77.54101 18.24857 15.302581 63.510715 91.77329 84.0751 33.842503 38.112568 92.15939 39.702385 87.34192 25.030703 94.055115 55.245037 64.36821 86.051895 86.12947 1.2172163 80.48999
461 40.22594 5.9987125 12.110329 78.881935 94.40343 4.979491 38.90797 54.878036 75.78813 32.24184 29.923868 53.325844 79.71281 80.696495 91.40042 9.636248 63.82245 78.08733 83.30673
462 34.33113 83.142815 46.999092 83.85445 78.71695 42.65978 62.164665 79.599365 75.91791 70.133865 88.2099 91.86951 69.56499 83.58518 16.76352 58.973896 22.443373 48.428493 39.955624
463 45.57798 22.653496 18.402624 94.31197 23.224634 66.451324 13.569439 1.8175542 50.73614 18.828917 65.666214 85.67826 10.7203665 16.814184 15.453416 79.57472 23.251415 50.960125 64.44325
464 8.807743 43.693287 9.922064 2.1203637 47.82632 56.338257 6.5621195 63.634636 44.663315 35.85596 84.66166 37.680702 12.549811 65.374275 78.865685 82.16325 81.51976 63.279007 20.541143
465 10.130686 57.54547 84.53174 35.229977 50.751263 78.369385 69.5287 7.555217 41.778576 78.737656 21.38877 23.846066 69.54217 73.52854 97.25501 76.248215 90.10221 45.947773 10.978401
466 92.354965 67.48385 45.49144 12.737018 66.920975 80.0809 83.0232 49.112408 25.304682 29.173851 79.65987 17.33411 58.04079 40.392506 24.10128 26.320976 81.29642 62.778378 6.784338
467 20.357752 5.651909 25.339054 86.30665 28.377974 25.221003 18.671625 56.78426 81.5699 67.9473 91.96198 97.32504 17.135643 6.1623096 32.60211 15.071839 18.330753 2.1508336 67.53065
468 30.066036 56.271317 27.345198 59.4781 77.58631 12.359798 24.472057 86.43564 26.021784 0.5527854 90.93134 84.27397 75.45217 44.1405 18.134356 97.490715 33.948338 24.357718 77.51709
469 45.09504 80.50725 29.19051 59.34024 42.745197 51.14071 25.436604 37.863247 80.09789 8.903235 29.735542 6.5259814 87.13113 30.842245 3.2873988 32.687443 14.749116 11.563599 67.76654
470 64.37112 34.617115 11.223591 78.01417 55.275623 38.81482 77.49059 71.026245 90.76643 1.0136724 28.885836 85.170784 11.219817 83.509026 78.74527 42.162376 62.307537 26.172192 2.9872239
471 54.8446 9.765333 98.38886 54.381382 53.10157 51.869316 99.04261 14.862084 59.1142 42.05106 44.86966 64.696075 31.638987 0.42979717 37.90241 62.39536 91.018875 82.9526 68.6434
472 46.867275 25.30548 84.55032 15.0421505 38.435513 20.30657 55.28853 86.81894 68.37986 98.765274 90.78215 40.290546 68.17327 56.481068 37.82593 27.26258 5.5995226 45.31356 8.757978
473 20.984627 41.682976 38.04775 81.82224 87.40295 71.43536 70.48505 45.839916 97.33826 94.71811 58.361523 24.766005 37.67393 78.23939 36.350506 47.93417 11.634898 23.371828 33.1092
474 54.53007 80.80497 49.92288 38.77021 83.4454 7.2682085 66.3581 12.212581 82.32663 92.327774 90.72689 26.689154 10.332542 69.376656 52.43843 39.81747 28.653973 9.9540825 77.16595
475 62.50072 99.840775 12.665987 89.91373 70.03755 12.850928 9.888893 64.37117 65.571556 34.722836 93.98622 70.120346 53.251297 63.925613 6.678927 88.3911 77.21202 34.625977 77.327194
476 67.514084 18.003542 38.000816 39.856266 1.9654095 34.692883 86.80937 7.1195245 45.195095 86.94277 36.019306 65.42219 2.868843 44.350464 76.46977 52.075623 16.621483 81.72865 64.27796
477 53.126335 1.129657 99.38861 17.691772 66.27773 71.77884 91.47336 69.91051 1.5316367 24.25899 96.67753 83.40215 76.817924 49.21737 2.0344198 13.61435 22.01553 78.08446 68.66579
478 20.696037 48.017426 24.137932 9.355241 12.717909 10.143053 64.86344 61.463207 16.516119 91.100494 87.10282 69.053825 99.11046 18.257683 10.0585575 58.21883 47.904087 85.17059 7.966554
479 66.58876 88.60736 66.670944 64.4896 68.10944 10.90706 50.4342 15.266621 27.58572 50.999397 82.49184 29.533785 75.57066 72.70993 67.840485 72.58354 26.286448 3.335613 34.92247
480 99.627464 71.84402 32.677734 70.65253 0.27412772 91.58618 22.91488 43.756252 28.530193 71.47962 9.730619 42.938488 73.50154 54.754375 91.01216 73.85034 3.6435783 50.125748 95.837135
481 47.568806 25.629961 30.687475 33.54136 92.50406 56.134583 26.752926 28.399944 72.028076 99.82157 75.42139 20.657146 58.960205 43.694992 53.401352 37.921204 24.19814 21.06775 16.635227
482 23.724318 35.656334 17.475636 68.60726 21.573263 32.241165 5.9061885 11.006844 5.133587 59.388245 25.066257 16.854847 78.16364 2.8096735 87.71996 42.534428 34.118927 87.20809 7.348609
483 35.717075 15.471315 70.03264 11.784291 39.31756 80.03198 36.66455 18.632692 64.789955 7.0448875 24.074776 46.121037 52.794884 33.45512 72.90293 36.692913 36.091274 32.29134 42.53863
484 61.740814 13.06445 45.085396 56.177883 32.15297 64.286224 81.04736 60.576797 58.996826 46.666805 52.49729 52.491886 35.1255 66.91886 41.813564 6.3041925 55.54427 19.089657 85.69328
485 27.357542 71.09416 9.76941 21.445185 96.94807 5.7935896 43.257053 3.7766457 88.092125 37.73337 90.52429 63.33111 38.145958 91.76542 77.39463 17.131954 13.587803 59.692413 45.136814
486 40.956383 93.89964 10.89961 20.916742 92.17444 12.161141 89.32818 85.57297 4.231596 97.915474 87.64015 5.3598824 19.03004 77.870766 17.952316 55.078228 47.085857 58.409588 52.512558
487 68.89085 46.43411 73.60204 24.366146 17.667658 46.558403 67.928734 64.929565 97.54707 52.686916 55.253 15.288144 82.23293 95.98703 67.33526 4.105693 14.120311 26.680576 65.51558
488 5.736393 98.4764 17.879879 28.827656 16.230637 96.47388 78.81227 68.03182 46.51001 51.82366 95.67054 16.7153 85.44614 11.08746 88.02463 63.114483 30.620777 27.532555 7.794422
489 56.63907 91.19034 54.752518 18.264978 24.7567 0.8582175 10.407871 82.387886 94.02699 25.118238 7.5951815 5.3307476 25.315851 36.628407 35.847504 16.399796 50.796753 67.0765 13.98232
490 23.369335 69.04141 19.788712 10.387105 19.018341 95.66453 61.50515 24.370611 89.22632 38.5271 66.40793 75.476845 46.054585 27.892357 93.15849 50.78712 52.38681 69.20273 64.212975
491 96.91509 89.287025 36.903835 34.18188 11.3839035 48.43046 6.141126 73.940735 24.180502 72.76008 40.920593 23.350788 65.38808 64.72145 64.741 36.895325 78.84508 86.64258 26.619648
492 42.67274 68.772675 78.480545 12.256342 80.71822 99.31748 58.490593 8.784521 76.57268 13.102442 79.43707 10.678535 30.710876 90.3571 21.62224 4.020369 74.52649 45.262833 81.93454
493 13.137209 15.006131 0.115829706 90.80042 65.82643 89.277115 4.159057 64.664276 85.77117 98.46714 74.90589 96.53265 59.666367 29.66221 51.976353 50.127323 34.930847 92.399254 22.458548
494 61.03553 66.14998 49.60184 22.221088 50.47558 55.608833 64.99255 48.129852 21.274508 88.03738 92.939064 54.516644 61.55905 81.15537 20.869547 15.325916 17.478127 2.4992347 27.596092
495 37.006645 82.8066 6.6205797 27.194904 21.361923 69.13901 43.914593 31.903017 31.2221 76.993774 78.47561 38.510674 73.03497 54.75216 24.460203 40.975674 11.39797 61.001587 91.999855
496 12.792915 92.38285 96.404526 99.843056 21.663761 10.47852 36.34636 14.28175 17.182362 82.41674 25.81799 65.75052 20.859903 28.42974 26.561237 55.565506 93.42402 35.057514 74.561264
497 26.940012 23.854816 24.981016 87.43582 44.586666 90.25741 69.07179 87.884285 15.362888 66.94325 88.54717 95.67117 24.574232 72.831436 44.494907 8.99238 46.314854 71.63005 45.83592
498 1.6833305 75.75739 87.67465 11.844879 18.565231 92.32787 6.554973 52.524494 53.08894 87.50007 95.83385 19.37248 42.939423 23.366207 37.649696 84.3935 56.832855 48.596508 86.501015
499 19.65909 63.611305 8.861774 97.059784 30.434483 49.96782 97.79653 48.780514 88.06538 70.58036 2.221924 87.00898 74.70198 91.77264 78.28895 10.205597 89.85031 2.5415719 31.66505
