500
14
0 33.97563 70.93086 31.1108 80.51996 3.6881506 99.41948 81.717125 84.50175 53.656227 5.164212 11.582989 48.74666 1.2212276 32.541836
1 0.42009354 61.162056 9.971309 0.06186366 65.232475 24.942827 8.086527 79.17214 37.436188 91.77836 79.33641 92.93162 5.4868755 50.350796
2 54.40068 50.4587 15.6672535 16.159523 70.24932 49.99521 97.93468 91.244194 36.56644 46.164257 60.302578 60.26442 16.746723 41.893585
3 66.023026 29.131275 95.75954 65.43317 10.058207 99.54149 24.902409 62.391357 52.4957 76.96782 43.702976 32.78088 49.508167 89.600136
4 29.340279 86.30414 70.326515 24.16566 94.11817 64.67492 69.9448 73.2989 79.723724 78.39484 40.673428 14.062172 4.0427628 44.361824
5 25.287342 63.277126 30.79623 58.83292 94.77273 61.51963 15.631199 43.004597 74.26482 42.02277 53.786217 2.7830482 11.712456 25.452518
6 16.104538 23.730427 90.4318 17.760849 21.852667 1.7873585 74.66871 61.334713 1.1919558 91.84851 77.531876 23.763096 47.73606 42.828197
7 54.45791 92.117096 35.707127 9.283102 49.306488 51.121063 67.89268 67.305786 71.152756 52.49061 53.828453 74.17692 20.053226 60.591053
8 74.128426 56.638016 42.029095 81.05809 31.202894 77.6553 5.069983 27.810966 91.111755 53.78713 97.25537 57.732517 91.16891 88.90158
9 48.57844 38.005226 86.1335 70.74082 33.506046 9.558058 78.194885 86.97947 80.80222 61.235664 76.094574 50.8228 80.07471 37.15421
10 43.055016 53.24809 55.5821 7.3224487 65.941086 51.680653 72.08219 46.112297 36.315704 61.750786 35.242947 80.75056 12.6293545 89.896416
11 61.0197 2.9274225 99.38096 56.618786 70.383644 30.19389 59.191776 41.387962 44.136154 73.427925 75.64631 85.31605 68.84379 14.730251
12 24.58787 23.116934 61.073868 43.168247 38.23649 64.46168 60.307526 89.387024 66.7628 91.09163 88.675896 63.88018 45.35279 91.00159
13 40.837246 46.34874 58.69929 77.25091 63.033073 17.831057 89.432 75.66115 25.086767 34.974064 30.236881 53.537834 71.60833 42.81671
14 2.1193266 67.895676 43.025597 23.71127 32.04593 55.319397 87.67023 14.520699 13.483847 61.96599 92.71304 60.067524 72.38193 18.28143
15 64.287415 40.100277 40.955395 22.301079 0.992918 30.978775 62.109013 83.02524 65.780106 77.113495 1.1379838 42.970436 49.936443 25.243563
16 78.96991 99.81548 90.79406 55.280704 95.955345 60.873474 98.44337 52.12523 28.192669 22.276194 33.05752 45.077698 23.510069 75.163795
17 65.61794 75.79363 33.262997 13.304538 33.400665 86.78653 3.588581 86.46118 45.36872 83.96878 38.0542 99.06979 99.76175 66.38406
18 87.92011 58.564262 90.13792 20.945185 39.49498 97.6873 10.673851 0.5271256 46.098244 22.662045 35.748474 80.11718 98.568756 18.005234
19 72.12051 71.89711 79.499886 89.45268 39.06355 69.19194 96.67625 70.91427 67.66798 38.29577 17.586798 8.112889 65.485504 32.468067
20 14.256597 60.688217 27.426594 24.137735 93.65111 12.721693 94.27849 38.874428 9.05034 27.086115 42.66308 91.36445 80.36644 26.527315
21 6.2804165 21.90491 62.500996 90.29415 69.78023 78.30778 89.43265 52.356045 80.77774 88.15144 44.530243 10.25818 99.89999 89.66085
22 4.1525126 63.4974 56.147785 94.82906 19.284946 9.555483 18.430292 18.467182 18.954712 23.5596 2.3310184 33.502876 77.442566 24.676973
23 42.765903 81.91835 5.678129 6.074953 12.277341 47.16866 34.27481 44.438683 5.6675434 56.754356 12.858355 55.044693 44.217545 50.904793
24 76.90765 66.21412 46.883614 7.1894226 31.307995 26.147896 36.943275 22.504932 79.07901 50.7766 86.22302 8.540403 26.95821 74.99953
25 76.23562 78.81716 27.183884 84.76348 77.5573 83.11329 50.229645 13.627487 12.164754 55.956573 17.509853 66.12171 85.12465 81.407776
26 80.12675 39.24906 14.189863 67.125015 91.30413 12.366968 81.028206 61.32828 50.80022 50.461906 3.8207471 20.462782 71.67674 54.085987
27 35.9652 40.844048 38.498108 5.1252604 23.059452 41.173584 54.332638 16.834826 63.99327 25.419659 57.626884 41.491955 80.92238 57.105656
28 82.73872 13.432914 86.534836 40.541374 26.069588 79.56209 70.05032 75.03801 7.570344 65.62588 0.83975196 31.793392 11.958939 43.16433
29 60.745846 96.11246 90.14462 49.187393 73.7712 30.19231 66.77901 94.931015 60.7346 93.16837 60.03685 9.753382 33.049137 18.866652
30 82.96995 56.118275 75.52906 0.17848015 78.18886 28.02903 94.980316 78.672585 88.136 91.13268 16.480244 44.550545 88.5571 22.48224
31 50.223274 34.965523 2.507764 72.66108 81.43512 86.75106 63.71103 65.23453 27.281307 75.50146 41.48545 7.4601946 76.37415 18.523539
32 62.780933 52.582973 67.18599 60.32067 40.89082 95.14817 55.485832 10.915428 23.767483 15.434772 72.22818 98.470314 18.981016 12.749857
33 31.841772 96.39398 6.463635 76.90827 36.613285 23.551481 66.32852 66.28333 51.168175 15.522975 87.10283 64.45224 27.5617 60.33003
34 72.347084 27.334827 27.166355 57.98835 81.33554 62.057716 61.645203 38.029408 55.544247 77.354744 8.417159 80.202576 38.249756 44.484364
35 13.044495 72.42789 63.507153 15.317416 84.11106 87.28354 4.8889875 69.89615 97.93247 8.511024 48.17863 45.42243 38.677895 25.895601
36 8.085024 19.898415 2.33261 88.18455 2.1567702 50.675602 33.84689 46.256466 38.410492 66.69155 59.57116 83.43153 62.551697 75.47271
37 30.750216 56.555237 49.669983 15.903682 37.836487 14.301676 50.359207 85.71935 64.38969 11.093241 6.586522 20.63784 68.37836 53.249317
38 15.361613 48.555386 48.118855 44.650703 23.203552 87.36637 30.524605 2.591008 99.24194 75.412544 16.749304 89.89866 35.010838 97.52834
39 10.962028 20.232027 12.898434 1.9191623 13.472348 92.117096 38.915974 50.03304 71.62291 60.3153 47.87211 36.075813 87.99405 66.04646
40 16.921562 89.34554 93.03823 90.07511 6.3507915 92.16102 1.1138082 23.39133 31.731236 21.428007 8.162999 41.931885 39.38902 41.98631
41 24.433535 36.31119 45.496124 35.532654 5.4487047 60.743095 28.783768 57.40508 82.966644 92.17498 66.52656 43.690575 59.33249 10.129476
42 34.471916 88.38969 13.123047 37.922104 73.03217 21.71275 41.332115 8.924479 56.366043 19.526714 98.87836 8.564436 97.816795 85.61748
43 75.58034 79.04877 27.220995 74.44011 4.8925934 83.67981 83.34266 65.62106 28.901875 99.490746 61.42438 92.43737 46.92563 18.18925
44 32.692146 46.176308 67.430534 77.57752 33.52996 84.58387 27.103746 49.276386 88.69305 25.015915 69.28388 68.350174 49.90372 87.44584
45 14.423668 89.999054 70.837036 6.755561 55.957092 95.610695 7.028103 71.90224 69.33734 81.95934 87.60901 87.33421 93.867165 54.087
46 0.810802 31.711578 95.34309 94.33984 20.458513 4.4167757 21.873606 1.1663973 62.670094 71.929115 50.215286 24.680311 44.882507 25.856775
47 80.62053 78.77667 50.21968 40.8057 64.837364 77.96017 13.952154 23.414618 55.19039 41.248024 13.051641 0.45924783 98.55942 74.868935
48 80.10455 32.14943 93.82849 3.3676982 87.41701 11.395216 6.5840125 67.58789 72.13364 27.250301 32.392387 64.34349 47.52905 13.862478
49 7.0908012 21.972662 76.05266 59.54528 36.699486 8.020788 55.76543 25.066244 13.642573 58.71813 90.86414 78.52417 73.09096 27.451986
50 9.220904 35.41975 41.87226 32.902954 43.261192 37.43393 31.299465 72.79593 75.86311 79.30171 8.532667 71.25299 48.897667 18.852919
51 53.102654 75.52894 49.969948 76.19647 15.69758 79.528725 2.102667 41.123158 65.26416 59.07791 33.577442 86.62927 53.235012 78.63376
52 60.778362 6.1171474 75.90813 6.239849 68.34326 3.9688349 58.630283 27.357424 68.70819 27.038742 69.74294 17.131102 0.5312681 7.954967
53 44.81879 42.10613 23.616076 31.30489 29.444319 57.913578 60.748928 38.718765 43.895245 29.544561 56.055134 68.02808 18.027538 70.173904
54 79.61952 11.098349 17.398262 6.7590895 31.568188 62.216686 80.18297 83.5857 40.747307 78.2131 52.326168 95.37218 26.550125 48.533165
55 59.31871 50.363667 93.134575 70.544586 96.12192 40.978176 56.85585 86.29786 81.44868 99.02258 6.634921 82.18256 83.572136 27.336956
56 57.435608 4.3985248 27.083927 87.08261 56.078346 49.42932 73.89718 25.953615 21.142822 49.863617 97.92959 17.616838 62.379253 68.616325
57 47.26628 45.988583 5.3479376 17.079908 86.45931 72.9154 2.2392333 29.771692 6.5538287 26.884037 6.1048927 15.982622 73.333755 10.04467
58 21.982473 0.68755746 92.35977 46.65895 81.35525 97.01913 10.148829 57.708973 55.61216 81.97143 47.14934 2.5163412 77.01822 88.28457
59 93.14451 51.575863 52.35226 67.82579 57.824196 57.222897 72.803185 15.950834 97.27395 46.10534 64.7397 89.58535 65.1191 34.66243
60 18.194473 72.95755 19.427711 44.926952 34.757786 89.45157 52.925457 91.03104 73.296585 72.90681 74.62691 98.9378 42.552505 70.39911
61 20.974762 84.3333 4.0911317 76.20066 99.64421 31.548273 49.949093 94.88915 0.27237535 14.1552925 7.1453276 3.6833465 44.78057 63.881397
62 79.287094 59.809677 92.25383 6.1312675 54.92486 59.397614 76.4205 29.235405 17.017847 57.97275 99.84301 71.08793 59.602386 68.537445
63 70.50816 85.74813 21.059174 47.53433 71.423584 77.5408 50.616264 99.27686 50.230797 58.955788 41.07776 89.86203 97.19196 38.03441
64 49.222218 77.87736 9.965992 71.81751 31.670618 83.66154 81.442444 24.758703 1.894033 25.324005 71.94354 48.780968 49.842644 18.582462
65 64.04164 97.94103 3.6677063 40.71315 42.092113 12.593251 80.228195 95.05966 79.681984 51.704227 2.3866117 31.71193 67.1857 27.815252
66 24.180334 8.806145 24.460697 56.39767 25.293648 45.632915 46.674286 83.37647 22.152185 78.15885 45.91264 3.8497388 10.529584 86.014465
67 19.477564 48.01127 52.72057 0.3887415 84.83285 42.556477 57.83502 9.070235 28.5402 77.046326 66.15304 59.121872 75.05621 23.512537
68 35.116833 81.96903 64.09167 96.76317 65.59492 69.17812 50.81893 64.20706 90.528076 50.628494 0.32314062 43.438374 44.75413 37.41954
69 20.408463 78.24853 23.323648 8.554136 69.58854 88.167984 27.386934 38.610405 39.515633 11.148781 60.992466 80.227776 63.256256 35.71164
70 30.938858 53.826206 58.034664 68.9883 75.02985 32.646965 8.9827175 45.845867 94.37067 95.60892 20.01382 26.000721 43.202442 6.8398056
71 50.44846 89.09467 68.500046 48.851143 68.041504 49.556263 32.271076 17.527145 47.491848 15.209782 66.115555 89.3018 40.559643 86.59016
72 31.875282 3.5767615 22.095167 82.4015 8.66993 2.6212692 53.428196 14.213449 17.646461 24.491941 98.822334 68.07527 86.53599 16.073853
73 25.5216 69.05994 59.60513 88.89934 27.077007 57.70789 70.60876 72.23097 42.22021 34.864677 20.510614 69.84871 26.944387 87.50097
74 74.46352 19.468159 50.36656 85.835464 8.070267 8.709944 70.39956 98.57871 68.330154 67.57454 43.58847 54.57057 54.778214 34.55013
75 95.30972 45.750355 88.8199 58.453285 27.848017 17.59199 99.642044 29.096449 50.927258 92.23691 71.64142 31.676949 53.657352 69.00522
76 37.169285 48.73794 90.465004 13.265652 58.469086 22.57154 63.609566 83.362724 80.72348 74.49224 58.8647 26.064735 93.67675 16.538513
77 31.704498 52.49991 59.723248 98.46069 72.0142 61.54411 31.826384 97.48392 64.406845 17.928463 33.14581 71.01814 47.438286 93.82794
78 22.601736 70.50908 92.45558 10.313797 55.409885 26.83124 25.882881 47.807648 26.302666 9.427488 7.1509542 50.629322 74.95095 79.77183
79 18.231499 12.013424 40.066994 78.20746 85.17724 63.771904 80.6654 26.88952 22.837729 94.356255 82.66205 2.1006823 1.9765735 4.739237
80 36.888115 29.830414 84.62684 71.67109 93.9893 19.001501 55.27112 99.91121 63.681583 48.43632 9.214187 0.49591064 54.370934 24.492233
81 7.5378475 61.5438 25.952625 85.73178 2.8075993 76.15041 18.238157 35.0648 9.072375 42.27543 92.27636 66.10358 81.80558 49.931534
82 87.016716 33.16932 81.735176 58.262115 12.295145 9.200275 84.77253 40.12251 16.806072 25.025188 27.555578 24.499113 40.17366 80.92688
83 23.866726 1.5156686 67.87411 37.54056 76.07606 13.953275 0.829339 99.88243 32.81663 50.278114 55.04054 4.2211413 99.651215 73.32162
84 55.520958 52.685852 4.1850986 76.24357 50.69734 41.609528 6.8730536 2.5480568 73.86618 24.858337 59.931107 13.092285 25.51596 97.58128
85 70.875946 32.671715 60.47236 85.27786 66.17283 78.38512 85.816315 60.734295 61.48207 17.146515 16.102982 71.69425 85.5756 40.046364
86 81.1236 56.142914 27.979677 85.46331 35.6656 12.390959 58.93257 13.644451 10.614842 16.908772 22.784037 94.722046 58.295284 84.8021
87 21.275925 45.697815 52.95757 13.225049 65.31261 54.743023 88.42088 55.741356 87.2503 92.23776 80.46906 41.081383 20.113123 95.3726
88 0.9397507 69.87148 85.50034 58.988647 95.575264 21.271605 3.6154091 90.830154 28.489817 53.14136 82.468315 29.779888 45.224243 36.026688
89 39.834587 55.259575 4.296148 76.13981 12.267483 73.18291 27.210003 35.38043 56.935555 76.089745 0.1824975 78.663155 21.19146 83.87044
90 1.2879372 78.28565 53.77546 57.3752 56.07656 91.266235 42.939175 84.82402 57.514336 34.533672 68.373085 3.9792955 44.70092 2.164197
91 43.779747 89.269966 74.41784 62.69013 48.711067 89.278755 53.130024 8.574921 15.651101 97.10248 20.411867 96.54527 60.358734 14.0098095
92 91.506775 60.43985 49.580437 79.55686 13.282275 17.987156 65.11066 81.942566 58.450542 51.43336 91.834625 88.024574 54.63599 67.74105
93 70.16777 89.261734 2.5518239 37.268745 70.85275 8.155596 98.87151 47.078835 78.345146 48.84808 19.83683 64.53129 84.28272 68.77283
94 99.53335 93.38714 66.37246 48.096508 18.198936 74.61669 52.33843 6.6268864 99.83808 70.393166 80.56014 69.47301 61.5317 6.8258705
95 76.2133 82.64859 98.71048 99.882286 66.93643 86.70424 78.66194 62.264538 88.43099 43.11052 28.84413 75.90174 46.41738 86.309746
96 85.16934 5.918831 45.782883 19.987648 29.10145 44.72975 4.6539965 54.128258 19.792372 78.12591 94.89721 68.81132 79.99402 4.2997417
97 90.90774 9.556121 41.35865 58.630985 35.503895 49.439293 98.03489 75.304306 10.637564 66.407 67.04127 76.52004 17.103498 65.41899
98 52.430187 22.863882 52.43883 48.61869 58.230526 87.539986 31.018686 90.99954 75.87831 62.430084 11.556268 91.47404 76.4242 46.665794
99 1.7007172 31.352425 90.17055 66.50401 59.400444 14.569574 38.27755 88.246826 38.683266 81.1892 56.838036 99.7848 61.328964 61.456757
100 96.31751 88.66203 83.72027 69.719055 93.26542 49.523926 63.410877 62.697166 59.813957 27.136654 76.41407 5.767232 65.4927 85.14604
101 52.974667 94.01434 48.91406 79.22035 66.03473 65.88 80.35217 76.60701 47.447266 69.29153 44.38409 74.39972 17.250734 0.37019253
102 51.63853 24.495226 81.3236 29.355694 55.166428 24.41554 93.136086 67.51146 7.685673 6.5423727 42.063133 61.804996 76.44747 82.07783
103 50.088074 44.46836 41.02459 24.994808 52.291985 14.577889 52.04591 21.719534 46.18474 5.053133 74.72278 47.20713 7.896179 46.52869
104 86.66864 41.902153 47.030403 99.02907 34.55592 67.85447 59.42363 91.965866 75.94521 78.58444 11.282385 15.434188 71.33879 85.32032
105 67.66949 2.9254615 35.139805 82.68786 51.821255 63.27796 73.54291 77.101776 73.40153 72.89385 11.053085 59.840195 97.92188 56.9675
106 46.7542 79.484276 95.88927 38.760014 55.864517 92.0513 28.801685 50.948833 13.574934 25.273085 15.232527 3.9692879 26.529074 61.172676
107 9.567297 28.302622 5.249727 70.02891 99.44225 25.166744 48.830456 72.2153 36.850273 11.412507 74.59634 42.040146 8.808261 57.059772
108 51.306343 30.947596 93.31708 29.32837 58.747803 84.17458 47.295906 55.795956 30.999392 64.668236 17.75791 46.0756 59.762974 16.788202
109 33.545357 99.843666 60.350895 87.64611 20.603788 26.915337 91.33869 40.029324 32.504475 99.17907 82.54262 3.4424365 13.490558 95.43961
110 60.657333 11.161089 22.808176 28.525066 71.20513 5.1775455 75.88317 13.38923 15.829241 77.93574 74.72416 38.45345 49.649765 81.77771
111 51.793056 97.21107 91.44056 22.58901 78.81712 69.35367 74.64403 63.334965 55.265953 70.625496 27.392513 72.68351 96.440346 17.587454
112 90.23928 41.93538 64.58711 40.853333 19.51918 64.814606 99.7457 80.590195 48.271942 85.6592 2.0453215 77.655945 84.39635 5.102998
113 31.110222 38.246418 73.89864 22.92865 28.616625 68.97065 85.30504 56.432934 39.709328 11.557972 26.888233 11.976939 31.073368 24.677902
114 71.48901 96.555466 46.42372 76.44004 72.38242 25.934834 42.79344 0.91513395 28.64622 33.46098 47.34928 0.42140484 28.449799 77.87848
115 18.939436 21.356647 25.020092 34.835793 90.88605 13.091975 1.9963145 82.15513 81.696655 79.00725 64.507355 26.952362 53.71456 17.331774
116 59.45869 98.400894 61.903675 12.311644 25.874632 45.003098 96.92482 97.67211 4.1953382 32.88745 89.67862 62.760437 75.47722 71.672806
117 5.1451087 84.581154 48.602856 78.182045 28.538782 37.677223 89.79879 83.65495 98.72506 89.032234 75.724205 56.578117 5.030799 21.500587
118 13.681948 36.852055 61.859287 30.405014 82.47822 95.351234 59.033184 1.6283989 10.295075 60.16085 47.994987 42.585693 84.6281 2.617842
119 28.662468 0.7708132 29.681808 95.02776 7.9488873 58.074093 42.22015 31.422 88.10867 36.762363 34.165257 13.3705435 35.865997 37.9717
120 33.46192 16.647774 76.745605 62.912304 70.9298 69.99715 43.4847 36.916237 64.872536 44.452824 93.505684 77.22633 74.779144 97.31282
121 54.129623 66.3448 56.02613 67.14119 81.77885 27.21182 17.370106 29.891861 54.435818 46.90876 78.322464 7.7411532 96.98933 78.482346
122 93.14726 54.40039 54.014927 21.430344 58.957375 8.02638 31.523865 60.00648 46.75458 16.391796 81.10578 33.482025 83.62872 61.31662
123 69.82931 46.59964 1.8756747 79.656555 85.70921 63.486298 44.501907 37.116505 60.26711 90.13643 47.255398 26.093447 30.788671 54.174812
124 83.57227 48.498905 19.706816 64.96532 72.08098 4.4791403 26.82531 50.312298 75.800064 35.111893 31.860125 50.135986 19.951933 85.04843
125 5.3483667 23.782093 81.256714 34.78589 61.00158 31.303703 48.343605 53.457497 33.0185 54.44638 71.00979 94.94049 78.99162 68.55408
126 38.77004 82.48778 39.423943 89.63592 97.586914 31.337816 95.41215 42.89533 1.777637 52.758034 68.956245 10.690117 37.597458 76.202126
127 88.144264 63.79428 60.45188 54.747654 69.96447 93.659966 81.45402 70.323 54.862553 92.88588 76.29514 93.59401 2.8437853 63.102703
128 83.123985 44.48204 44.689487 14.865398 2.1343648 35.412163 82.79624 2.8383315 11.454773 4.390711 83.64849 65.57591 8.143264 79.29521
129 72.70882 5.604732 63.854515 80.29958 77.573296 9.432972 29.114365 12.688738 6.925625 14.739365 12.973499 27.536934 61.776096 43.58191
130 23.792099 9.493041 57.648308 35.332115 57.51962 67.45737 68.046326 94.56251 20.378828 60.03188 52.28066 69.73497 39.454662 39.628498
131 96.44652 64.759285 46.251564 79.93676 12.240577 62.880993 71.55632 95.55686 11.89118 80.54492 4.4779005 31.030792 11.594409 26.556128
132 91.6943 1.851368 33.63929 91.77796 64.895325 1.4564335 47.325825 48.584015 23.156935 36.445732 49.60021 73.194954 83.31919 34.576546
133 72.13341 82.825226 73.97832 55.348553 66.747826 82.24121 48.869926 66.588264 65.35815 58.95885 52.453876 79.36275 3.9568543 35.013027
134 86.461334 31.324476 7.9740763 47.205795 10.89589 0.31338334 44.21993 72.23828 9.167272 17.377836 83.53226 62.469357 55.16863 34.545837
135 89.47371 0.6013036 23.484892 17.467243 48.530476 94.81034 73.65599 57.803738 3.1565905 11.221504 39.438534 92.87705 2.8879464 8.740163
136 46.052925 40.068863 83.140335 96.72455 27.01881 86.834435 44.036316 62.506824 89.73524 61.54281 80.822205 11.098492 90.62766 59.850235
137 6.5954804 60.365242 89.4503 31.672823 70.93409 42.406296 4.0005026 87.33417 73.68448 65.76446 34.685177 51.972084 81.01922 97.43006
138 59.502613 55.205082 95.62502 71.451096 58.306076 60.35701 9.546959 29.451162 37.74773 12.7523 67.12714 43.679436 29.9271 69.822174
139 97.280464 75.62448 96.162346 93.66415 95.003235 32.03518 7.9540434 67.49587 67.78162 8.783698 8.420319 95.92502 35.039562 63.82122
140 95.36251 71.46704 19.832212 50.01866 60.597843 19.192373 88.86009 22.520203 76.00783 52.247066 37.069775 32.994587 24.449957 94.3003
141 29.450851 43.54003 30.627472 13.327336 78.281105 58.736973 83.385185 3.6964 67.469185 47.26494 44.68513 91.01646 25.565983 30.484724
142 82.51608 83.90391 79.54452 69.37608 23.818737 77.5884 96.97812 12.218248 10.588825 21.511162 94.484535 41.4721 26.892937 93.74558
143 75.27 11.597813 98.646095 2.7255654 73.63228 21.211332 11.5201 36.49865 65.0126 48.301655 37.953175 53.189545 27.577055 70.514046
144 62.401867 6.7872524 66.630844 32.132114 78.01786 9.540934 83.003975 32.804195 38.956787 77.51382 47.789635 41.76196 64.46071 97.11058
145 50.67376 65.836754 35.43774 97.13495 0.085657835 64.621994 16.04287 49.18498 48.356915 45.34804 94.106186 36.55284 92.14368 31.184982
146 20.334572 92.42191 1.0029554 66.58289 50.018513 77.77156 68.98653 52.779823 48.307945 40.2924 74.50767 35.693913 14.593053 11.630935
147 1.9418061 51.073677 49.563957 81.83208 99.14842 61.074417 24.364698 58.903194 63.368332 49.488956 91.9537 26.520706 4.089391 25.878202
148 91.19717 54.13546 86.12953 82.07559 52.03026 67.76829 15.31576 47.295483 90.71139 34.843517 69.01083 63.738327 46.06801 57.27162
149 65.93796 5.5959344 16.801744 60.010235 6.172365 57.22229 15.312219 40.415337 30.013996 56.51617 11.850041 41.31446 51.248013 66.88933
150 43.672325 88.926346 18.869919 24.26014 54.610626 8.113975 74.84628 87.07133 91.248146 81.15118 72.35567 9.197765 50.728077 42.928757
151 37.977947 33.665592 72.879295 22.610401 36.555367 34.288113 24.46236 18.018364 83.330185 91.6415 97.333336 69.89491 44.178337 97.32011
152 54.434525 35.620003 41.32611 18.256294 9.799576 19.503658 4.188985 92.25506 31.06938 24.511486 58.553474 52.0319 48.03078 49.88275
153 63.190872 12.271685 38.89974 73.78585 82.41552 90.92362 30.775993 59.711082 22.662258 49.55581 83.01031 91.072205 77.751884 19.615364
154 46.073437 28.387493 83.34741 62.443142 85.63733 56.909935 8.696556 85.504974 96.52332 35.709984 40.94006 89.21523 76.303604 9.581071
155 92.18473 45.697178 88.83597 16.89738 75.652336 49.664734 86.85656 35.428257 18.289835 33.200638 25.75165 96.38924 62.34469 90.48793
156 41.39062 58.53351 36.966545 19.529312 69.85424 39.26968 77.59916 98.62843 0.27307272 20.605486 30.79505 83.037415 0.8514881 82.696236
157 95.450516 27.887863 77.35618 17.020739 28.96651 27.571112 80.57064 61.374813 44.446712 58.435238 99.94637 8.186978 69.0191 34.398937
158 73.21883 20.907043 45.292343 36.288567 22.214853 56.7442 79.7285 71.88692 42.383377 20.74654 60.535473 20.40841 34.471947 50.59198
159 41.076435 32.01325 60.798187 64.53556 65.590614 98.73451 33.09106 59.329033 75.36505 10.571247 24.077791 59.75395 93.8474 21.313173
160 28.856314 37.413788 37.31491 98.78829 55.421787 0.89718103 17.696602 38.60429 75.12104 31.202257 0.37836432 8.092249 24.71794 90.810684
161 2.0122707 26.1235 91.40299 68.992355 81.52018 6.885922 82.52303 63.342583 6.9606543 22.766214 42.90489 13.301253 7.3613524 8.443904
162 27.076488 47.13728 22.963673 9.476709 11.937666 32.8251 0.8517802 12.425047 80.802345 15.177417 92.22673 7.367003 63.336807 7.8782377
163 59.53206 68.99781 51.681065 97.59199 8.447766 79.95638 62.700493 17.581385 3.9640188 4.204589 94.42353 96.28329 89.15622 82.89414
164 53.641594 69.66627 98.05433 17.944944 66.555145 29.085917 83.588 16.344284 38.233833 24.486483 81.76483 41.836792 95.31883 48.455845
165 13.084239 0.15250444 33.445614 33.67245 11.098069 23.218191 32.731716 25.097965 40.708797 9.981936 95.59347 60.84046 70.26567 83.68161
166 78.180626 60.475548 32.11157 83.795975 14.710254 76.864006 6.592101 85.78621 90.61774 93.805275 0.62146187 32.382362 81.211395 25.437773
167 39.9756 29.97269 95.7182 98.92666 26.13526 65.05459 18.356115 36.012726 15.622759 95.209236 17.287546 24.344748 99.5753 72.232796
168 55.738365 20.653046 1.2927115 31.52569 26.757341 15.780247 72.52114 90.29785 91.40597 28.963549 78.43139 10.347515 9.783345 74.72135
169 85.07726 10.928785 53.19432 50.958813 40.345963 39.419426 94.761246 48.756634 4.1211963 87.07488 23.47464 51.592815 89.963844 53.11292
170 74.50091 19.878685 28.782946 30.780512 35.754765 92.6407 24.740578 96.04062 79.35057 55.483074 10.339189 94.27195 86.433945 47.72183
171 6.9250464 28.154373 27.738619 13.447655 89.66243 75.03178 30.501293 44.47583 43.660187 92.882744 88.40094 47.462196 76.947365 88.02815
172 46.08081 74.25141 43.291943 6.3678207 37.487953 41.688583 85.6438 3.832382 59.464317 94.13984 71.77869 45.489674 83.295975 14.866871
173 85.35756 60.049675 19.636662 8.782977 6.2376795 35.121216 61.54354 73.142746 56.93758 15.304536 99.28618 60.108448 71.43513 60.934692
174 74.91391 58.177113 17.049812 29.963415 77.90627 71.99183 49.42037 63.085228 62.010925 32.508556 29.245245 25.843834 31.832731 93.81893
175 72.52465 98.22559 32.92604 67.67467 33.86153 98.350525 15.924144 62.0183 45.589455 92.56035 1.2901962 52.258415 10.054838 28.795506
176 72.08157 51.85728 94.55854 47.02638 75.98502 16.81084 29.840332 72.10051 40.91655 23.142265 5.462861 97.19084 49.613506 80.511505
177 76.22692 75.64652 84.614944 72.936554 0.34669042 75.08624 35.381203 60.46331 75.36386 18.726522 51.40741 96.00684 94.82797 67.95645
178 59.21473 48.67845 36.073887 48.874207 25.04555 19.432205 95.75546 19.766462 9.74511 54.09743 99.22945 31.282425 6.2960443 21.656693
179 26.819647 75.332146 85.20931 27.393223 74.13585 20.591963 67.703354 68.23985 14.994097 24.055826 53.37416 34.847736 79.41692 10.522324
180 7.7350082 96.65665 31.328327 60.5068 58.26241 24.248093 11.856127 16.132748 5.9114575 60.72122 55.882828 42.46519 65.76182 30.535173
181 38.22766 95.943146 46.636116 1.5563965 28.491455 93.551346 39.123547 1.847142 42.359615 26.710886 36.17925 46.503796 54.555847 67.19182
182 74.90724 87.63584 62.502926 2.3508966 84.632706 49.96656 58.221203 61.426968 10.105801 19.694048 22.536957 40.302933 62.64088 80.89993
183 14.052116 49.944122 31.983572 34.21672 94.62475 43.591213 71.32638 30.512142 42.72176 73.72402 83.58772 28.429676 30.637794 84.88811
184 83.06728 60.71093 26.247358 19.817425 59.942997 18.854034 65.00234 50.084877 20.646263 38.92869 83.9492 99.02231 32.61609 69.93518
185 22.576206 3.1889975 42.779724 8.181726 51.580154 22.611397 23.63668 91.54997 61.747242 11.808848 95.14897 22.566944 22.96713 69.763306
186 73.68758 61.816196 45.151363 3.0531168 67.79315 37.871872 46.02538 31.979734 14.027786 17.6633 58.24037 3.36352 72.08736 84.57155
187 13.151205 18.524956 56.787544 69.783775 89.38666 52.615974 13.517409 66.20844 49.768078 7.8027368 64.07554 40.8695 44.293957 72.76673
188 90.07615 19.999456 84.195656 33.589745 42.76402 96.44766 92.19033 14.386249 90.34436 48.48632 77.03093 2.1734655 38.868618 36.166054
189 31.611633 0.6152749 0.18267632 81.14369 98.87492 46.696503 73.11502 40.037514 19.54074 37.3937 52.449215 53.08179 71.50835 38.387966
190 67.58597 18.938614 29.249722 61.254395 70.27079 94.32801 29.513567 90.86678 62.267303 1.5678167 89.39946 51.540478 61.134052 7.644743
191 16.860455 13.330353 9.863031 1.1034548 9.782875 42.59601 16.426014 75.43815 6.1175346 91.19626 67.42471 43.96194 17.555267 33.296387
192 59.041714 77.035355 16.719955 98.64322 74.14172 10.342085 11.877173 6.2262297 60.2902 16.45528 13.11993 76.50185 16.06425 31.651085
193 94.602135 36.87883 16.56813 57.77073 83.66507 41.074146 30.582125 13.443446 49.97386 94.44282 36.13364 40.257305 36.694443 24.71519
194 96.15793 4.1637063 27.254414 10.057908 36.801373 98.74719 1.6117215 87.38878 86.11405 9.769458 26.786732 15.863162 96.49295 45.95354
195 89.589485 79.913086 39.198643 62.221027 2.2023082 38.727474 30.315315 83.003876 51.077927 84.24125 14.206719 85.85942 69.31642 66.24351
196 90.20268 92.01855 65.43621 3.8754702 51.108044 69.85431 55.710716 89.38263 96.14624 30.293095 11.773735 28.39247 56.93443 47.189003
197 34.08465 66.1499 11.648875 89.49059 99.4836 50.061703 71.10471 1.0594368 57.16464 43.644367 70.28043 5.223364 81.96968 67.666954
198 41.916645 68.09942 52.291534 22.121662 45.07268 2.5004625 37.713562 72.895584 63.610554 84.50453 39.764244 43.97193 27.980799 40.740437
199 79.09689 78.03877 81.71039 25.91229 10.599202 42.96784 52.752144 78.396255 41.28939 10.24993 73.273766 24.806107 36.57269 94.703575
200 51.28083 11.712164 11.032128 67.23735 48.23315 10.246075 88.24462 67.837364 80.890274 54.72967 78.290535 2.0211637 98.18627 3.889501
201 5.119896 87.566284 97.97387 18.38271 32.5206 80.26352 39.794506 23.549389 96.18504 87.70356 82.037544 15.369564 79.68689 32.684654
202 61.373947 90.94916 48.7653 45.795162 33.42587 64.461815 26.189978 7.2067976 83.31442 13.867116 88.97892 66.90351 77.876976 93.0083
203 61.505753 10.721386 85.63764 14.524341 68.02282 6.0030103 11.539751 39.614624 72.60854 18.754148 39.306503 5.854702 45.105618 96.373024
204 11.19982 40.32652 40.144424 22.806597 1.8231213 75.206024 0.05105138 81.9408 16.199553 41.11787 98.84066 79.7811 2.2042453 21.056473
205 36.426968 35.217785 60.900127 17.082066 92.78184 25.650995 45.598175 2.490449 29.511934 79.28965 99.52238 94.44785 19.952667 16.415728
206 13.608432 3.4633994 32.493748 22.261292 18.816154 65.388504 39.842033 63.385193 22.81484 84.29507 79.000885 55.6249 78.246346 57.565964
207 12.922364 36.966206 31.03379 91.36607 10.40029 64.210236 52.24691 70.44902 51.462914 23.37798 48.53501 22.652458 12.251621 44.692947
208 74.58268 18.667395 87.40518 32.102455 19.733053 1.5184999 65.89032 32.077946 0.97178817 29.011292 4.9230933 68.37906 89.79749 94.097824
209 8.318794 89.14143 12.860006 22.158491 42.810143 4.682618 60.17653 16.628223 46.417107 22.506481 82.60155 72.80885 44.980274 7.876861
210 67.20461 18.265747 89.941475 50.843452 8.2890215 82.62861 26.138788 4.614896 88.765305 92.18859 51.86112 65.62809 5.0887403 19.254726
211 24.074018 96.56209 95.40656 63.2118 14.290732 92.95635 9.175646 71.58191 30.040163 69.145424 14.35625 23.668606 73.608246 86.106544
212 10.225594 46.652866 24.346167 72.78759 67.56157 40.97461 59.30428 52.855785 78.91079 86.69481 95.53496 93.96279 78.176865 40.07612
213 67.69177 48.999043 96.95769 16.192991 88.432076 74.91518 13.849992 71.894035 63.811535 50.085648 29.06484 38.364685 8.862048 85.50986
214 49.708218 14.909929 82.70115 47.079323 98.34134 87.99458 10.975641 98.44009 89.120544 21.20108 4.65197 98.46447 39.915066 13.315487
215 6.900358 69.89346 76.113914 10.516376 88.1608 11.262548 10.972953 3.4654975 67.82138 81.78357 69.74668 36.39515 18.990057 16.489006
216 29.733921 0.025838614 30.619408 58.782623 27.793467 96.86619 74.08198 50.772644 0.71839094 31.240957 84.836624 33.644413 64.77134 38.924305
217 5.029857 55.17546 59.166515 85.745255 91.01143 97.685936 7.637942 10.767036 17.390854 54.692696 33.570576 98.96844 73.31697 39.79984
218 71.41812 48.684097 59.332394 87.47916 82.025345 59.86416 36.958427 46.998734 16.566198 46.527554 35.93593 11.539012 5.46332 58.204197
219 83.92807 12.24655 30.047066 44.850636 33.938915 28.433205 78.83029 83.40327 39.487045 71.21062 92.91974 94.08839 75.777985 28.499472
220 69.869606 54.686916 56.13701 68.572464 58.63313 91.563515 21.503222 80.146736 34.422226 9.38797 31.864626 36.66404 68.29432 65.63589
221 2.4655461 56.97689 87.01247 1.2542486 65.0862 54.44981 71.84549 81.97426 1.6361535 20.80344 45.978123 63.873375 69.98934 43.25456
222 7.3864937 76.71414 91.99913 56.077843 43.516426 75.66774 92.86313 47.140102 14.80577 79.175735 6.6652956 81.800896 72.755974 22.385597
223 2.5277257 40.46333 24.4331 72.85087 42.187298 50.687717 16.327864 90.61188 76.11892 2.901864 66.60344 57.528503 90.0132 82.17151
224 63.897537 41.544903 65.25262 3.112489 93.82199 17.712896 50.09768 65.77258 79.73222 8.132821 6.988895 36.191376 93.64629 72.89932
225 5.397028 14.42545 25.617064 30.636423 39.03463 67.234116 97.45194 83.80678 26.306152 43.548447 79.29629 95.7824 89.26833 43.54742
226 57.924385 15.327776 30.052942 0.95639825 14.104176 72.89396 35.940403 51.443302 76.41999 11.740196 41.647156 75.15862 21.563648 46.7332
227 76.79639 10.050386 10.265308 22.63639 90.18823 65.15067 65.46892 31.262558 2.890557 14.205998 79.614296 29.059845 27.168392 3.4997582
228 53.33144 11.130011 46.001442 61.246502 23.659128 58.500076 71.864334 86.340294 99.05724 98.40548 57.330673 22.392296 26.79066 44.68124
229 72.99303 78.83713 29.336517 10.943699 79.56093 48.427795 46.730995 83.49039 25.513966 32.74074 55.464924 75.72117 94.36828 31.505674
230 28.710724 59.92631 96.79244 73.84993 92.1792 35.592728 63.128834 80.158356 82.4396 72.61019 97.2953 91.51388 55.578102 91.13584
231 29.82909 2.9789746 31.920189 62.184204 77.57271 89.74708 13.312668 40.59822 22.08389 37.93758 22.079533 57.834614 45.486526 40.09679
232 91.96858 90.437386 68.685486 8.927566 80.74497 92.21103 75.47793 10.094237 68.926125 96.53804 50.251667 38.890995 89.66582 99.17348
233 25.123775 27.937138 88.97197 61.916084 13.310492 99.750496 14.08351 1.0841906 83.31356 83.992584 49.54997 60.56561 7.5536847 33.379322
234 76.77856 12.771332 49.08554 62.77557 92.77678 79.07789 51.01028 34.970074 39.57336 37.826763 80.492775 45.250084 27.21092 67.75905
235 88.53663 50.416344 72.945946 9.560269 58.82686 20.615911 77.85272 71.19581 85.2884 2.7007163 52.710144 33.71781 85.10912 99.18577
236 28.965408 64.56622 88.73483 28.786242 21.643782 22.981476 62.966175 23.523754 81.04616 56.465088 0.29479265 78.13747 93.4971 74.304016
237 24.838484 33.70769 90.63916 31.611395 20.819122 96.751045 56.989468 29.29094 26.928144 54.393967 99.67091 97.52769 72.91275 96.45493
238 58.203156 75.12838 72.37347 36.305267 89.60133 68.12906 57.48518 88.23876 1.2087941 88.96503 21.845514 2.8278828 14.922648 64.13191
239 71.93694 40.50735 8.807886 2.1916091 16.093504 23.59643 80.40108 35.290634 3.034532 8.402866 27.953518 62.72157 65.923096 61.26073
240 26.944775 12.692547 8.795649 68.720146 47.711266 3.1617463 61.673565 15.070433 82.09483 80.689545 20.601255 86.44374 21.547901 80.67198
241 16.467041 15.479887 12.874121 17.517286 29.270279 33.56387 50.28652 40.347775 85.33476 7.6667843 91.09245 91.250404 66.97762 78.58272
242 87.24232 68.120224 95.782585 98.67469 44.194485 13.465118 60.665344 66.00103 72.85406 41.452724 84.43992 32.831024 18.35019 46.827934
243 11.991697 9.079313 92.55212 56.523968 59.143215 3.1582952 24.726128 34.802128 53.881996 26.296389 78.65471 9.121948 96.13726 2.6879191
244 74.73873 71.76111 44.390064 62.18233 44.759727 33.133896 38.0346 68.90236 35.579445 60.020466 84.84825 46.581493 49.40033 55.302197
245 79.75526 76.97267 53.414505 6.648344 91.178856 62.905388 34.658314 7.8264656 16.87622 93.02501 98.4008 97.38609 4.7590375 15.563911
246 74.97996 51.42712 83.651886 7.360917 83.02213 47.609222 2.3760736 9.517556 1.6149342 0.64602494 26.423985 29.372889 93.238785 70.9809
247 53.57915 80.7719 38.899567 10.444796 42.22132 40.83787 50.556446 25.298393 78.12851 45.639725 0.031465292 78.57168 62.056805 72.33775
248 92.358894 92.00485 76.262344 68.72508 42.03362 41.702896 73.761246 88.74758 17.711967 20.937325 40.14621 84.83725 72.2813 95.02469
249 60.150383 44.04833 96.3349 25.103695 6.139493 48.421814 32.266514 44.707226 74.90384 93.162605 79.54809 41.629498 74.407715 25.599648
250 58.20004 10.63199 90.74127 29.07809 83.74488 84.48803 4.9292207 88.53378 32.602043 32.76909 32.313686 47.21492 39.298065 2.22466
251 97.08923 19.597805 96.208244 98.76138 49.684288 25.809456 10.800177 19.609219 73.823814 83.698524 85.31895 2.5572479 97.35558 51.028645
252 98.14991 85.99777 20.67073 81.10943 96.14444 64.34412 58.50656 8.595151 22.235262 75.157776 75.103836 50.30045 54.750847 90.570015
253 94.43546 9.8952 83.82733 81.408325 22.172188 50.50334 88.88635 29.500443 5.1611543 19.8573 59.786816 35.14992 28.73432 17.13106
254 56.268456 82.54319 58.717583 6.331462 66.79889 17.205542 40.47313 49.67323 82.838715 64.48378 83.8835 36.26489 79.589935 85.86792
255 73.39584 61.318897 4.0423512 66.80935 23.920965 2.6616871 37.943394 43.145172 54.66849 92.311485 82.36555 67.45908 17.353756 78.13024
256 14.819795 57.419758 6.4035296 64.919914 95.16444 47.624218 5.898428 55.763687 46.499763 28.58351 20.414019 36.913727 48.24525 21.631104
257 69.36815 56.16504 44.90672 28.683842 41.9671 92.55885 72.706085 59.475685 52.7011 50.619953 22.129429 76.2142 66.21426 95.40475
258 5.226403 83.23808 81.22256 74.73673 57.652927 5.404341 52.24512 15.512329 35.291218 48.391117 56.831722 84.31432 29.91938 73.21354
259 76.60635 35.276306 26.76266 78.92659 90.01128 35.76564 15.5789795 6.2028227 80.64656 32.624084 85.76244 11.258614 50.389797 57.114853
260 32.154064 27.059729 14.192665 38.1276 52.00458 16.023064 12.044269 12.403703 62.828087 16.27168 41.83282 63.44326 36.51824 9.177751
261 28.811657 52.283466 55.684166 58.292027 57.475426 2.4989307 15.126795 34.217716 99.58594 86.63525 33.95642 93.515175 47.873264 13.976121
262 14.099503 95.85554 73.90868 11.253082 88.72044 47.47502 56.4465 3.8891375 92.06839 52.17641 4.118514 69.94053 50.937527 36.90354
263 25.007504 40.441948 30.603415 27.063137 71.9067 35.81273 55.880756 58.633984 32.885414 49.84761 94.76486 87.59616 4.3332577 51.162685
264 19.708967 51.80589 10.467445 61.423695 14.502877 42.16903 47.189785 73.941414 45.31837 86.42671 77.31878 93.0313 67.9495 54.219826
265 82.0526 40.718616 62.58934 72.067474 43.812325 93.804085 18.449581 33.764164 57.45144 70.93126 86.75972 99.31764 19.59414 90.11751
266 68.60268 64.325676 54.28624 5.2945256 47.893776 23.596972 92.229774 12.877691 46.638805 46.394855 20.956463 92.44053 4.279643 76.01972
267 75.02155 19.462894 33.126728 90.20747 94.624466 12.166697 3.0760288 39.229404 74.25607 62.02967 69.31414 70.41889 71.616486 51.117348
268 92.64242 57.46976 93.03586 95.39964 62.325035 63.16057 2.171743 27.28812 22.72536 59.630333 71.368744 62.371803 16.990257 22.000605
269 62.582375 93.43444 91.03645 61.602856 60.33281 42.059017 79.26298 13.489819 1.2236893 36.28166 7.746214 80.006905 41.904564 97.72641
270 71.97173 25.260496 64.05658 28.375774 53.03102 33.1915 35.432274 14.613258 40.089233 80.05479 79.89061 82.48026 97.04891 27.39141
271 76.75615 75.348785 99.74625 37.594967 26.028639 4.615617 36.582954 26.015026 16.621471 80.82628 2.8953195 42.867996 0.87067485 41.15502
272 78.079475 78.26304 61.300224 87.77882 87.83009 84.1819 1.6367972 67.83063 62.92157 39.62499 70.23157 0.80379844 84.69166 57.26168
273 42.57588 74.0715 87.51663 51.273293 33.010708 26.212334 84.64424 92.68761 51.859093 54.785667 18.139887 57.972103 71.20055 67.83359
274 61.578167 93.138885 53.813927 33.515106 38.46427 34.84089 49.20975 20.782894 55.999035 44.190895 77.236824 5.83387 96.32024 62.16044
275 32.875656 98.206474 92.18758 7.8243256 30.22914 9.926075 35.467278 34.38157 4.409802 8.144575 1.7656684 81.33968 47.333656 2.4716854
276 8.02244 14.594358 28.00843 82.908554 69.47959 6.030774 45.70549 42.284702 63.67907 48.93865 61.699913 51.746433 0.312531 39.756023
277 23.633444 61.589462 2.9626846 36.78396 27.895504 39.075523 30.963982 65.45653 96.935 35.387444 63.50881 11.979741 87.62934 65.189224
278 73.2846 93.70497 96.57987 43.058205 80.711136 28.074568 11.61828 24.099493 82.43077 31.529634 44.35445 53.15449 27.076508 56.12541
279 5.0415277 14.055002 88.30395 32.04301 82.461105 52.293144 88.23655 97.565926 22.334606 0.27905107 15.265614 9.814429 57.653706 82.10949
280 77.80412 86.5753 3.3117712 96.60031 42.169525 5.461651 50.842506 44.43476 28.125889 6.486726 72.575554 62.903152 22.428535 9.59608
281 99.05864 84.172005 19.47074 72.997475 70.44145 28.703451 92.13436 11.041832 78.25059 61.78783 26.307076 43.290043 25.500536 69.65949
282 43.174076 17.158735 2.5918663 82.90331 66.06 94.64641 36.46218 83.45658 27.838242 5.13469 48.811317 61.159153 33.10316 78.73539
283 4.063654 34.257935 91.59107 2.2728682 32.514393 52.346252 88.72789 98.475426 42.602806 60.793167 1.4740646 60.584427 47.545856 12.734622
284 56.44579 73.22296 5.0447044 72.15971 49.040092 86.40755 29.15129 2.5996327 41.21905 55.009182 75.67255 87.5415 58.76592 9.308821
285 17.026955 77.13621 51.076286 33.64564 19.897694 11.302858 25.566732 26.183092 75.304504 81.267944 50.059628 21.741688 32.113266 73.29484
286 38.337128 36.253017 73.099 92.29947 12.562418 42.02458 89.37017 5.7147384 20.368862 90.579895 41.455986 34.92687 80.85493 48.82567
287 1.1740923 72.48885 32.04623 15.732241 0.3649652 26.81229 49.95889 3.1936824 43.846405 14.902049 36.395954 35.41897 92.96421 99.74537
288 17.01988 86.818794 81.66148 28.076935 23.86915 6.1790586 73.14329 81.355415 35.939854 83.79895 6.3676 36.90911 29.158604 3.6298037
289 67.45723 15.404815 12.2705345 81.25238 71.71782 97.194046 49.90564 44.310814 72.59789 44.885372 58.231407 39.87804 60.282177 7.9349337
290 94.82637 4.8212585 55.625404 81.455894 3.2046437 63.788277 96.08169 84.19975 47.088074 4.7328115 95.74438 37.200523 21.172274 55.2858
291 8.479368 6.399834 27.692133 52.67103 43.616848 0.25392175 93.29946 74.72948 60.283054 31.490957 83.17082 15.992993 77.03559 94.53072
292 71.2308 38.231415 76.159164 24.35202 2.0809412 63.649315 0.23890138 75.61306 44.65496 76.65015 46.226288 43.47512 85.57818 49.103554
293 68.229645 79.79137 45.30635 48.192673 34.09176 94.105 58.781647 45.592422 17.168516 61.320244 38.810474 43.91059 88.61427 44.094437
294 11.689175 19.545322 47.24356 24.142265 65.643295 50.47315 44.31962 82.996284 1.079309 29.64174 35.374874 78.64931 92.96299 37.82299
295 96.66675 93.29171 28.13716 68.77038 51.695602 31.492197 30.185635 20.667732 55.255318 94.15802 30.466593 24.063921 15.957266 47.015984
296 42.915154 2.233243 10.58591 12.80846 91.7025 16.21859 57.83948 2.5895238 72.2004 46.30232 98.128235 36.190254 77.11221 93.4677
297 38.601364 96.91439 29.081184 39.28479 7.2224855 96.70597 49.37635 97.86369 50.593513 60.339706 87.99804 97.91313 61.73328 49.62742
298 5.164647 91.933136 35.85707 59.27567 46.878696 50.12992 94.39538 6.999856 0.1737535 32.304554 55.36786 82.9902 56.57783 66.831436
299 47.43471 3.0886173 97.96908 3.5688102 96.44096 50.38932 47.834682 50.354218 58.317947 79.79873 86.27408 80.41723 27.393038 76.823425
300 0.02644062 91.93909 31.37821 97.00238 53.275883 69.0126 95.766594 96.527954 2.733755 94.879745 53.584183 92.337715 6.067002 89.58338
301 19.25273 44.9984 58.4978 22.660805 85.86437 37.796547 43.51866 1.3917148 36.90561 67.415985 63.136696 72.11267 50.16775 66.29733
302 66.68212 38.51081 72.32409 34.181725 78.60242 90.45849 36.836647 70.443794 21.239979 20.257591 10.183019 12.683034 82.59751 52.100807
303 76.88715 7.7983737 18.580389 23.661608 2.828616 65.608444 39.03423 86.09348 59.43696 82.25359 74.74292 57.011234 4.6094894 20.442427
304 83.90712 98.46689 25.790035 9.463501 39.785324 53.303623 78.19678 82.21351 62.26312 64.922195 38.582016 15.801012 64.04663 10.334677
305 29.354042 42.135723 83.691765 78.88306 6.9098353 64.93605 62.332363 40.200817 4.449481 68.47436 86.12123 27.490866 46.513546 53.883224
306 92.2239 55.144173 28.46008 52.783646 10.694247 33.852207 67.84786 71.246765 58.51428 8.958197 70.29947 24.605417 94.11124 47.69495
307 14.275527 64.39416 92.19901 33.58075 97.00798 40.784115 79.06623 88.56192 17.633963 19.419086 29.500896 59.03688 18.675882 1.7449021
308 28.264606 45.76891 99.07152 18.007994 34.083824 81.55372 31.92733 46.398132 2.999574 17.576414 19.318802 98.70353 63.9112 49.454975
309 41.37498 29.774784 33.378113 28.37189 74.45529 16.56214 83.13044 69.352806 75.66197 93.06389 64.02494 97.13242 40.75107 64.83187
310 58.91593 96.18986 17.540241 94.414345 6.45656 43.03498 95.30777 95.030304 63.3783 59.844505 35.890926 80.679985 67.30576 4.8042593
311 77.99256 47.681747 21.448887 98.2975 41.67492 45.228123 50.190002 19.235706 14.553535 84.976234 7.0741177 12.768287 89.50836 34.99822
312 48.25571 51.30406 90.82428 98.74228 92.10491 33.76449 11.8902025 41.188736 54.293476 93.365295 53.56994 52.378857 94.942566 88.64828
313 4.0657225 32.266617 15.80773 54.18256 14.796835 3.7712872 59.30283 91.10827 74.0921 65.43528 53.53741 39.85442 53.24193 47.71932
314 17.385977 30.836058 34.879143 43.26336 43.662846 88.19618 39.278095 11.03487 56.291412 27.741367 42.810165 65.867905 36.296852 55.723022
315 57.61583 31.22065 11.691028 29.200172 81.00527 65.86215 45.846836 72.10598 65.95125 50.519814 58.576412 71.11514 44.371162 3.219211
316 2.4475813 70.81979 7.1050463 61.13068 55.320732 93.97802 8.288604 40.269787 97.902855 76.674095 87.21648 44.50958 24.346954 3.6586642
317 53.1209 13.243037 94.43732 81.01702 43.20094 57.938663 20.369726 93.30566 72.68351 66.076385 90.04823 63.623363 48.949345 34.9144
318 45.479248 97.52845 16.397207 14.6613655 50.360096 26.62636 51.641953 82.41654 19.260962 32.94133 2.0540178 65.25904 23.623388 90.32569
319 87.0689 77.746155 1.6958833 90.18455 88.95731 19.509865 52.861862 63.30116 95.994095 90.37513 96.76208 81.698074 19.654518 60.27943
320 87.161285 39.984756 52.36884 80.12869 35.458683 16.808695 22.562664 27.522724 72.705635 97.69105 18.595934 52.026142 48.399384 71.10129
321 17.4945 61.4161 73.4052 62.078815 63.06463 80.234116 90.17342 40.580166 81.42435 11.197501 30.824083 85.11427 10.821236 48.84046
322 70.3477 22.78676 12.790453 82.471924 23.6032 32.829033 49.509888 95.53575 79.28436 46.82485 79.21223 23.180426 27.687836 11.513508
323 79.61231 85.79345 70.87421 82.15478 45.70802 28.997486 10.407334 70.459175 80.53506 89.76842 78.83684 92.053314 58.33096 82.61293
324 13.81762 6.9607735 62.237297 81.88777 98.4143 61.795933 1.5975952 28.17092 95.70567 65.01212 85.86152 33.986492 61.085964 23.903334
325 57.165916 22.080034 0.26824474 62.976974 66.2244 26.844507 66.35768 23.204386 65.92645 94.4749 24.715376 7.4889 14.044249 62.110676
326 11.72967 13.00267 36.002274 1.8010616 32.91272 50.931854 36.426266 16.85304 79.62279 50.29401 45.1105 50.311356 42.66478 28.07588
327 90.3962 46.353714 98.34403 62.76757 57.320274 22.703474 79.35446 63.789814 76.167625 7.2704372 93.097664 93.23318 11.448854 45.694553
328 45.392834 78.225716 64.347496 42.916073 82.59921 88.15272 41.16984 95.02042 2.2958934 28.467346 74.4293 45.16091 57.02542 86.11374
329 55.364292 46.16319 0.19385219 16.357624 60.692513 83.34184 93.83396 79.36821 41.327698 44.052498 18.191374 61.067665 16.021711 69.566
330 29.412407 66.96996 53.15277 83.05208 98.23569 81.942764 74.17811 11.925846 6.566983 91.579216 12.940014 59.734535 65.012726 62.258156
331 76.70101 92.396095 60.537167 53.662796 83.44507 85.26411 24.87964 67.7402 71.885956 94.56222 89.52309 26.603912 67.353874 21.647871
332 27.955479 75.056244 30.181015 97.833855 79.63843 54.145367 50.58375 36.68306 59.22999 24.949068 92.86227 49.42543 18.752426 97.62536
333 34.84047 56.11885 96.91379 52.289383 18.99389 23.140377 38.860096 14.625132 98.11847 28.367912 39.241455 61.042767 59.44788 74.874054
334 72.420876 92.93285 80.91337 7.0441127 54.552418 5.9947133 66.153 8.754373 94.5315 34.138393 20.622927 99.66927 53.712643 15.050525
335 39.762 74.96819 49.84966 79.70855 46.944817 27.083324 18.80368 36.024033 29.57077 30.57534 30.86096 99.05285 7.0363226 87.40853
336 47.49354 20.052164 25.792545 7.99098 82.38234 13.8747635 10.783297 20.859926 88.61757 60.119736 26.184834 52.32113 56.120796 16.013659
337 73.73276 27.26043 51.235325 87.65164 16.546339 8.364844 28.6574 47.017776 88.07539 96.81063 66.79322 92.727325 77.74555 60.8506
338 26.401907 46.848797 70.521416 76.47957 72.01049 74.19491 20.712286 57.353264 71.86442 46.40362 19.995165 9.324181 58.719765 44.810112
339 55.21806 72.34201 77.01611 73.94925 67.78086 52.111614 6.131464 13.497841 18.290525 2.9384136 61.562 69.1016 18.084108 97.81002
340 70.854744 41.931717 23.751915 22.217733 66.62425 49.63968 57.930458 3.8296163 60.495846 25.849789 45.64085 54.265606 67.63565 56.231014
341 61.904804 54.337578 57.768177 82.87207 15.171486 76.70593 64.16829 8.055204 29.44203 65.536354 93.78639 38.058365 93.4034 1.0448873
342 38.9736 38.346855 70.21148 76.48672 91.58049 86.042435 79.94026 28.929817 33.685448 43.039894 96.59507 54.873062 13.853812 74.301155
343 31.744797 33.300602 84.43884 67.98005 91.34046 87.04994 52.622288 95.96516 95.5521 67.41516 97.08264 80.582634 93.178276 14.7753
344 92.61062 2.5498748 2.3828745 61.85947 18.715387 20.34784 83.52377 27.227085 65.14422 47.083725 33.3027 29.906582 79.94912 99.30595
345 63.34098 16.216606 84.76406 46.33276 41.843056 64.9678 40.60694 28.249962 80.828964 54.953064 26.905006 7.1687818 10.394192 80.38334
346 70.48567 77.52344 7.7971163 66.28048 61.716236 96.6006 25.399584 11.42847 36.36605 42.166252 65.42823 4.999262 6.4658046 47.585697
347 79.32624 72.1652 46.628296 70.38146 68.58531 90.70137 96.959694 83.46227 46.15464 35.64837 25.631977 31.571287 91.90006 92.489265
348 7.0189 12.689358 31.526543 84.99903 51.44474 45.600655 60.587875 85.01529 64.29639 92.555176 68.708595 64.98678 92.55526 68.48169
349 34.266464 66.46953 20.579082 85.61176 17.17403 49.0167 21.881676 31.332897 83.01199 53.46065 35.20834 35.816402 21.874405 24.79546
350 69.6872 59.251713 51.46888 45.17554 21.365559 72.70809 8.167773 93.45498 0.9409964 54.64946 69.03621 79.770004 86.70797 11.420059
351 19.889307 71.54102 67.21238 15.632778 91.98599 89.634254 72.202774 53.926765 56.194775 83.02801 88.36309 74.175804 56.82529 98.99325
352 55.996334 12.646616 26.577013 29.400135 65.10227 81.1125 83.29647 97.24329 42.768078 71.369354 22.849798 29.84296 9.895354 35.388775
353 90.11667 64.492966 3.2573462 70.4496 1.9134045 30.718327 10.768193 53.54895 76.88984 21.967512 63.514507 53.30565 83.76026 93.749596
354 10.224062 2.0917594 81.58148 29.252487 68.91606 39.48555 95.448975 85.72291 89.79159 70.1156 44.528526 52.793766 64.096664 95.90977
355 33.669426 9.014214 99.64764 42.583473 97.16346 85.637375 36.689274 62.372696 76.04102 31.88066 62.309856 45.57282 46.464306 7.084221
356 70.128 49.982826 44.430977 0.20876527 9.56952 74.03591 44.59865 32.750828 38.756405 71.943985 12.348843 38.29096 82.6358 79.8813
357 17.312181 20.469057 57.09739 84.927795 52.868057 75.2056 36.88879 93.59726 74.31926 65.52376 64.378914 16.260164 43.54494 65.504875
358 44.6889 76.173195 40.284866 39.91905 85.27338 27.242167 80.449936 8.168591 82.36655 49.735146 25.944578 4.680091 58.29633 16.148478
359 4.695487 6.1609564 20.81638 35.09658 5.4909887 51.638752 64.42401 95.79408 11.739516 50.43126 13.046307 32.336147 78.56223 11.717951
360 20.226961 90.032616 96.263 56.82831 86.582405 16.54874 73.00016 0.42082667 22.180557 81.14754 83.56455 32.15241 3.8064003 85.07687
361 88.00282 58.047325 41.80157 5.819595 12.1845665 96.447495 49.103325 84.81409 86.37797 82.1022 74.873024 41.202282 61.86604 42.640026
362 38.12269 68.58255 19.311111 42.42484 42.257915 44.60905 65.97855 71.76006 21.507269 78.122185 7.394123 15.762651 24.665844 10.414046
363 8.176637 2.234012 73.11951 27.888466 7.6168537 75.82631 89.2245 85.99078 79.33306 15.117157 11.096048 68.64164 67.60679 27.30642
364 31.821686 44.860672 62.682343 63.63836 98.9871 42.720055 5.6084213 77.89762 15.921486 49.696003 22.629124 45.057888 13.78764 3.9252818
365 57.526268 1.0675728 35.921562 50.41989 95.8206 5.593425 47.843678 64.10727 0.81234574 54.124653 71.10703 53.367912 21.851938 25.048191
366 32.417297 45.822517 99.061134 81.0796 24.869335 66.32424 5.367833 6.7789435 32.1201 65.84872 10.881847 47.862755 63.097073 71.217415
367 71.343094 80.77064 61.475414 47.87426 71.950035 28.649967 75.508865 1.358813 60.96969 12.838322 17.545444 64.34132 90.0976 86.36655
368 84.18673 3.3293247 16.847002 1.3558745 5.8602867 37.206203 89.88212 67.88026 14.681691 44.967484 23.066944 34.41494 60.81152 85.291084
369 5.283695 64.960495 26.80146 90.38499 98.30465 74.94645 26.22391 91.93599 47.009354 75.77244 74.553665 0.53317547 88.170395 39.091038
370 66.99446 80.82058 64.34209 38.491104 27.706028 33.56663 66.84778 33.98341 28.4889 30.109894 80.55385 98.562004 41.03837 13.097835
371 37.43762 25.119804 46.811485 25.488794 5.608511 14.201093 1.5995383 4.409337 15.446681 10.6065035 40.11467 51.184742 20.213205 0.9184599
372 19.145685 88.78772 90.50499 89.84128 78.79108 44.73892 81.23311 65.166405 50.424515 54.366077 87.6646 27.558512 40.691036 96.07054
373 20.067142 79.65395 64.08349 28.20965 91.527855 30.672777 6.434518 54.289806 92.78879 8.436555 59.718227 58.85159 53.972 74.98436
374 39.437325 16.749584 93.68844 98.580536 51.940624 21.083843 79.38215 41.56435 25.447052 13.986599 62.310577 17.019016 18.33442 55.530525
375 70.07377 48.515606 17.185093 71.487564 98.161354 26.156729 88.77938 74.3789 18.980473 92.80998 41.11678 24.62625 46.96886 59.848125
376 22.86346 61.61574 56.7025 49.030994 75.42266 86.652374 37.710636 82.564064 81.96544 71.21464 95.655785 7.1051064 0.9193301 21.273495
377 30.579948 88.879326 53.07918 79.94209 65.33089 69.48363 59.979523 51.156174 82.64429 27.854109 22.56351 82.79841 99.5659 69.741135
378 32.426495 41.582924 50.156807 17.449284 29.740364 28.581589 19.256561 19.185417 51.928764 34.536407 24.313122 47.806763 52.62681 80.66042
379 52.07184 35.827488 41.597004 72.64283 40.703255 59.042377 91.075165 53.76538 44.51225 60.939472 43.285614 44.691322 11.790318 19.140291
380 16.208393 21.453804 51.04316 22.431915 51.527397 4.856372 6.4546404 20.604467 49.27648 10.878277 30.054558 61.41094 40.080307 66.28569
381 40.97408 60.71381 17.922628 1.5849888 37.043427 98.52964 86.741356 46.37568 51.76826 69.54431 13.336462 23.291374 81.684425 80.127075
382 60.383286 45.842278 91.81652 2.3628235 37.884735 3.94001 7.348961 10.651928 33.095383 76.60465 29.866468 18.563354 89.5482 53.798477
383 59.152435 47.49704 19.860947 14.5348015 34.381847 28.008472 76.85673 83.97243 29.753918 7.1247697 28.3791 42.28592 92.635765 97.454544
384 96.002884 48.421894 10.9019575 7.2420955 22.440058 64.69782 49.43707 74.68107 30.427689 67.41841 33.1149 48.788292 63.688267 24.687666
385 49.684883 6.010771 52.410275 37.35322 45.9035 23.626877 98.65887 21.069431 34.278267 94.09852 16.056656 56.90462 76.58821 19.087482
386 0.6486118 31.405956 69.86502 67.18348 31.571001 2.7947843 7.0331097 78.882225 59.283184 72.7821 89.49562 8.440399 1.8061697 69.71462
387 24.512798 71.42488 34.56863 91.29814 83.455414 24.632269 83.828415 48.467327 35.448235 11.210405 56.76543 57.117516 7.3802114 16.958118
388 10.594588 53.979282 78.89215 76.66587 58.59944 56.063004 68.21725 53.80587 70.828384 30.549591 40.413864 68.76314 72.12485 11.0409975
389 7.675898 35.061943 98.79538 55.556923 46.428154 58.687176 8.979869 36.983257 27.519154 80.695305 69.91509 34.815426 14.032352 79.98317
390 69.82696 31.530975 91.3792 72.525444 33.011395 32.868736 42.060066 30.859161 96.44484 30.346012 93.737335 27.399809 35.490902 9.733974
391 55.329914 65.70005 88.240486 10.719329 8.29044 82.44799 13.852394 41.95524 55.96177 71.35269 53.875256 10.056859 15.133476 28.646034
392 28.668451 90.2987 93.15286 43.37062 58.249657 36.858135 59.019207 37.615902 20.543797 39.019196 35.950382 0.16097426 55.26744 90.96319
393 9.413594 88.401344 51.54319 72.35071 22.326899 98.85494 67.6003 77.12844 77.14734 15.90299 75.194916 72.72083 62.259407 45.727158
394 86.100266 91.40232 92.17088 70.7217 47.41428 22.162157 92.53234 26.118195 13.557619 83.30671 62.25246 1.3509214 50.55468 63.490784
395 16.629427 14.068281 70.17812 48.49019 13.415712 43.97474 53.28223 31.045263 14.34868 60.24932 11.453843 86.30457 59.49525 32.570236
396 70.083115 92.12657 72.66966 98.28616 83.02788 64.66602 60.395973 22.578775 15.951175 49.752575 71.9213 54.186867 51.70399 70.597466
397 6.4735413 55.102455 74.16651 44.938087 59.443306 91.3559 6.9278717 89.008896 9.910756 75.39829 8.064061 62.43412 56.70378 74.54274
398 22.867685 44.557823 93.04643 59.3841 51.304626 87.70782 75.229935 90.08256 7.647133 61.841476 38.320583 94.93654 5.39881 84.91707
399 61.728657 16.91448 43.335278 47.70845 4.8314514 10.953033 58.09787 65.731384 53.417957 3.116691 37.97292 76.13686 22.457355 46.465862
400 11.753589 97.07356 0.8599341 66.07676 69.21634 60.91169 46.07796 4.537952 76.86267 52.203976 7.48046 0.91938376 98.10474 34.244007
401 89.63698 41.236443 42.74932 44.042248 42.48038 51.44256 71.00872 10.509938 62.619907 98.671486 84.703156 92.218475 6.9872675 70.56731
402 7.9928875 3.447318 99.978 2.90398 4.8775554 66.06924 72.06677 73.18477 96.62618 82.433304 10.611033 12.467659 32.867252 14.640641
403 61.606606 63.28853 71.6998 98.876175 69.229195 21.317022 31.121826 41.73406 23.10621 99.40887 63.362854 87.28986 41.745705 91.20426
404 60.215347 9.127193 15.049362 47.619637 38.862103 47.27987 65.309425 12.804562 59.480614 54.32625 40.80662 59.767185 46.37255 42.454235
405 0.6684303 72.35075 89.62957 90.55235 75.90912 6.074876 93.33173 10.183704 36.76259 31.104439 65.720055 16.138208 68.05456 85.905495
406 56.24113 62.170036 55.27524 8.682405 81.19196 98.10842 37.351013 38.21781 24.074055 69.94178 56.3312 98.07331 86.684525 10.439915
407 68.073456 74.13247 23.229975 71.68194 5.6100726 30.12119 40.959465 1.3460517 62.602657 58.026237 58.401245 7.2021303 87.85133 48.318665
408 95.49315 35.901207 23.235464 70.70266 30.768745 86.41285 42.059155 50.944138 9.164071 10.419875 38.200146 98.4409 62.618954 23.29989
409 9.672338 6.8936706 14.950502 63.227127 74.47993 5.1036654 65.77553 22.20186 48.54673 53.99974 76.666046 12.805044 21.94234 60.988754
410 40.16446 86.093994 52.804245 44.195282 80.499504 38.772087 90.79173 21.738035 78.38251 27.618689 71.43504 8.573037 3.488505 83.75039
411 37.506508 73.37117 82.3144 2.76317 36.99614 77.20646 89.04466 94.89837 83.19254 85.390594 68.64527 54.370083 99.83184 3.5400152
412 38.261414 42.73371 92.678474 42.90803 51.540176 48.076725 12.948561 11.222911 94.97383 51.844673 2.6981711 60.8718 42.81388 6.8139434
413 28.008413 2.4519145 62.403114 53.184944 23.150414 18.728 2.5892317 1.6558707 43.863052 41.20512 39.70659 20.870298 86.695015 92.22769
414 6.7438602 36.59671 95.63145 52.19012 7.867539 87.742744 88.83938 0.5958617 71.37024 72.74111 84.531975 56.896255 26.09728 43.44055
415 43.188965 31.907225 89.025154 73.429665 26.511621 1.8322289 22.285223 6.310189 74.67969 57.267414 86.72043 15.981346 41.171764 20.846552
416 74.02104 26.219051 87.37963 95.277405 11.407291 8.019781 11.572277 13.369912 80.32623 19.175089 72.84236 42.262573 85.13304 66.7604
417 20.202696 13.4848 18.470692 56.63259 70.013176 40.876984 49.098736 68.17077 6.741065 70.91921 65.11317 32.460712 48.33464 19.947279
418 33.52319 49.57644 99.17833 64.377625 36.492813 8.77406 61.96685 1.7993212 48.518707 54.069847 41.46794 20.0639 68.512276 98.17242
419 14.932787 39.814972 90.11014 37.990044 78.067696 13.817078 14.2910185 74.40918 84.51833 18.59498 95.07949 23.775995 58.5724 93.97253
420 84.13095 16.105854 73.40125 21.858025 58.49414 69.65654 94.09347 73.87728 90.82464 78.85259 99.75298 49.0848 48.577374 44.925194
421 31.123245 7.929766 91.84961 59.882355 88.951324 40.919994 15.006029 44.95807 8.329063 83.080635 39.230816 66.47899 0.56219697 55.47388
422 88.77036 53.66838 27.05394 28.922665 57.716095 24.377178 9.892446 22.919125 14.407605 62.75127 97.25801 73.8143 72.39831 65.63484
423 64.68596 94.15734 38.720806 86.85764 17.216652 51.92252 98.03077 16.806185 54.429245 90.83389 4.021001 71.745995 7.4984846 96.63755
424 84.020905 67.71642 62.252636 58.608234 58.48099 78.49639 47.57818 39.502842 81.45048 38.73657 17.557467 23.341072 1.3650954 41.030754
425 56.89638 70.620605 61.458855 80.17969 31.269312 50.738483 26.699942 36.469006 21.260828 6.434238 67.93929 31.287312 75.011894 13.997084
426 15.3771515 78.26052 90.18982 53.85562 31.736124 38.24768 60.515602 81.12323 52.72946 40.565712 61.131393 55.89661 8.394456 80.784935
427 86.219406 43.853092 16.297817 49.02255 22.448332 53.280334 27.001894 85.08108 44.2942 23.479414 86.80753 27.81818 48.64136 98.9495
428 53.775375 7.140243 23.210287 5.3946495 84.2975 75.89571 28.489864 17.955196 80.78422 55.177456 98.49125 73.78908 20.897276 56.161613
429 59.621437 13.901079 47.564007 82.21156 77.440895 40.69638 91.92242 20.719183 61.47866 84.93439 91.36407 20.765001 52.399593 89.45812
430 97.75956 62.43882 42.733574 27.216398 0.38460493 50.420277 21.48083 81.68241 0.43825507 78.58585 8.907181 71.87155 13.59787 85.95621
431 55.758183 8.901024 70.83734 55.761974 11.283588 22.605705 70.61104 48.884087 27.517801 5.383068 75.14975 37.076332 19.165188 35.500683
432 65.51663 38.427143 65.46059 76.942245 82.5299 12.247682 44.097477 9.933156 99.789795 49.33377 69.63313 42.078655 49.77416 79.248955
433 56.89909 40.132965 61.029827 93.388115 1.3858438 26.424944 53.435146 62.14092 16.164595 10.58681 76.70678 69.07904 61.801212 99.220695
434 94.946846 33.901608 70.364746 5.3100348 5.062151 89.61109 85.80481 91.4175 0.13797879 85.34357 4.750824 40.950417 28.926008 23.289019
435 8.565974 89.02149 70.937035 1.6208351 78.97675 26.754416 12.451196 22.27968 5.8149633 52.40866 24.123018 56.36306 41.684784 0.6176114
436 65.62839 15.853125 70.34741 72.60243 69.65195 10.133976 14.257395 89.757645 36.934334 22.42725 63.257008 38.88175 39.38964 4.696888
437 7.520318 96.98916 20.578634 91.08783 70.33142 58.59183 76.00736 77.479866 72.38842 19.146841 21.552776 17.728817 1.5662074 39.65875
438 31.347567 81.66843 88.27831 62.893944 69.048546 93.55503 94.89601 19.062817 3.7427366 86.5138 61.568665 34.97019 6.8009973 34.412296
439 24.011719 96.404686 64.57112 49.729897 40.470947 48.87418 17.52463 8.2576275 64.52699 10.701961 85.75907 99.26233 52.38077 8.042103
440 57.84965 25.054752 42.77693 80.6831 81.990204 35.24794 35.111595 96.77562 90.028336 78.47788 77.176285 14.099198 24.05761 64.643524
441 64.37 34.48859 97.17011 32.029335 23.334068 79.95316 63.09616 10.787487 76.41341 26.283276 59.876907 23.524273 51.016033 29.04979
442 29.35741 98.06839 47.038395 73.43352 53.888763 21.36842 13.566017 42.89903 33.74076 97.90956 15.879756 91.04336 0.713104 3.652364
443 18.541521 88.758766 5.470133 36.43895 38.45729 16.966354 66.199066 46.808643 72.08869 59.482147 45.10618 6.498635 7.4896693 86.01198
444 55.631783 4.425436 48.97616 80.83869 58.50991 97.058716 9.7014065 86.532036 98.15973 28.7835 35.226883 76.10703 64.42434 51.635082
445 74.681305 12.671364 48.23155 37.780403 0.931561 87.991196 36.016613 93.97115 28.307545 74.88358 57.206917 58.129005 87.096825 71.29126
446 45.02365 14.028507 84.83671 33.753986 84.4196 82.06465 32.275856 86.262985 26.070547 90.24169 98.96114 77.73806 23.708708 59.268158
447 22.248602 42.230152 68.28118 35.02745 51.970882 74.115555 18.797857 8.309531 19.163435 63.76695 71.47676 89.699036 64.613655 84.276566
448 28.889912 72.63977 15.321445 77.646965 75.05858 62.221127 13.328308 49.397152 84.45848 65.00594 61.17916 47.759003 79.097 96.65128
449 76.23405 20.628834 42.45541 41.137306 37.165146 17.319006 29.199684 86.64885 50.590126 29.1174 10.017025 18.647844 74.55018 52.961193
450 29.407549 97.092514 64.397354 65.48304 56.240036 10.323405 81.88061 23.67044 80.66807 37.63273 51.39498 65.83515 72.71117 72.30913
451 0.3785491 89.02186 16.360992 39.91553 70.91363 81.96154 75.21326 77.18556 94.23274 15.822405 20.902586 26.249302 31.876724 47.023346
452 61.393303 9.519601 79.84769 90.00331 72.6301 21.646273 23.700207 34.90304 52.166706 47.198807 11.888838 41.490955 47.969063 53.45569
453 65.92209 51.294727 48.245018 35.705692 73.35585 53.78776 60.311817 3.2156348 63.10057 87.69195 27.412653 84.46081 61.935394 87.12361
454 84.08625 23.885923 91.851494 15.619927 93.04168 14.461422 25.529749 4.292083 32.169765 12.284213 52.852814 97.7754 59.82164 64.66514
455 76.12675 51.66497 13.104182 31.333088 92.22599 45.17864 28.7951 20.91536 3.0713618 14.382017 93.49296 9.635705 33.91096 55.008728
456 60.527348 65.678345 14.318466 34.3422 30.513048 6.9328427 67.48367 22.484476 2.602607 59.459145 57.39121 52.376472 19.649345 23.154486
457 4.322088 31.96985 65.62678 55.48632 10.538662 11.860829 23.560692 46.063972 49.10841 97.42412 70.53044 18.1032 88.98104 40.03259
458 9.411841 77.9031 33.362625 40.383358 9.203977 62.275757 81.15043 5.4016113 24.056911 54.981678 23.03431 64.85142 70.359795 56.725277
459 15.479237 34.90203 79.13536 75.81516 43.13666 12.794769 83.00535 36.41618 59.558434 62.809063 1.4426053 83.19909 58.988834 61.37705
460 21.02341 51.477432 70.381874 74.949356 27.862703 3.5194218 15.839648 53.635704 94.094696 39.1083 46.912777 6.362218 88.70198 32.632713
461 66.47776 37.994297 22.56111 42.6171 84.35274 48.32292 28.43753 71.810524 9.890437 28.820545 56.816124 17.464178 93.2634 21.518343
462 58.69589 59.52742 23.115122 90.18173 55.422146 58.02784 26.085293 76.16897 24.702602 15.28213 93.13492 88.01519 80.39295 50.784977
463 48.617947 87.020134 93.4944 10.176622 46.001297 52.123272 2.9426455 9.695393 4.669839 21.379608 39.861286 5.6380033 26.32425 38.71857
464 38.490707 77.80177 48.356407 71.75706 14.286822 56.453197 1.8521905 86.68629 45.826214 85.404755 60.418808 61.16526 26.080544 57.196743
465 55.070908 16.297567 32.072372 39.645218 22.455502 48.771553 64.4472 22.166883 76.58292 27.79842 2.4558723 82.92374 96.10358 86.342125
466 10.413498 28.105688 93.48565 19.11584 81.87399 98.30947 42.97603 1.8004894 63.333466 16.263645 50.04882 56.86367 13.865334 58.93877
467 25.555683 15.225434 17.11971 45.779724 7.698488 2.8973877 11.828762 15.376216 49.26632 24.742788 73.39835 13.88278 46.647198 19.858479
468 97.19795 90.00852 41.58568 35.018993 71.46128 10.080523 32.466835 53.465218 9.767747 0.7643521 15.334821 39.44362 48.19023 51.287262
469 57.482635 16.748297 16.481226 67.800964 30.172794 8.591718 15.052885 52.75194 79.07393 81.99603 76.72529 66.27082 48.845016 82.185875
470 53.821915 25.683039 54.7993 19.865376 44.54518 75.8795 82.87841 9.531736 87.84393 56.627094 17.720676 11.931271 1.1773288 43.668427
471 36.185802 34.2796 81.48565 15.942823 44.383125 2.8883457 14.912611 20.303833 84.436584 73.36874 56.81089 63.12281 42.613995 51.68538
472 19.540703 52.126114 73.07039 97.13985 93.59233 65.2501 26.63712 87.06426 87.48947 11.311054 77.47466 77.85508 96.43799 21.537048
473 52.954876 72.29177 49.26151 24.717415 45.116962 37.24381 71.11317 91.67891 62.03289 36.31365 76.88331 18.342817 31.317156 90.19649
474 51.064278 58.664967 8.029163 34.127132 5.8207693 28.782612 47.864067 51.357605 54.701797 17.725002 61.641525 57.85926 17.178106 45.683975
475 66.82604 44.122707 34.175407 72.24913 39.604282 31.854809 39.985413 39.91031 60.674 27.423542 97.175125 34.804123 48.446934 90.01917
476 61.99348 0.97845197 14.230466 34.68895 44.718014 76.77967 29.834991 51.72772 56.63275 54.304047 13.9772415 1.4984012 69.93085 43.73288
477 60.144775 83.804756 43.656475 53.88797 5.899191 43.698673 5.514926 55.159855 87.881294 60.391556 1.4765978 49.29946 14.311075 36.133324
478 90.879906 37.207943 89.13013 9.964233 40.313988 7.1591434 31.00869 33.638287 53.859417 94.752785 83.44159 69.328865 27.023066 26.79782
479 16.605526 70.58602 66.47198 15.299135 80.37699 48.112404 24.814028 27.364737 4.060185 73.014465 39.366436 11.324817 20.404362 44.084583
480 74.08428 99.38134 58.169758 18.255865 65.392075 49.97212 32.91276 39.5872 94.18388 7.58456 24.198658 80.984695 9.159118 89.40135
481 58.821224 52.413742 30.178059 3.8760662 93.83198 11.732494 66.506424 39.656162 75.590805 10.673655 3.5333157 59.291695 27.287018 4.171622
482 85.46858 92.55058 18.40474 70.49188 51.141666 52.12789 96.686104 20.848608 48.63576 19.872784 12.864244 97.83593 53.211002 55.70969
483 57.688457 63.551895 65.725204 22.11085 21.754026 91.32883 57.287876 53.75731 13.898188 94.12749 14.734096 20.940758 61.264114 31.598013
484 3.0421615 73.9063 11.71028 34.310066 0.21945238 27.877247 60.51119 4.526478 40.43136 70.65856 92.02581 99.01595 68.05116 88.773155
485 22.284948 60.713768 12.475729 7.8894672 29.662138 46.54823 27.410454 99.26304 92.65188 41.52124 43.11351 88.00881 11.303526 61.29331
486 82.85659 9.782118 62.38099 23.266851 30.468958 49.97105 38.481945 19.741982 71.96038 90.451614 4.112935 5.4516497 96.35399 11.552906
487 93.34752 29.047018 37.304054 5.906844 95.77613 96.341225 83.93782 62.664074 71.882545 68.83336 35.572742 58.054466 92.96037 29.791891
488 27.256907 25.929468 71.73254 11.605543 1.0133445 90.78052 90.79065 80.90285 38.60109 88.37903 19.97224 44.851357 35.71288 14.790976
489 59.30071 34.89182 72.79991 73.80381 39.894276 68.81917 94.948616 3.0518055 45.38801 3.5331905 31.046432 69.184814 85.30231 97.95065
490 72.28851 27.705515 9.1389 76.56409 61.13425 40.5734 15.810389 51.079304 66.17094 57.8765 2.6446164 41.655113 95.84649 73.90014
491 47.29468 75.75916 27.368736 14.437527 5.3858876 5.859023 46.723984 54.41141 87.91306 15.466988 45.043182 82.59493 1.8459618 3.8918912
492 36.553185 54.780674 62.002872 94.92512 28.019411 16.060204 24.218918 84.16787 10.652363 36.414112 31.686533 68.421104 77.46548 27.610832
493 85.911964 22.199858 14.398294 81.06797 49.159233 48.75412 27.333158 50.00342 99.99781 22.795027 62.423603 60.617554 11.40247 10.3170395
494 49.719257 68.487236 10.854864 37.415375 53.52844 21.665447 43.461777 38.82703 83.73205 71.5765 66.940254 41.139923 4.5881987 8.649325
495 6.446433 82.34637 48.498135 40.274994 27.972704 84.856735 86.60266 74.20724 12.053567 43.48911 43.62111 97.60645 30.759197 62.629086
496 46.519726 28.780931 26.688534 41.088158 23.703617 70.08968 34.481503 11.6216545 89.58063 62.785522 65.147934 61.101162 57.47085 70.70732
497 28.465622 92.53915 78.67151 34.146404 6.3514113 11.162579 46.583836 98.9523 13.289297 82.22083 79.52968 51.601875 11.7524805 90.94324
498 84.40675 67.6963 59.53965 46.851273 43.64107 99.89284 90.828636 91.3574 80.793495 8.909631 7.615161 54.188496 74.27876 46.80832
499 37.445145 39.661587 65.38411 80.67212 96.67321 26.277798 65.3706 44.0284 55.906685 14.617997 8.952988 96.44968 1.1562943 30.310202
