500
9
0 6.555414 32.35694 36.477882 37.924576 66.18006 53.239822 18.414337 23.94054 45.9854
1 31.221533 76.73573 35.369213 0.2627313 19.182646 84.30176 44.933582 58.578568 85.16603
2 15.3766575 26.677948 53.00758 90.01539 0.19040108 42.239105 88.228355 46.668076 18.232233
3 57.526672 17.837643 16.905748 23.11164 56.430428 82.34109 31.742508 44.803913 70.3531
4 61.172382 83.62856 36.786304 68.01608 92.87508 92.912735 86.221664 66.77825 0.9132147
5 3.4959555 84.27405 10.132712 5.6802807 89.59084 24.225462 64.403984 10.936171 28.559864
6 9.745306 87.07192 81.466835 5.8329525 80.94815 8.5243225 11.140746 4.110062 7.3280573
7 5.1260114 51.20322 97.95572 23.906988 63.83918 88.63894 29.322618 58.673115 94.60086
8 46.34279 2.6444316 88.365105 16.434532 9.828776 78.371086 77.69798 64.83252 59.99976
9 99.95294 80.10307 62.09436 25.381804 95.39452 70.910835 87.65739 29.043549 4.989642
10 25.644667 43.435043 40.583992 1.4234483 64.78244 49.023968 99.05307 57.10393 44.109715
11 25.403881 22.004944 41.69721 47.82536 43.297733 84.170044 86.03152 25.120998 66.35915
12 38.130154 57.762726 24.356174 10.298681 62.113277 60.726868 10.570985 50.249874 86.37641
13 90.327095 79.35777 31.224543 50.963367 68.505394 94.55799 94.3393 41.820614 6.043327
14 9.425264 6.3509226 98.79991 29.637665 75.430504 36.466812 74.00725 94.24053 83.47048
15 34.762848 79.87121 25.682295 16.632086 36.018764 17.360073 98.066986 58.676304 4.3605328
16 31.698698 8.613884 98.918274 93.57971 48.008747 28.596466 92.133644 78.99546 86.36644
17 62.196743 75.520836 5.6609154 15.251136 60.155296 56.660225 38.831097 46.218353 7.0747495
18 73.96357 22.954155 99.40732 20.45964 90.49155 89.885925 29.283554 76.69223 23.48777
19 73.234436 19.481438 70.10943 84.85134 9.204698 62.973076 42.43027 25.42445 43.336086
20 93.83268 12.567597 40.849453 33.21712 35.938526 33.237343 25.354206 88.5524 64.9668
21 87.96011 7.7222943 28.581434 27.45623 77.552765 90.524574 52.359814 35.59491 81.86444
22 48.12176 7.173687 21.297794 93.4659 43.7487 34.543514 27.266132 23.711037 62.97544
23 59.871758 76.77094 66.82376 55.887882 41.601933 65.166145 58.504616 48.38187 87.39638
24 73.46187 86.39394 53.024673 89.73349 13.083708 50.27878 50.071423 0.7098615 68.183205
25 50.2095 51.561855 7.75972 31.082314 16.029818 27.154524 48.33642 2.7293205 17.866982
26 94.736885 5.0147653 5.0744114 94.832405 36.19542 3.4561038 79.263145 59.818108 27.419865
27 27.531767 2.2807598 28.422016 99.09119 9.738088 76.506714 46.590435 12.567389 24.782747
28 39.467556 66.73581 23.80182 41.61672 14.379954 28.391588 62.33334 88.77922 11.889237
29 14.735931 5.669117 82.0776 87.33005 78.69643 29.59153 7.5165153 20.024973 5.2960277
30 48.87786 59.008873 77.31635 14.185757 81.50431 95.54564 48.481964 17.013943 12.554783
31 9.786338 26.2635 57.80012 55.7747 25.88234 96.848946 55.520527 4.0668783 62.999218
32 94.76794 81.69124 82.34901 89.51361 35.818333 82.18656 13.272095 36.08675 58.94087
33 52.4987 38.5904 51.43797 63.55561 5.086708 5.791849 48.144035 0.49319863 2.6486516
34 94.32307 55.47626 67.079895 43.661682 70.81633 38.26881 26.515602 68.26601 94.650314
35 54.01589 51.32944 40.7266 49.519737 61.55914 14.879852 66.811104 23.079062 3.401798
36 84.621315 23.30563 53.85417 7.2353363 18.784756 35.696213 85.23689 70.86366 23.37451
37 7.230097 22.307365 46.34761 79.69299 16.90715 54.346878 44.669186 21.250809 99.51922
38 49.15054 70.14425 91.752754 52.0493 23.62922 25.619484 98.27808 77.2696 66.76945
39 24.413555 32.770737 47.25728 17.92767 5.0530853 44.05576 12.111849 56.862873 79.97581
40 26.900452 78.05185 27.112669 2.2010326 55.802177 65.24938 15.609253 4.9899635 32.433105
41 30.497122 37.19192 42.036186 66.78916 99.67691 0.34351945 20.853096 54.42508 16.905945
42 51.56309 3.6858141 3.6187232 43.38274 40.85278 30.208761 66.36956 61.86043 14.472323
43 59.02707 21.832443 90.17145 7.0906935 2.943772 87.71685 27.459568 71.49597 51.261074
44 8.503973 43.200035 86.92682 94.04129 4.7709885 35.475075 27.74201 34.0617 7.750326
45 90.403336 42.48885 45.771217 41.337715 48.491383 93.471436 3.3213973 20.507776 50.690758
46 81.72167 95.93725 82.47164 92.12501 38.96887 5.5666866 53.453392 45.129078 2.9789448
47 73.763306 29.767937 36.06324 15.745502 99.792175 43.613277 28.282768 44.779118 15.490198
48 19.86677 2.9315054 39.536434 82.762436 64.983894 61.465252 0.29921532 72.86675 69.186134
49 40.893375 72.05831 61.75698 31.402784 21.86184 36.746235 19.45789 17.371494 78.40665
50 83.12213 73.28435 45.940506 19.316847 93.437225 82.05537 29.548376 77.703514 22.449987
51 1.467067 11.245304 36.03455 19.235754 37.465374 83.186516 17.33231 81.42336 45.600094
52 7.557625 13.525605 49.933643 18.560118 9.232002 63.492958 78.99465 22.811031 65.52148
53 85.83776 19.233465 67.71917 79.13643 34.91764 63.122166 68.80124 9.454823 98.44139
54 43.178493 60.649345 29.509735 26.692825 79.34332 17.322857 23.401487 58.097763 17.19343
55 99.060455 94.346085 34.688324 21.478956 97.347206 97.07207 30.619806 17.340439 36.787098
56 71.11976 14.153528 45.966244 85.80635 41.691525 40.642124 2.9615402 60.685593 81.520744
57 13.560563 0.94612837 93.339745 26.806408 30.349176 76.56978 94.99775 0.19733906 47.918594
58 93.98535 40.654236 78.26456 2.5675356 68.66804 35.86195 15.595638 14.553046 98.192
59 3.906113 94.86568 7.7099857 80.11569 51.2651 55.83371 8.738065 75.487366 68.93986
60 86.59089 33.76666 32.729733 0.9672165 59.520508 66.59001 77.925804 36.268936 10.854858
61 23.86989 49.998497 40.79396 96.527695 48.274445 73.20831 61.359806 84.8842 76.91711
62 14.102382 76.18035 46.944775 75.848404 28.914297 98.08105 82.11073 83.31749 22.877401
63 20.962488 27.795856 56.95446 81.47996 37.10543 78.37878 10.135752 0.9239793 99.15225
64 16.569012 58.102478 10.580707 95.603264 99.80046 77.737915 2.7544498 99.79322 58.206646
65 39.419643 37.328827 19.741476 38.253338 63.501392 82.68955 57.98431 57.928246 26.518703
66 65.57653 7.303363 42.799713 27.23341 96.15529 88.77112 56.10429 74.528984 89.61849
67 44.16991 65.71731 77.64902 40.098045 44.84288 53.372826 74.35435 98.716866 75.454315
68 40.36593 89.59199 36.42736 3.836614 4.2880177 61.866623 19.125599 99.75707 94.775055
69 37.638664 11.711949 16.537975 26.012362 17.01268 47.6699 83.309875 59.622414 33.307312
70 28.796148 63.381874 74.912186 81.70787 47.440464 39.702267 12.183696 40.302067 81.57033
71 73.39409 28.388489 82.908005 95.791176 10.435748 8.868808 95.05295 72.82011 57.078297
72 71.87301 20.396591 97.58268 11.7259865 98.120155 78.270294 56.89583 92.741455 31.641954
73 67.59367 2.4932683 83.77434 72.733635 67.31404 43.884903 84.36349 12.947488 38.08703
74 94.22247 90.15579 16.073109 48.885292 30.03629 78.355736 99.9398 90.60608 51.541443
75 67.0213 20.18448 86.87963 40.37757 86.41576 48.95014 80.80335 16.398382 14.4880295
76 5.4753246 21.198708 43.781616 12.174379 59.928036 19.477945 42.666008 55.892014 51.411503
77 19.898664 28.18123 20.444315 42.173195 63.76988 40.62193 64.50352 55.59218 19.2609
78 4.196501 19.617664 99.97576 50.37382 76.88195 71.85597 74.59981 64.202866 39.131035
79 50.123245 51.375843 77.965195 37.25983 27.015327 64.18189 4.903424 10.109699 84.84263
80 58.976006 59.80111 10.906416 71.917435 28.606426 14.599562 5.0718365 50.997387 95.58823
81 96.8533 8.084452 34.326714 9.443081 68.218 93.40033 77.25799 89.46917 66.84959
82 81.06477 17.020273 92.557396 61.83762 34.158348 54.688335 93.99568 85.24488 77.8831
83 79.47743 88.76531 58.9352 89.22199 75.628136 4.854572 70.41267 22.075802 66.65523
84 48.380672 20.949596 61.038357 80.72849 4.1689873 37.241776 78.016785 38.356483 2.7982771
85 16.905832 80.30522 1.0944545 45.45575 50.843452 31.10664 92.247665 87.29046 9.673238
86 27.559578 29.851585 5.906171 95.217865 84.81902 53.759457 88.355156 84.888336 84.47897
87 95.441864 23.205185 50.498726 52.48817 26.904047 76.23856 22.655457 75.64087 37.567417
88 2.9515028 26.789505 0.72543025 61.468548 28.665865 11.8451 79.55166 5.938995 29.71399
89 72.623985 83.48142 94.09506 25.348383 72.14187 58.948345 11.849344 39.8573 61.72849
90 91.02458 63.433434 94.49579 79.951065 84.69248 63.07987 17.492235 63.032753 26.485556
91 82.85374 22.34729 90.855095 5.017048 3.7622988 56.254204 15.770841 14.120876 78.1311
92 94.64558 13.517481 42.45367 62.555355 89.08557 64.03307 38.078274 62.066513 25.012802
93 17.764908 84.45882 84.85967 25.795544 53.27444 8.199966 23.182732 39.347702 53.034157
94 70.57407 87.7825 53.893723 55.054558 50.27894 51.4355 27.64839 12.4532995 68.896935
95 30.177105 52.04133 65.67869 22.187418 10.305828 45.075363 2.5332093 77.70505 34.31983
96 37.436443 19.428932 64.4254 91.68997 42.604412 68.777695 84.26824 30.651361 18.547642
97 67.71925 3.8912058 57.679623 34.279377 83.47749 62.198967 22.496754 52.832687 1.7773151
98 43.054825 81.625275 62.85981 23.535383 91.13331 83.79228 15.42694 38.351112 83.21866
99 49.802006 8.568639 53.376793 38.10113 9.585219 69.258484 45.457256 50.17941 74.54722
100 96.68031 80.832245 48.635216 36.436165 89.64491 58.33295 13.358498 99.91597 98.84986
101 72.33493 57.485706 37.84171 37.149185 24.522764 15.347439 51.700176 90.36858 97.85902
102 43.747746 78.40845 91.319595 21.426052 57.818592 95.08379 20.942133 25.730902 23.276228
103 79.74777 54.91181 9.650392 21.880358 15.256864 80.12208 2.778113 92.453445 10.924047
104 13.288236 21.160841 36.210068 28.987043 90.18195 36.23718 11.691391 66.77711 86.9129
105 32.48449 44.676548 68.448105 39.0142 40.424168 44.492245 38.55327 46.20763 40.124153
106 66.668335 52.530563 73.53438 23.378307 48.45668 13.017392 67.50775 37.85478 87.97233
107 75.41053 10.11433 66.52144 48.32127 58.58162 96.4536 93.720406 67.80174 97.32847
108 82.72594 93.83286 7.9225183 69.975044 50.87642 38.319378 98.45089 18.330473 41.762497
109 36.121185 57.926487 46.59145 39.085037 5.3597393 8.058458 52.15043 36.914806 70.68201
110 29.229523 73.89086 91.43235 10.486401 54.08973 94.46212 66.01406 56.96208 88.12672
111 62.093704 3.1383753 15.026313 15.402108 97.40625 48.414062 94.80766 68.66149 71.894844
112 64.56906 97.56718 54.137253 20.598042 86.27031 3.456962 50.010765 23.037832 11.517996
113 48.179863 85.187 27.746874 9.98348 56.64345 32.326805 38.328243 62.510597 7.6144037
114 60.60915 37.570244 65.11045 12.0088215 23.148197 23.02798 22.748125 96.943596 49.12328
115 17.86002 87.205574 41.481613 58.30874 17.560959 25.031412 21.898132 66.69517 32.359886
116 28.340595 3.3593059 46.214455 90.07364 46.85205 90.53158 93.22299 11.538487 44.46147
117 96.53888 42.425503 54.632412 89.81121 52.87287 92.46688 20.393723 26.275461 2.6728153
118 32.67086 10.702806 32.624065 56.868874 37.617313 39.099304 58.022343 52.984543 26.740425
119 0.044077635 72.190445 16.188854 33.277195 55.605495 18.26833 53.059334 43.140213 68.26585
120 48.559887 2.3572326 16.135794 93.23184 94.77181 61.133812 94.96308 0.03168583 9.092081
121 6.200653 11.24202 60.84028 71.50493 43.239067 71.118546 69.258125 4.711175 61.739826
122 18.538261 18.35298 60.07521 22.009575 43.88185 8.645338 26.875233 89.42619 5.1949263
123 96.18 90.07688 95.05209 23.663706 56.489624 87.729706 95.01792 83.289825 93.54751
124 43.31112 23.475664 24.96866 82.96558 17.88633 55.409378 59.505264 7.7682734 15.3503
125 81.51607 3.701353 32.929516 6.366891 33.372658 53.769814 14.171839 14.5808935 14.144826
126 75.29642 47.78362 35.47337 89.43934 97.1505 24.71251 63.645153 71.13521 25.589025
127 45.054 69.69426 1.0451198 35.80511 2.199173 51.111816 73.264435 81.90982 41.073723
128 42.229004 56.57957 87.43326 96.64167 92.24108 19.16355 20.578878 99.52538 45.310474
129 65.12777 19.418604 0.38427114 96.869484 59.78316 48.790234 76.58604 71.22793 11.45997
130 43.73381 89.497574 9.725248 51.525734 13.819718 12.030578 69.80055 90.22035 52.68336
131 30.325884 83.89501 48.801605 60.555054 84.88785 85.02435 73.28491 51.688595 82.138016
132 71.69782 12.098378 79.53901 12.1072235 8.712948 99.90352 80.5731 19.505072 68.882706
133 88.61015 62.032406 19.181496 42.17509 30.510574 53.185337 31.329775 27.850813 69.055115
134 6.045395 52.785378 88.32004 71.98306 86.699684 27.377432 63.513935 36.51708 97.851746
135 37.22697 6.0538235 64.644554 36.565487 97.709625 11.435741 0.9785652 27.19242 98.873085
136 46.427708 19.458157 0.828141 25.597404 62.06261 56.670074 81.19084 95.69741 55.72241
137 7.6208887 8.424568 50.29149 87.135956 8.442211 1.9440472 92.71384 74.4996 34.16654
138 60.05995 12.452847 94.7881 88.07431 85.819954 18.295597 83.62455 72.20368 47.400986
139 92.09787 98.358986 21.765392 48.68263 21.244085 48.361732 95.059814 36.575127 66.587845
140 60.631065 16.01011 80.58376 23.959518 89.867676 19.872421 65.34408 74.49367 79.96485
141 0.6445229 65.89992 33.178925 69.75303 68.062035 69.82377 70.09205 17.72799 5.0535083
142 50.46162 26.48518 7.8585744 55.642082 26.251858 92.800545 27.445572 46.363663 95.91173
143 80.15409 65.98742 49.46466 66.05776 56.034557 35.25979 76.9026 73.34683 41.894836
144 21.058392 64.27118 98.36922 80.76987 38.57195 72.28753 13.2369995 80.65237 19.993193
145 29.81097 53.093075 60.520542 35.15044 41.213024 46.685535 64.8786 55.62266 27.310896
146 39.837116 46.49247 68.52283 3.3401191 44.281685 30.542534 27.995068 80.223175 3.1935096
147 84.34864 77.130974 12.645507 83.11586 0.63776374 58.691944 85.44842 43.283432 17.323292
148 64.51277 0.17208457 49.968243 9.059024 7.104826 88.125244 61.966343 94.34737 65.68461
149 72.32879 19.247908 63.457806 97.09873 35.597515 89.746124 86.39906 70.93357 28.719902
150 27.95133 54.050316 0.08593202 94.31458 46.160583 19.468546 82.38863 56.940895 6.725228
151 78.33926 36.256283 77.18964 87.319214 78.32706 21.025366 20.86004 16.060263 5.32434
152 49.55791 8.335745 98.25845 21.716028 72.168594 83.611946 79.708496 47.014587 83.994896
153 47.118534 94.91238 76.62319 56.092865 96.86123 3.60893 39.918846 38.90599 4.1093054
154 10.750657 46.98764 36.98051 43.851643 17.921806 64.67916 9.111357 7.791579 56.514633
155 80.477486 38.282406 45.337914 82.21377 48.125 22.161728 22.76889 57.98617 85.908676
156 15.436649 24.704552 49.402447 98.76447 69.39716 77.7409 96.35285 83.42504 47.935402
157 81.40812 92.76039 24.092245 90.12023 34.659683 98.48711 99.7349 51.890583 40.336227
158 62.094612 66.081696 8.911079 19.247442 50.335587 91.50065 81.53386 28.758717 50.15957
159 69.84263 44.959496 37.45137 35.61923 91.40332 83.49704 82.25346 18.427717 69.66375
160 9.261751 22.431135 34.173035 23.45518 91.253525 96.32131 52.533096 36.52263 80.62766
161 92.318726 49.508934 26.808727 98.76228 21.361614 92.020035 81.63399 4.665947 50.260174
162 73.56356 60.61188 32.14035 45.26189 6.470239 51.720673 91.26365 25.142967 38.097054
163 36.384235 46.100544 20.062273 70.6481 83.42958 95.54802 33.932716 46.83755 38.940666
164 7.92585 66.98724 24.995363 6.678504 54.91688 44.686985 30.22034 52.063877 95.91226
165 37.59431 94.62271 99.70781 20.446295 33.083904 15.449124 0.9285569 31.497055 17.871403
166 79.88737 2.2243738 64.83174 54.697533 58.611126 59.70543 84.699554 36.82146 24.711948
167 87.263306 70.99199 0.27156472 42.7064 49.824387 41.03654 81.40519 14.991528 77.25638
168 5.5622873 61.887604 5.7058277 72.05153 94.73481 25.669558 58.752014 65.2844 59.726177
169 14.193505 26.130932 73.83591 37.848343 53.471924 52.16445 68.60388 96.18298 6.7520437
170 60.15293 52.3073 47.797783 91.41658 41.08641 98.27678 75.520615 71.089676 93.83685
171 32.857426 36.885197 71.45254 46.492653 76.09535 47.860943 69.16948 46.91102 43.412487
172 16.496933 11.038566 33.974136 67.982414 86.36786 48.782253 40.32049 25.306011 45.992916
173 32.863148 72.42545 31.660498 8.055401 25.74386 18.827581 83.08637 81.69065 45.81461
174 45.10743 95.62197 74.306496 82.80682 2.05096 77.6446 14.887357 74.228165 47.462852
175 96.29501 88.61001 60.83851 22.589075 9.723467 89.52396 53.39397 30.379868 0.7889867
176 12.246906 19.087679 98.252426 24.169863 19.879692 5.892241 25.038893 33.71601 0.0035762787
177 58.256023 76.93304 89.21817 86.59626 75.52849 16.045242 8.323532 17.463375 32.610493
178 87.268654 69.64315 75.36565 23.473936 13.2412615 34.536247 39.024864 25.516993 26.012712
179 17.796547 36.775887 84.67338 9.407955 39.493977 41.518 26.545435 13.900429 52.342606
180 88.0942 41.664433 1.0076523 89.785225 2.1371007 27.690739 55.80494 80.93323 48.176975
181 97.65962 92.18558 48.814583 81.382195 51.27381 48.10654 50.114475 95.23153 21.074337
182 98.43961 37.605392 21.797806 32.731182 86.451866 73.43174 63.81429 89.640976 15.684062
183 92.82727 21.521246 7.7714086 40.45885 97.00188 52.23568 83.83167 22.874372 31.951517
184 47.999573 95.27095 78.4271 10.746204 94.4517 66.518715 41.92645 42.17562 41.70773
185 24.80169 44.74225 3.0290723 61.55771 38.634254 87.355446 7.1213365 22.2974 30.826897
186 15.4169855 86.62268 97.15985 79.0474 99.87542 73.299225 50.329197 24.371868 83.089874
187 94.71931 58.184803 60.959488 73.14246 36.94563 16.588253 57.370068 51.807575 57.13815
188 28.098696 86.824554 50.890602 1.0765254 27.955967 14.905089 54.044468 18.924559 93.04114
189 99.134834 92.90095 12.465858 33.90843 6.213337 37.667942 56.215412 23.040533 5.3675947
190 82.561035 38.74427 90.93449 76.58179 8.936328 77.545044 80.26196 1.9719124 76.21273
191 86.927475 93.51435 29.169786 59.120434 72.691864 84.14908 94.48099 75.05354 96.4217
192 9.771991 28.303349 46.968544 85.71683 99.35664 88.66752 34.0474 61.917027 47.512497
193 53.934944 56.988567 44.020374 76.53038 71.11686 9.117579 54.567604 42.07805 90.731255
194 4.40014 71.04553 68.27623 6.674564 83.83569 13.4711685 1.303935 64.64606 11.613065
195 46.680405 63.070934 54.932068 9.887218 73.69834 64.82857 84.85471 38.217743 56.464325
196 28.401201 48.24615 41.78526 81.98576 35.109257 9.571445 6.7268076 88.37741 31.078941
197 79.74503 45.620865 26.695019 15.718013 30.540054 29.686398 94.294334 7.464969 21.355837
198 14.079446 74.7531 48.83943 62.883167 10.279167 32.108723 89.244026 29.095251 25.519335
199 65.027824 78.36531 34.51491 58.17015 44.085484 51.42883 95.69725 43.59987 54.95549
200 77.578224 92.46601 35.10051 7.174003 38.431286 79.10878 65.762955 55.22585 71.13918
201 82.24033 20.61305 11.816114 41.323967 69.46622 93.81317 15.943199 49.94182 10.715985
202 67.29734 87.208405 44.82516 56.87274 17.90825 46.920235 24.3685 73.12395 97.07115
203 93.02923 36.076077 27.628399 76.462814 64.62498 86.58127 10.281504 75.268845 40.31656
204 68.93873 47.521984 78.78491 58.789074 55.703186 63.527393 87.68621 87.48372 7.3283253
205 87.37574 54.706318 62.799274 61.093372 11.700237 37.235325 81.385544 29.004187 8.240997
206 26.033587 93.73198 78.391525 7.0209446 71.491585 77.89861 57.278187 51.474728 78.33883
207 0.2542138 70.605675 74.884895 50.169327 81.65486 2.2600412 72.38431 48.42518 19.6025
208 2.2391915 6.338668 62.441116 90.3684 35.54387 15.209574 32.74334 98.464516 88.30108
209 51.411015 8.01984 15.621734 92.65059 51.918316 65.10232 76.826584 12.015933 16.487122
210 63.051476 79.02768 96.07585 97.62358 8.208447 68.71347 95.14788 79.5598 62.120483
211 50.35962 18.453455 71.38786 52.88352 99.23509 33.07529 63.46072 41.048683 2.5431693
212 60.12925 92.761665 21.254116 73.468094 13.1006775 49.06935 1.6720533 7.328236 98.3507
213 91.61056 25.770676 59.438587 18.953121 68.01694 79.40942 85.01128 76.31259 61.617256
214 44.606148 64.83551 87.03784 87.54711 17.190165 51.753174 39.459156 6.301987 35.80068
215 75.07244 20.710499 88.96446 75.18769 78.83924 93.728615 10.486627 27.459955 98.928894
216 87.70129 45.49694 34.808678 89.65319 55.835606 19.835007 89.381485 37.240513 22.786629
217 25.41734 87.517586 72.18815 89.22277 26.433891 12.674231 49.970818 32.903934 81.91376
218 34.32939 77.593315 70.972466 39.33615 98.25359 47.48533 55.12738 42.468433 60.182625
219 8.555675 14.754963 65.56963 82.53524 72.96238 49.270706 77.39894 88.90872 75.24198
220 82.79956 39.322342 9.217268 74.61307 16.355103 9.735089 69.142395 11.077059 55.910248
221 14.846474 89.73224 88.74608 21.778584 26.749634 89.27196 95.81017 94.70763 82.08102
222 81.766304 67.70143 67.7453 67.23028 70.407104 29.122036 17.56407 73.07452 55.18471
223 90.290596 3.3613145 87.975 40.345787 34.450794 41.109158 1.9967556 7.768905 86.618385
224 82.775826 58.012306 48.650677 49.766125 77.71763 21.859985 39.36207 94.025696 81.84449
225 89.69262 43.199562 79.69636 61.052246 87.0276 92.33635 36.38016 62.01425 92.06623
226 91.95294 41.714294 75.51909 82.16997 18.736357 85.05524 26.47658 23.858244 0.18610358
227 38.01318 98.403015 15.5341625 40.019936 16.67639 48.108917 30.870056 43.06165 24.25515
228 24.486143 77.22664 24.008678 30.076492 61.32146 75.78172 6.1725855 26.55008 32.112305
229 31.664568 15.476995 22.890621 0.64942837 7.098871 2.5648475 78.82375 66.94572 47.433823
230 21.749931 56.833923 37.778248 68.38261 13.752079 14.159846 65.08216 67.49855 72.74649
231 59.944355 15.66214 18.9201 84.36435 45.751213 10.706186 88.039276 46.096413 23.935472
232 3.4938574 22.638327 85.32652 15.7715025 25.147867 45.153606 72.27489 55.29266 99.50629
233 63.332867 48.840748 73.779175 13.978058 5.235553 12.14109 29.859543 89.93409 61.17808
234 69.951546 70.19153 56.691 17.056477 29.832846 82.39953 31.936342 98.00476 64.100815
235 14.917308 9.558421 11.402869 67.66095 34.980774 65.87871 6.9756565 67.83401 56.412167
236 6.3993335 27.583027 66.463455 31.021107 78.09632 46.058952 70.697716 82.22197 84.295044
237 5.19681 64.8212 95.44274 29.106308 54.09422 70.37261 28.504955 31.688929 4.2696595
238 53.602577 85.6249 34.211506 83.26494 50.2148 13.074118 54.845577 7.1841836 58.4969
239 32.705708 33.534412 12.436235 88.63248 74.17755 85.30438 11.799395 72.5119 98.27308
240 16.74341 72.085945 23.10354 5.5345893 5.7475386 46.730118 62.85266 87.597534 74.08059
241 53.451683 8.144104 27.072031 54.61255 26.965708 32.165398 67.29808 29.77342 32.03618
242 26.1662 20.354944 80.8148 20.839483 22.821003 32.695908 76.510086 8.757573 32.91745
243 87.88277 59.105526 17.817312 14.72978 58.098454 70.38085 60.800957 45.07395 66.221924
244 43.87599 70.65573 82.12001 41.870014 64.53573 98.62201 6.561714 34.372036 34.62854
245 35.18696 42.779552 27.383333 56.781036 45.57297 2.3109972 10.813702 49.870693 46.320457
246 54.450977 40.809677 1.4355361 92.26592 23.401457 25.36139 57.848244 49.80737 87.3873
247 37.193417 88.98897 29.057693 25.93537 85.245964 92.31882 55.896534 29.516523 87.37027
248 28.453917 26.935417 67.47969 28.777044 89.47715 93.21748 61.22989 70.026726 76.77434
249 19.601095 49.546944 74.48612 18.178951 19.058216 70.49997 55.561363 47.251827 37.698185
250 42.338554 28.827345 39.769806 85.66214 65.85113 81.39721 94.673325 59.892857 18.85342
251 11.313498 26.111294 71.25113 84.64647 22.007322 18.671667 74.916756 79.46819 92.39039
252 84.80628 59.188183 87.22154 51.15436 48.822964 93.69808 5.224788 16.403984 89.16062
253 89.02542 73.58662 78.70793 75.08252 11.351955 38.31449 99.69003 87.07868 9.140367
254 58.73591 19.891924 65.383644 95.07074 51.626957 52.116932 67.8752 32.245056 95.04305
255 20.927244 68.5713 65.84962 35.736263 69.33831 98.896225 32.25997 35.789185 21.773815
256 35.315342 49.501896 1.3251662 82.5626 4.8769712 23.876554 92.5608 84.038635 2.2455096
257 95.56362 67.80251 32.82248 52.124573 34.58928 51.07137 50.105465 75.273285 1.4558971
258 84.74777 57.528286 16.898935 13.060087 74.90189 28.15441 16.91314 33.668526 11.820436
259 38.5147 62.77502 17.385197 44.72203 16.978598 89.388535 7.7476263 64.90109 62.841225
260 25.305033 92.16628 51.744926 94.36781 30.405474 74.514694 21.484745 90.282646 3.9591193
261 74.24495 88.48507 93.31764 41.69935 61.21393 66.7259 4.7462997 91.10844 63.541668
262 57.330185 81.435844 51.80826 33.179306 53.038948 50.778973 25.724459 57.647087 48.004333
263 40.655857 73.99866 74.13237 40.786125 20.876862 45.50371 76.64599 18.690926 16.730791
264 17.866993 31.366163 85.33925 64.48791 25.287146 98.11089 52.400757 70.96936 28.863483
265 35.840427 36.680573 35.39662 31.928545 81.28451 50.111485 20.288712 23.831898 86.60752
266 21.711605 80.60707 96.17665 84.17733 65.271576 95.897095 62.631924 84.00824 86.56806
267 0.89090466 0.67058206 67.63839 80.45282 85.78297 46.00823 6.7210555 86.49268 80.842575
268 9.808606 36.414673 76.25234 51.674957 58.093174 54.018044 24.196785 94.58517 22.035133
269 88.79629 44.98608 27.250921 78.2775 16.475063 54.14523 42.195614 8.001274 33.651848
270 57.28227 11.112088 71.656364 95.90346 89.82838 61.469154 9.089237 86.49031 98.374916
271 65.401955 29.85531 68.415054 73.83857 89.8186 9.9511385 74.64275 52.713554 18.937635
272 74.763794 73.30165 96.44748 21.9046 65.99779 65.73943 30.447018 52.33487 56.55135
273 14.804852 77.38477 20.019085 62.183445 83.3646 97.405396 11.845886 74.31411 83.87161
274 57.647198 86.294785 2.9673338 89.10354 91.39567 58.492897 22.797245 42.635292 83.42123
275 98.48939 84.993195 91.15337 81.94314 9.568083 21.86122 65.63164 2.5813699 44.393898
276 83.81314 86.251114 58.051765 70.68431 16.70785 98.65371 35.730064 63.840282 93.8922
277 53.87961 9.123432 88.29897 46.354347 78.669044 28.37394 21.834517 97.16521 99.54388
278 97.86712 74.99689 65.44157 56.367256 38.5853 91.51672 99.57789 87.36759 10.845738
279 72.80615 70.185074 76.6754 65.37638 21.451103 67.328804 11.34128 12.249464 23.4343
280 23.12544 1.9732833 77.0181 98.17378 14.939541 29.261023 19.551064 8.550501 93.30683
281 7.760292 55.663555 91.97792 45.81515 23.728228 65.88998 8.102507 28.61051 41.169792
282 34.890915 91.59087 22.617357 60.538452 13.348377 0.14565587 55.192577 8.996802 70.15873
283 91.69916 49.55796 86.36887 33.723812 91.77435 55.323124 53.79916 48.671074 96.20255
284 81.630264 44.881367 78.96945 27.484734 9.396153 84.15176 14.778423 39.629787 36.831295
285 93.1899 22.16434 68.66051 0.47786236 48.27826 59.794468 9.323729 76.58785 69.0983
286 61.692596 75.862404 70.48309 79.05395 0.98758936 71.80486 36.884563 93.596146 46.251637
287 54.214676 85.9176 92.76806 53.50995 68.147736 38.002247 92.807884 96.37617 41.42051
288 18.096453 94.05342 81.15586 45.255707 74.31012 88.92195 69.35601 27.801592 67.84645
289 25.035828 97.09505 32.595135 87.215385 40.584152 38.74216 98.2452 67.9232 98.024925
290 74.10543 57.25097 54.159157 9.821111 37.07698 77.05547 77.72108 67.96317 15.333689
291 14.091503 84.45746 94.76702 41.050774 38.443916 44.32694 33.368725 31.24122 72.38068
292 98.82158 95.29874 61.978477 17.757385 41.566193 2.6528418 66.146454 5.352336 83.55202
293 72.14128 41.306442 21.530104 14.412462 26.461775 18.653948 75.06143 52.685326 19.088089
294 40.80089 88.0595 49.979633 76.08764 4.264098 91.253075 21.783543 92.68703 60.13596
295 94.444046 68.28788 43.012554 15.586686 90.04092 95.59092 34.075493 10.79048 40.88442
296 76.09284 45.29438 45.83487 45.862545 98.44281 73.60484 24.4794 68.53771 55.2898
297 52.77251 54.65564 38.47973 31.096775 30.476458 76.78686 83.32764 63.752277 84.96613
298 71.85631 45.717804 20.566076 6.8186817 62.234367 64.85189 10.9373455 93.057365 54.21563
299 22.18877 40.570976 28.466152 65.70921 36.891342 33.18734 10.495865 33.322136 54.418606
300 19.383318 3.1597018 36.994217 64.01366 34.38049 45.531326 18.26101 53.6003 19.125021
301 50.9674 90.08175 17.37762 76.430595 93.37454 45.974857 58.61949 65.99142 11.434137
302 17.021 22.082352 1.1084735 65.70742 4.2526126 74.05071 34.405273 47.299187 27.239168
303 58.269207 39.755733 70.906876 87.55468 60.497837 39.767796 45.578312 97.59351 38.672153
304 20.683783 29.616917 84.261345 27.95322 74.25773 63.38893 45.852554 26.425928 15.399015
305 77.197845 35.43544 56.77571 28.040165 78.10393 20.871305 88.6794 74.26743 87.101166
306 49.819035 85.43855 74.28161 79.25163 36.416603 3.9249122 89.8298 47.363037 7.5380445
307 59.373943 60.527992 83.03677 62.415195 53.942726 91.70114 36.178844 35.867207 31.041843
308 41.287643 59.438904 27.338558 34.872753 20.83574 71.916046 94.412224 37.77632 7.07131
309 36.552013 78.50482 16.164297 52.91196 57.941723 64.19437 61.01368 13.676339 87.16121
310 93.26961 61.01771 40.68829 3.28601 95.37704 88.182106 92.162544 8.50901 33.394016
311 97.42001 23.405123 76.432175 31.75246 56.833683 24.7522 77.78622 87.31933 94.99009
312 7.654232 41.4183 96.61087 59.5251 4.796916 3.0890763 50.6445 59.587055 58.610565
313 32.955486 94.243065 27.50448 59.989254 92.4166 53.79382 4.9989166 53.118694 50.41171
314 54.081535 91.43716 7.1570516 31.739033 57.678604 99.01675 36.848892 89.2801 20.363993
315 38.204395 24.263685 97.25019 3.098154 9.813017 96.5854 83.14506 69.20707 44.23451
316 70.647514 26.623833 17.6916 97.7809 5.6823196 99.1789 17.107004 67.87687 60.069096
317 39.425842 55.44374 7.8546944 25.819778 15.846497 70.13788 26.004875 92.79472 27.791374
318 68.06426 17.819809 51.4163 12.764758 51.497013 63.334824 82.73009 35.057945 85.00125
319 89.23402 64.40039 19.558472 36.550827 46.873528 73.52806 2.252525 9.416294 49.319927
320 26.517319 3.073305 19.163704 82.45796 23.629707 90.162796 21.139729 4.551977 73.94463
321 20.451653 30.845928 55.526455 54.357674 78.17962 14.441294 49.64946 94.71268 29.346191
322 35.135998 44.06128 97.46653 0.17998219 88.39251 89.30049 63.273937 25.940811 23.636269
323 38.068695 48.964573 2.4264932 50.663788 34.17989 78.53771 76.467926 47.25002 27.012825
324 34.556778 98.7918 91.79055 67.687515 1.784414 18.55585 26.421707 84.29605 18.718838
325 54.57309 36.259026 5.3216457 19.096184 35.00936 97.56127 86.17884 44.197357 51.743935
326 79.20387 84.71533 59.288425 44.521076 69.33713 51.458214 71.64131 75.69796 73.076164
327 31.102037 82.79941 11.331016 82.15153 77.77442 0.105232 16.370457 37.331604 40.34006
328 19.592672 48.995842 86.865685 80.59149 88.324554 95.08159 26.0054 9.613466 74.84979
329 82.19935 84.721176 11.697841 63.948845 12.526327 2.9814005 24.540699 40.078556 34.929703
330 99.40786 45.499218 3.328687 63.04382 42.82978 80.6602 44.23437 33.369064 84.35755
331 73.42661 87.98726 75.63047 96.27875 77.12564 54.550316 47.485203 3.596723 39.458042
332 95.56767 23.118364 33.702213 70.93173 89.99395 46.58466 62.86993 83.05347 62.832497
333 87.52255 7.446867 21.104866 41.6166 10.981387 9.250325 29.72812 66.20171 81.76767
334 54.38835 84.030876 3.53356 24.454212 62.08179 84.04033 1.3509214 5.836672 93.79775
335 43.455994 5.871195 70.31124 85.85155 34.94541 7.551396 58.84114 62.41599 71.684715
336 6.7397714 67.64867 66.47101 79.268456 74.71902 37.594933 68.57506 22.112185 44.138317
337 13.786066 6.4462004 5.4741564 91.549126 26.979893 40.27158 47.466534 70.6705 43.87969
338 11.548531 56.96284 41.64946 27.724182 88.2894 23.00014 94.04835 79.36003 1.8499851
339 11.797744 31.243664 73.171234 4.7844706 29.356915 24.582975 13.109141 43.366253 74.068985
340 36.802887 58.19892 70.186676 15.956235 87.209465 71.18798 63.05489 71.02596 93.873116
341 40.655857 46.839516 22.471983 90.06545 98.443474 79.5446 89.6602 9.401142 78.513626
342 96.490166 83.34901 54.240818 38.46956 54.72569 66.59686 69.02225 34.390934 70.55872
343 78.28707 0.038325787 17.165947 47.210575 65.95359 28.057545 13.187432 87.05682 20.236015
344 53.932972 93.53292 27.677149 41.251354 20.379644 98.27231 26.092434 91.68388 87.39022
345 11.36002 98.2368 79.512726 92.8398 17.004538 47.088593 49.88327 23.801105 71.110985
346 43.222584 68.358574 74.610344 97.31882 55.160873 22.149204 53.014774 42.576843 27.172226
347 10.215288 20.581228 73.69325 21.5392 3.4753442 74.29671 55.76353 47.28433 31.67022
348 25.859505 63.021843 93.48642 50.453423 48.0136 40.00013 42.255093 0.5636871 94.455925
349 58.746887 12.85721 37.844257 73.9433 29.398071 57.156883 68.582054 59.402935 85.06337
350 99.2575 7.13684 29.831213 16.561419 64.898796 2.916807 93.83342 12.089658 43.705814
351 90.04532 97.661896 15.842795 48.813187 56.980473 22.959858 57.605488 1.7645121 34.132046
352 77.08742 92.45895 58.04131 57.221077 45.42852 91.290665 71.30012 92.607994 35.551758
353 24.424654 57.64477 50.752495 99.18369 13.354606 89.34858 65.85033 72.872856 90.53315
354 8.748722 66.81889 61.761932 1.0290802 85.002426 98.28994 84.39211 19.505608 30.526382
355 94.03721 57.846493 3.6034346 80.80355 41.06036 91.27326 92.95206 15.463567 64.91254
356 57.947372 19.513697 43.81624 88.16238 69.130455 67.93036 92.095665 69.29674 91.2325
357 7.453871 49.37213 81.88728 46.888195 73.65956 55.28854 89.26181 62.82059 67.55994
358 35.41955 61.854828 66.62299 41.338493 13.13858 59.284973 61.256676 78.42391 93.47655
359 1.2601674 92.10971 46.03978 31.696255 7.693368 65.42616 91.02749 63.378098 33.787476
360 28.892971 75.29432 93.971146 27.9921 11.823618 61.641754 73.32446 25.136208 71.926674
361 90.25057 28.05565 61.999954 62.877552 52.321583 94.1791 84.21912 28.17244 12.187433
362 0.7081568 50.643093 24.942642 39.830143 57.530792 40.829575 71.020355 49.67946 17.365658
363 22.807693 0.6060481 51.66124 20.726294 38.93897 70.99305 79.85713 17.30948 47.8283
364 24.11453 91.28414 48.895996 7.773155 12.916893 10.974873 3.586793 72.9895 21.014297
365 23.817371 23.936653 76.43039 53.59159 82.89385 1.2945592 3.8442075 53.5057 68.04545
366 83.48149 92.04128 95.962296 7.106042 94.961235 62.20274 61.54995 81.02402 39.07962
367 86.334656 55.895836 8.570796 56.015785 74.32255 86.4253 27.476353 22.1228 10.961575
368 75.88551 7.9045296 34.712112 0.1293242 68.21516 97.765854 58.49936 28.042858 96.356316
369 74.35867 57.38128 13.225889 41.62094 75.436485 78.52109 99.14398 29.715353 87.54063
370 39.512486 80.99626 15.527421 58.14495 27.36072 63.244183 94.88971 68.97696 97.91782
371 74.287735 10.908646 4.2654696 53.053677 32.255257 60.816723 83.387634 21.11482 56.954933
372 48.947544 11.530102 14.05946 61.258526 16.199375 63.93456 36.064453 66.9754 26.652628
373 33.7746 66.44419 69.866844 29.811895 85.72726 91.53143 2.897054 90.790184 7.1916637
374 61.937458 0.981766 90.73875 97.51314 63.58741 72.0537 22.610605 88.450714 12.432915
375 3.7044227 21.152401 22.749138 77.15656 40.285576 75.63276 3.6251605 53.943424 18.271595
376 35.583187 58.14622 29.00707 46.827553 66.66016 69.07529 73.58809 22.62718 80.107216
377 30.29775 92.220795 12.578607 6.238234 73.266754 46.879852 72.6022 22.475832 19.147121
378 79.92743 75.14172 68.92184 1.9620061 69.398636 30.664927 79.93281 20.819729 46.96831
379 29.824442 46.00746 48.30361 56.87672 31.815928 65.31325 1.7389059 12.158847 42.21572
380 93.79467 74.01581 30.789005 79.44122 3.990662 90.96472 90.94771 25.005901 88.976654
381 78.282455 2.7326703 98.79986 24.336332 68.3395 38.524544 39.39206 29.419535 86.816635
382 20.196814 1.310581 52.578007 32.29297 16.806967 89.71203 73.37572 95.21927 38.76422
383 28.91568 49.29217 73.05497 15.241676 28.875965 93.08628 87.93092 41.35381 54.537975
384 9.23726 34.542686 74.98314 81.71532 29.762936 6.91337 33.803646 12.010831 8.832491
385 21.334309 88.76742 23.54464 76.09995 62.654037 7.9108596 16.848618 26.309841 95.910385
386 74.677536 22.032595 79.75173 64.16899 77.98621 17.839008 78.4143 15.738594 51.00075
387 61.90428 56.62194 94.38673 65.047516 88.67628 14.500064 79.797295 71.50684 24.047655
388 26.345057 72.62737 23.967297 28.718311 83.96834 89.77784 15.730667 83.272865 34.001587
389 26.848715 83.20687 92.43825 46.21456 82.47486 67.22095 22.273779 1.8931389 44.91266
390 94.21006 8.254969 23.601007 56.76861 54.221256 33.266975 63.113903 86.332634 68.09628
391 79.16492 7.443076 1.122725 71.87802 93.3343 64.69007 13.794601 10.984367 79.960945
392 14.595329 25.665474 52.8244 54.670586 92.218994 47.201283 56.094517 78.81238 57.946056
393 16.691988 3.867507 86.73928 60.224987 52.071224 30.717445 14.593452 37.976627 60.81949
394 80.51074 43.76418 32.85886 48.831493 89.20613 55.585884 84.51481 31.04716 28.171604
395 8.036489 88.10339 69.87461 89.33697 50.04443 77.90854 87.61677 79.209366 77.1921
396 15.307177 97.20761 88.70348 54.602474 57.069748 22.839684 58.25595 21.914738 40.65429
397 85.1029 90.247284 92.60833 78.184944 70.95039 14.847099 39.44645 8.0876465 9.367788
398 71.59721 51.22081 22.36246 11.566401 71.980064 67.83775 4.238695 87.68161 91.579216
399 73.45612 63.0835 18.478573 51.97774 6.045425 5.076635 83.90615 79.07563 39.366444
400 95.04707 44.26583 16.918152 5.786693 39.275234 43.35748 74.354256 59.1437 94.84635
401 85.62242 39.892136 62.48454 8.705598 5.73402 11.053771 20.180439 30.886734 44.305622
402 5.480981 34.689415 79.99838 7.7278557 98.20362 39.982903 65.053665 84.256294 23.099524
403 64.03853 62.779045 18.303316 85.9727 77.31976 91.86062 86.71411 25.229406 51.114666
404 19.964998 46.208824 76.28292 45.10319 42.155636 22.043926 14.070827 66.49227 13.423556
405 21.495169 69.989655 50.237286 37.937283 89.50925 14.770138 40.809258 74.324776 80.64518
406 26.022995 58.03207 22.428524 24.373346 91.134605 82.878815 1.6835511 78.37704 44.69971
407 41.769695 5.279851 35.477924 80.62443 20.656395 34.870224 8.265376 77.35752 31.622517
408 56.620407 15.843969 9.41614 46.30254 16.279434 39.031292 7.5295267 21.361404 55.64874
409 63.85891 55.460293 73.63331 58.881847 63.684578 45.068096 26.155388 49.55228 63.258614
410 37.710403 83.9257 60.043674 14.658445 23.943907 10.25256 6.7674932 96.38243 23.078865
411 44.346184 57.78407 19.6589 96.88735 19.445044 54.940075 7.0739326 59.17951 32.196407
412 8.550501 60.158253 75.60565 59.959282 78.41742 87.1196 60.545547 87.72074 76.62761
413 47.29402 74.00077 62.77625 12.703234 33.262135 98.765175 48.396236 64.454865 48.391617
414 73.62942 60.37426 14.026552 10.594755 72.85652 88.426346 80.4139 81.41127 45.58779
415 81.50053 1.0255396 62.537216 65.20698 98.58542 36.05619 44.3266 31.070297 38.81585
416 62.518658 27.613895 20.531351 93.61193 88.27714 61.774296 4.04284 44.120003 0.43370724
417 58.898865 20.55689 27.024014 93.60267 12.271536 13.787472 36.35379 30.187881 93.26228
418 65.52216 26.531828 21.539658 45.87945 32.51695 48.68699 92.15946 84.44707 15.080845
419 37.146915 81.85161 14.398498 13.823861 72.73962 37.364666 96.52435 85.830154 73.63957
420 56.65621 14.013046 1.4205217 0.3473401 38.05067 52.420605 50.4378 39.17102 92.40153
421 83.76009 14.442247 36.269997 39.63849 45.979088 34.219975 62.72791 99.06277 12.278545
422 75.52794 78.855705 14.297163 55.412567 59.027092 44.41256 24.311626 80.00287 40.958466
423 59.910973 98.40318 41.023952 41.42264 74.69299 18.945545 4.2968807 38.32454 19.890875
424 96.23692 70.71597 12.394583 11.392755 86.524185 60.980297 16.512388 70.01138 10.490364
425 93.08049 89.217606 56.50107 14.945734 27.282984 65.236755 58.999287 16.508156 69.75268
426 96.5883 73.80997 20.605629 28.468609 66.91729 18.93351 31.656605 86.234764 3.784597
427 27.935553 96.81573 73.201645 2.385807 11.994802 43.812977 83.53859 17.354143 5.456388
428 47.321754 31.18851 43.72812 37.929058 53.690002 91.76573 44.715862 99.70291 3.0423343
429 40.70587 32.505817 90.642944 54.55829 1.1384904 23.062288 2.1574557 65.56286 33.33593
430 59.669518 71.58862 19.901794 76.01467 90.079445 45.475163 94.45268 28.560812 34.66678
431 77.45769 94.63947 3.0633628 58.254993 85.81209 57.134342 81.82491 55.56396 80.192825
432 88.768524 66.0488 42.924065 95.447334 89.818436 66.256424 69.44311 8.438849 53.632538
433 56.56356 85.70629 60.611908 75.92838 30.44585 42.900867 21.29309 80.49055 62.572227
434 9.616357 43.98796 34.473854 2.5119722 46.1684 37.578403 98.660324 24.770838 39.884323
435 76.51747 24.992388 4.142022 91.18712 46.850384 66.23239 14.537329 25.40093 88.96067
436 17.963482 97.37552 53.91694 81.96359 40.198414 66.64234 99.706856 80.0698 50.009747
437 11.607784 54.219765 77.259865 84.81062 94.909676 27.574015 45.295082 81.734924 88.62148
438 62.85269 71.305176 27.086376 29.659784 93.48066 57.615135 2.708578 39.411335 54.421444
439 38.58967 96.594826 42.03968 1.6611934 0.3850758 82.89251 28.149426 27.586334 50.718815
440 93.009964 62.236805 73.915306 1.0212779 52.714138 85.84528 69.37916 74.36195 9.387427
441 56.094044 50.989986 3.8925767 5.0272346 9.087217 49.18096 10.587746 1.7198026 97.78779
442 26.102114 50.96337 51.360355 17.708158 89.72708 68.20428 36.04778 65.00012 65.04777
443 9.534997 32.138897 29.301607 77.44709 42.334938 63.252438 87.41111 96.348785 97.857475
444 75.97631 58.21989 42.513935 38.69946 68.626366 99.3564 87.01574 11.43443 26.665777
445 62.019455 60.167633 43.93269 18.419027 83.14007 54.76034 45.51996 8.16313 39.27451
446 99.19569 92.76208 78.77456 40.762115 5.869561 42.606754 77.63767 29.262661 70.89339
447 23.978031 13.827599 98.71451 29.457075 67.63083 24.577028 76.23309 12.393988 48.869686
448 79.19572 33.019222 23.437244 28.168732 9.967846 98.799904 71.94971 78.16181 14.704341
449 99.82636 75.32005 12.079132 3.7340403 48.460144 50.561287 66.4769 5.9030714 70.65976
450 71.80494 10.841269 70.89947 50.3184 94.29505 36.959785 27.779573 0.79221725 65.15487
451 33.268612 77.35216 93.80646 24.69287 42.940445 6.0502234 4.2518673 81.461266 91.32694
452 34.6223 81.51878 40.871834 8.3737135 31.5041 69.605934 16.164171 57.461624 79.74639
453 50.241726 26.2268 64.283356 41.099705 26.937359 25.570786 51.139896 91.075096 49.83607
454 45.090485 64.55064 35.861416 68.32459 89.61976 11.239558 73.79245 2.8398335 20.272118
455 21.126396 40.0953 31.654232 90.767235 50.466312 9.949446 70.49014 41.087036 46.108467
456 19.041586 80.74075 26.624632 68.157845 56.97469 19.32013 63.30611 26.114815 62.803818
457 53.497063 49.85718 18.633425 95.91071 16.568613 27.395164 82.99598 13.242245 4.294282
458 7.855874 93.673615 76.03385 82.34772 39.481155 94.168625 57.491787 36.66847 36.824715
459 79.76542 76.05154 91.84523 30.673033 55.715393 36.862457 8.176744 50.178783 93.424225
460 3.730327 51.795853 34.68183 71.88447 23.102861 90.47473 49.527733 81.20413 85.59371
461 72.03716 1.1257946 45.735558 95.35503 84.5816 78.023056 94.93478 56.238495 15.173716
462 92.47288 27.417236 10.601431 23.818832 30.476582 17.272818 42.853935 35.203976 96.264206
463 48.92401 98.002846 45.053204 32.41143 17.832619 54.68784 9.422529 21.07867 37.169533
464 23.248142 72.64381 1.0855198 65.96103 29.489124 26.991623 34.64008 50.825916 62.884987
465 38.887936 5.531722 12.647158 59.366333 22.28319 45.534794 30.617142 0.5729258 59.77973
466 49.787754 81.10881 17.036873 31.42463 26.199162 87.618065 7.29807 95.540306 13.742495
467 73.27291 30.101877 6.438637 24.152397 79.598595 95.811165 51.647408 99.40464 7.6682034
468 5.7667136 42.949318 10.892094 41.566044 45.89862 17.98742 46.903366 53.174072 91.337326
469 64.63393 73.43585 43.39695 81.568596 1.2717962 4.159588 12.620365 66.85781 60.431553
470 62.183975 44.812714 43.831974 79.00476 56.920288 40.408653 5.414706 88.97726 70.59449
471 5.942023 43.48065 92.058495 51.72744 49.126274 3.9186597 48.81184 37.103344 90.32609
472 97.11337 97.30656 73.396614 71.550285 82.584335 62.625008 27.78886 66.460976 46.631725
473 21.78614 70.70984 96.489174 74.86449 39.12108 79.470985 73.83481 37.5269 95.503624
474 59.280457 89.58592 81.25439 57.05398 57.252342 69.905624 84.50016 91.26817 68.927284
475 43.507004 40.167896 62.56001 7.949382 15.579224 84.30788 66.83212 44.398994 75.86742
476 76.99658 83.12384 71.42853 88.4844 45.194454 87.136734 52.91837 7.792759 28.498524
477 39.34552 45.55328 35.70633 89.87428 2.6061177 99.770454 11.195236 3.8235903 79.13301
478 87.26515 90.62725 54.74633 73.20215 4.0370464 8.641016 35.76708 68.02692 72.2621
479 82.13662 51.8729 57.3471 40.584217 46.11239 96.25378 44.071163 28.805143 58.711494
480 82.22637 29.840874 11.538321 36.018784 98.58972 85.9753 7.3747635 34.73094 88.80583
481 53.543728 70.739784 85.48662 85.678986 49.271236 47.215397 41.87672 16.447746 5.8652344
482 88.043144 83.25864 8.18811 96.749146 53.247597 34.58559 1.5028477 52.994747 6.8352404
483 17.459124 29.550827 86.66436 2.3939133 55.25707 49.0237 72.32784 17.773045 36.032467
484 55.740917 85.03923 57.055874 12.283648 67.70542 46.688313 44.49574 41.837807 76.9013
485 36.8406 75.29595 61.958714 23.544449 92.714096 12.945223 35.18384 25.202387 64.896065
486 72.21972 13.930786 42.02791 40.170837 54.932785 78.013245 98.71319 65.118774 5.1198244
487 99.110954 35.639072 48.975616 78.7186 55.997097 74.60352 31.942867 26.134909 48.803593
488 58.56154 36.358406 24.624788 57.475517 36.65599 78.82846 70.49284 34.31886 93.68804
489 87.857994 12.081528 71.48139 71.85161 15.277308 25.84921 7.4385824 58.386875 42.744
490 76.009605 31.009954 48.702896 4.0071907 58.798252 63.845646 74.952 76.97574 85.07185
491 92.2477 76.04363 49.765057 58.32498 23.99 89.26035 54.953583 32.079674 45.649952
492 55.144535 64.71616 92.78358 88.85296 36.88246 85.08775 87.71978 0.5570352 80.30923
493 14.428329 66.92847 81.684555 49.740486 93.60416 12.77033 71.46506 13.515097 73.17743
494 8.591109 31.027079 68.379944 26.026321 31.104296 21.11783 57.19882 7.6325235 10.786629
495 85.201195 75.01945 96.417015 76.03203 83.26231 75.94635 63.935707 4.351163 73.91931
496 90.76533 30.732805 35.913784 96.21084 72.63252 54.774075 38.651943 48.804085 86.72552
497 92.53914 41.47693 27.27908 7.4653506 30.248081 3.4786522 41.328514 43.229927 36.853165
498 56.901352 57.71944 59.42549 69.17266 33.915974 74.056816 53.96217 11.026102 59.490673
499 27.945482 68.75132 45.904507 1.8137157 49.054134 12.529945 10.346376 18.62561 13.64367
