250
15
0 38.694458 59.14365 13.100791 99.0192 50.84393 61.51834 80.31411 92.84157 48.20478 14.116997 48.60662 21.095848 94.27706 8.30245 86.54631
1 90.94229 24.020231 69.59259 83.025734 67.28203 85.48494 0.36527514 57.486893 87.49759 48.992805 98.936615 19.883644 57.90872 76.389824 72.088326
2 11.363631 89.08018 67.00542 59.721195 99.71824 93.858604 69.938225 54.540558 20.062029 42.839878 92.22858 45.77568 87.934395 16.895067 21.494776
3 45.9476 42.6011 80.74475 90.89688 83.49342 27.870243 11.012584 29.102701 4.304987 87.88482 77.66618 82.58096 22.433746 49.336826 0.5367696
4 60.416485 77.65368 9.149164 79.28035 10.372096 86.372185 29.240639 42.596626 80.61661 36.461685 15.435046 42.965263 84.96285 57.69003 85.371315
5 69.11132 65.24488 62.106724 96.45242 87.704765 16.298836 65.35783 47.034145 6.5781775 4.652816 75.63026 96.36119 67.46795 8.292842 34.755634
6 86.92994 90.718185 32.634605 61.734367 39.279354 66.61431 7.0340576 36.18601 17.532413 97.4298 40.819847 54.418556 4.7395525 65.582146 60.99158
7 38.174206 52.185776 31.521362 72.53039 2.7041852 74.84967 40.44962 72.90276 31.51316 6.242996 50.3371 25.059288 27.570444 26.573843 40.915073
8 97.35329 40.499176 66.78789 50.660973 27.709072 14.526087 22.335041 37.825058 65.49742 78.91758 90.83167 14.177412 4.430085 60.16732 60.050816
9 43.58573 98.93318 40.075756 1.347506 89.28731 74.52891 5.622691 79.748634 86.62508 8.438558 32.54438 38.10395 85.22237 92.67049 44.961876
10 88.067726 64.530815 60.09143 86.25585 85.981155 68.17022 80.27676 92.44588 54.23928 9.570419 31.237143 57.222305 47.301155 78.517456 54.428185
11 28.921974 51.54707 75.007126 71.834145 53.373833 46.67621 33.337116 17.50384 24.717575 66.80576 90.957535 32.89944 88.88064 56.97695 38.891727
12 31.049274 54.062878 77.054306 44.493664 23.092186 49.811573 13.244677 14.192647 60.740585 74.372986 97.4469 10.274154 6.91489 20.09424 37.719727
13 18.550724 45.816715 42.645973 37.234253 95.19652 63.57834 73.48059 33.63068 83.57319 15.981293 80.78424 61.76306 63.39424 84.26767 84.58493
14 17.986595 73.20582 51.528816 81.82198 47.581596 76.359634 97.36339 50.049644 54.33734 34.189297 58.32921 69.84282 35.024704 17.055368 76.11258
15 39.50727 15.314573 53.693016 8.308524 87.79699 28.061373 66.5846 1.3119638 15.245735 51.738674 10.909158 78.192566 89.478645 64.72359 67.32173
16 22.755856 69.34689 70.17458 95.034424 4.5339704 54.599224 83.09483 37.36268 87.518486 27.556812 24.042112 63.33633 61.42236 29.194075 37.62229
17 97.735886 80.58151 60.259514 4.733932 29.89546 58.78101 17.524797 78.42648 36.021984 53.88408 22.664124 78.6673 8.134705 53.782307 16.190989
18 92.31761 57.86229 3.5639346 18.67873 53.79281 78.39091 65.66836 86.34058 18.387783 71.29322 91.97493 45.93249 74.806755 15.553975 85.141785
19 5.668908 93.333534 7.9258623 1.0071695 33.020775 40.160538 91.193016 73.49592 28.322231 52.073277 9.696817 46.302788 24.286545 5.9340773 59.608604
20 53.782238 7.872492 7.7593565 0.24860501 78.15175 2.3142636 91.73709 47.894703 6.566983 6.2055645 61.94464 15.954828 44.168186 63.80108 32.02524
21 96.36355 96.20778 19.466322 50.44862 93.18747 91.28955 80.58318 22.565615 37.58102 70.084854 1.1293769 13.3783455 95.63054 40.207047 84.33363
22 96.258675 59.77978 92.85053 51.8153 88.7944 18.276537 74.02725 10.811109 25.121487 73.56198 0.51456094 75.64787 68.67258 23.199009 44.781292
23 27.527433 85.959724 89.57268 85.06142 73.74862 23.096758 46.27671 16.339249 47.314907 46.10356 19.219912 49.30034 56.890766 94.029 63.75169
24 30.354065 99.51285 22.55515 30.53661 3.776878 11.385518 83.53769 22.835976 3.0503392 90.35596 42.993282 26.924414 12.829381 44.949226 13.024944
25 21.53812 34.990154 34.635426 90.303185 67.78858 35.252357 72.600975 9.779525 69.46338 43.389095 81.81703 43.647205 16.968082 46.53259 76.56578
26 85.09179 73.54795 7.1223855 91.53866 38.564934 87.38426 74.253006 88.70935 4.2021513 70.519875 48.252316 35.773014 56.18859 48.476093 26.012903
27 99.20629 12.515002 71.33639 60.724384 17.92965 17.382622 76.75949 40.092278 90.944214 74.7948 91.92912 36.821377 2.783519 1.4637172 59.24282
28 43.091827 35.592144 4.471576 19.296158 35.030563 45.355755 31.130356 4.450202 55.90905 64.31241 8.717996 2.3113787 79.17095 91.73555 65.32853
29 76.44854 49.66485 43.77076 51.6204 62.57911 77.94379 0.32027364 20.003002 43.544228 16.573948 46.40058 42.551327 92.24364 6.5108004 98.06435
30 93.03114 25.20941 87.256256 2.8025627 89.761284 42.870617 97.27144 43.065495 4.108864 28.317768 95.61536 63.71211 20.242579 12.34907 45.70124
31 12.180549 72.956085 86.91384 65.164055 79.14253 56.078182 5.2199125 48.930473 70.35097 49.931698 58.50988 66.55592 23.112785 54.773945 75.91898
32 59.68296 6.9317284 81.995544 84.29833 75.085655 53.79445 66.48226 64.12941 56.26208 43.55539 43.9278 90.68798 39.050014 0.96319914 34.560905
33 96.770355 0.46169162 27.92654 89.8136 95.21596 55.114834 15.3160095 67.57048 62.106197 79.59662 28.42999 83.023636 81.1576 35.212864 97.51604
34 40.59938 58.042057 6.2885103 35.549473 44.26879 22.050608 41.000652 48.752827 41.715233 78.87886 80.20936 57.831753 16.779852 69.869385 56.531982
35 49.15641 65.37681 32.632988 99.676285 72.49449 85.260826 68.730095 67.55904 75.579575 68.80078 74.48265 47.807808 53.764404 0.98704696 19.776552
36 16.751474 16.063297 49.56274 0.98513365 67.89293 55.645485 59.266956 2.291268 8.127499 24.726307 73.12195 74.41619 85.69107 70.05546 47.459126
37 51.095993 41.119854 87.87027 77.49466 36.914707 32.572086 16.131872 31.83366 0.9502411 64.953705 39.768112 8.960885 30.072922 72.72203 41.99737
38 79.7898 34.92593 57.392075 74.90361 97.47454 57.194572 40.0819 36.387337 20.289331 15.630913 48.408585 52.35623 63.357372 12.650198 46.252804
39 54.280865 29.837793 35.6735 28.97622 77.57597 57.89181 55.590958 29.292429 58.039833 93.943474 96.90481 7.9143763 76.968735 79.588394 23.739416
40 75.144295 63.54867 34.706467 16.745192 5.6157646 51.513596 75.18842 67.05765 58.382374 59.461063 14.0381155 64.29546 2.47854 7.0589247 29.87256
41 30.80011 17.02031 36.897778 18.983442 48.95343 91.99768 10.995418 74.68154 32.79081 97.32577 26.803476 10.717088 19.900423 23.723936 17.67956
42 90.81496 60.721214 78.89689 92.65821 72.005875 86.09231 59.677307 38.28199 70.25951 61.847485 17.699163 67.35297 19.27867 33.283974 9.305948
43 4.6610413 0.10815263 9.6726055 25.327581 54.776638 54.916977 97.13558 52.710472 91.4124 73.96676 10.030967 36.450092 39.025314 22.977375 49.593796
44 9.607244 15.421677 98.00497 52.450092 3.2051742 57.132763 97.2794 69.51024 62.38349 28.04743 51.493294 21.746128 95.26724 94.834625 74.6404
45 97.854576 95.60069 51.48812 82.07846 59.516865 77.36053 59.116764 68.0112 22.898478 71.43173 87.93686 64.58423 5.527872 82.193085 66.16177
46 94.36444 1.3917804 20.771212 47.804195 28.785074 54.9447 96.09918 58.7958 30.409836 98.02148 93.13727 1.5892684 66.38528 38.94576 27.119637
47 33.651024 65.55835 17.338627 74.98694 58.906143 60.346203 73.45784 30.816286 14.997763 16.030003 9.85797 55.69637 17.72229 40.739475 23.588007
48 27.807766 59.56294 76.5975 57.179497 93.21064 7.0424438 60.46417 99.78286 58.83062 14.640427 77.18085 79.7507 7.2473764 67.07154 1.4511347
49 35.827976 88.07094 80.41175 80.35528 65.28284 6.941718 72.31635 67.38787 98.50757 83.57812 46.634018 2.8081357 85.854034 41.94957 5.136281
50 92.53228 44.07623 74.76383 83.715256 68.877335 57.37663 51.279617 29.92928 97.84408 67.65197 11.305702 68.68548 7.527137 96.37563 72.50373
51 1.4400423 55.447536 88.2213 25.216473 17.685371 85.46446 45.919693 65.49917 64.60308 80.34969 74.15468 28.405989 78.33237 28.57169 75.0656
52 99.504944 67.88418 54.37282 41.962326 61.754642 7.6875267 21.42936 4.3217955 50.028538 17.259514 1.4208376 54.477543 48.533447 24.53472 90.42519
53 73.405914 53.018314 43.77261 75.483635 3.7366748 94.94704 78.29693 69.79317 46.965843 67.720375 44.034775 93.19425 88.53199 23.64273 21.15283
54 21.899128 48.953545 6.7682323 80.085846 41.288464 86.94561 22.219807 4.7799406 33.18736 26.985096 2.3067951 92.7075 15.976649 80.129875 38.0897
55 48.639168 35.424644 74.29019 90.33176 90.58238 6.023073 5.1812353 53.4793 42.82855 8.226549 78.74874 11.92885 26.6181 14.237726 2.16223
56 29.935854 55.27253 3.3229828 26.03184 49.72676 62.30561 23.121101 73.157715 20.38334 10.376233 93.61784 57.008755 40.63104 51.15779 49.562378
57 89.70883 8.596743 94.26255 90.820244 68.3513 31.785536 43.074356 0.7767618 69.050064 50.90187 20.32315 94.27243 49.66133 75.71161 22.905218
58 39.077736 89.28188 62.97497 58.0527 30.572159 70.46677 92.70438 48.53525 86.61521 28.943443 15.807551 87.998985 18.684977 66.0759 63.8191
59 46.489 52.87075 97.406784 79.21852 96.149895 48.46452 22.549564 56.159794 56.35491 47.486156 69.0962 78.73688 62.19135 91.84649 27.944893
60 23.685926 89.25415 48.91181 46.743202 12.244839 27.808826 75.454865 39.504272 71.3821 80.13018 35.39646 56.71979 6.4624844 53.56807 30.956203
61 14.607435 18.389523 68.81068 49.000145 22.949606 80.171524 85.8992 5.2210093 67.0742 46.57678 40.594555 55.59721 74.978645 21.017277 59.321392
62 56.198223 39.799984 75.03168 93.542274 84.24652 20.494253 75.79405 53.2839 82.38217 29.725515 58.084427 76.69874 77.840996 52.913094 0.3109753
63 7.8621745 33.848442 61.78711 64.72673 61.153435 63.608997 70.61588 14.251274 78.036316 31.058132 84.76294 60.66989 64.14378 56.82497 55.98861
64 58.879734 72.39232 73.97743 53.82556 80.78927 45.332954 43.997192 99.637184 61.019318 78.824844 58.532227 72.13043 49.331112 33.944557 52.835316
65 57.974274 65.40941 27.183474 30.014927 86.91465 78.01181 25.61208 5.460864 0.8341789 9.374422 76.79284 93.78369 74.34963 48.01841 8.602029
66 68.608765 39.853817 78.67316 45.39016 72.441414 1.7861724 60.92331 40.495293 59.978275 28.06459 1.4654279 15.261984 45.655018 26.049507 25.65477
67 98.46214 43.42678 86.472206 8.524 62.22545 33.87269 72.08699 33.91892 68.94197 47.36008 44.35845 12.136501 53.587265 90.419975 37.540096
68 64.84779 25.83977 70.45802 76.62095 33.582848 52.327312 47.802704 85.70728 51.151775 70.27701 96.78431 83.673935 39.640747 46.49173 23.517836
69 21.88363 33.683933 69.485504 28.364748 87.26527 32.262802 95.14378 28.270632 96.20775 29.077328 37.608444 57.478058 9.02161 72.38529 45.2091
70 35.21954 39.916046 35.99561 46.973736 43.188732 57.61621 8.770227 27.165026 62.717503 21.298767 9.540892 44.830425 27.061552 75.16022 25.848467
71 81.762314 94.99133 2.672094 40.49186 77.58992 21.532362 83.75093 20.723242 4.830444 15.298253 90.32471 86.299065 92.28935 31.07019 29.067152
72 68.8098 22.70627 54.321552 95.66713 14.143139 93.29526 21.050526 39.484047 40.028286 26.939005 62.91469 67.70647 32.865585 81.19161 32.17018
73 6.386656 83.03333 3.6627114 2.7761877 14.4887085 10.21089 90.34689 49.268906 44.193542 3.6553621 90.390816 11.234993 4.2954445 94.57224 71.83079
74 72.58341 7.058978 25.544899 80.97555 37.048798 26.151138 86.31252 39.151756 6.744349 23.303944 35.95258 78.08816 62.965496 93.59192 32.7356
75 5.7126465 78.23718 58.333546 87.64412 61.814617 27.770454 95.66606 52.912426 94.93216 15.582842 32.130222 49.140644 2.8240383 35.64018 34.78115
76 33.81992 96.65588 78.15438 98.36929 69.79153 99.0561 93.84531 42.282276 77.629616 76.7813 99.330826 38.785374 53.62788 55.986446 51.19375
77 29.54018 21.487194 20.946938 17.59981 38.625263 16.511654 62.267624 19.077444 14.847851 95.752625 7.6868057 5.255419 86.85484 34.78645 34.906387
78 44.58364 64.56851 34.424656 61.626743 68.498215 88.24465 80.452576 21.126259 70.85458 0.747633 2.3523986 33.100353 85.029175 83.54089 77.83042
79 47.677856 63.726837 56.79582 57.840538 86.98781 65.639694 48.635338 9.742535 2.597481 5.654335 7.8694105 26.38359 60.631634 74.83498 83.980156
80 47.43615 19.277853 58.016914 63.219727 21.51869 68.35952 22.188002 11.450124 77.784386 8.2032795 71.13851 84.05169 12.165088 88.44462 40.9068
81 67.437294 53.745842 47.814552 77.68715 82.32695 2.322632 67.26002 3.0075908 18.1697 99.62837 2.7074635 39.60132 63.466316 58.630283 14.934481
82 81.52179 26.078098 61.394756 84.73182 31.285078 99.05066 94.0397 46.99257 59.324753 64.491585 4.063863 10.546345 32.53681 54.38904 91.73777
83 47.262997 1.4594913 12.024986 23.202675 37.798073 73.524315 50.21749 32.45594 88.76464 53.238712 57.728024 55.57077 81.33292 21.09143 7.811129
84 70.43303 51.33083 99.94362 13.398141 45.17034 20.70781 20.779217 12.437105 88.552246 17.407835 25.598127 60.41612 45.271175 10.762626 12.167179
85 31.345188 51.551785 10.76467 38.082253 55.04538 14.421481 98.123695 16.487926 39.387493 67.7126 66.77681 85.758736 78.34319 95.021835 28.248888
86 54.940994 37.87827 64.05563 87.4974 76.82183 44.6638 46.730934 99.987495 93.729546 0.44922233 77.83476 39.9052 26.737701 76.19058 43.788177
87 87.61648 27.566063 43.425457 67.9906 1.5193582 1.4307439 10.016489 35.279663 3.9279401 7.240963 97.641594 54.23428 43.99681 94.280365 28.998936
88 10.440403 22.180885 88.82063 53.636997 98.55915 72.37897 73.52813 97.94727 7.277131 9.593648 32.13907 62.814014 54.232258 5.3301153 63.354908
89 42.65824 52.11236 50.541782 4.4699726 3.4120858 20.696438 90.01064 76.673355 30.896652 20.091808 53.739174 51.613827 62.04558 59.31765 94.15418
90 0.5906403 1.625526 62.263775 44.41877 83.10703 39.072536 44.541252 7.468283 46.532017 41.622192 53.53029 39.892395 80.85798 59.206017 47.77459
91 14.654255 16.175562 27.073586 77.586464 94.85741 81.23754 57.54935 77.19243 73.14242 1.6339123 31.826288 79.905754 81.43133 99.49897 15.631151
92 25.665468 40.06495 33.728706 53.67365 87.8952 38.1338 62.375153 42.035328 11.141234 45.039062 15.738737 25.39454 18.536371 81.89846 89.798584
93 27.86603 29.060352 98.00934 31.66303 58.215244 68.14376 27.685755 19.912106 58.55693 74.77044 54.69852 97.82501 11.9479065 6.314212 1.3807833
94 2.886194 30.428726 35.403328 36.14201 34.554344 98.26636 76.70692 63.398724 98.531265 2.9183865 95.31065 13.3321705 70.717964 1.4116168 40.9854
95 82.783615 0.2909124 15.548075 46.906464 23.17409 58.032036 44.076984 89.06886 14.574516 73.924965 12.471306 49.644535 77.755424 64.37194 35.304146
96 78.782036 36.826344 43.03856 46.828396 33.861984 65.35864 35.70708 11.929202 61.0588 97.911095 75.586426 82.16279 3.3495843 18.694908 64.823006
97 25.449192 93.04654 9.588218 25.578917 68.79436 50.763268 43.51426 81.653076 32.136936 40.77424 96.821434 62.43925 49.315315 63.370014 59.04809
98 84.827286 15.813971 25.489117 81.432335 76.80889 39.269043 63.12533 0.6651461 66.95589 9.898454 73.33269 33.41963 86.07072 36.59132 94.70848
99 74.67339 47.200764 88.176765 86.7188 71.135895 75.45733 36.53846 47.895367 35.37583 13.847465 62.204838 67.59233 29.502333 1.3344347 67.59585
100 76.528114 75.28895 96.876114 57.327015 87.68892 44.05488 52.096947 18.255508 55.34402 80.858536 35.939568 39.00743 18.98232 17.853737 9.088034
101 94.570175 98.055695 8.058137 82.692184 26.500946 8.697391 48.15132 75.04913 34.03659 45.32801 74.931366 78.072975 61.847477 7.5833025 90.202126
102 40.831448 2.6296437 19.676346 51.439987 74.93181 98.75599 37.58263 26.711195 42.447193 18.703974 35.81466 50.90549 34.297733 38.151012 15.5988455
103 93.156166 20.011515 79.99885 49.610622 91.882645 9.62345 64.98696 33.755642 81.581154 27.723635 18.127007 26.559126 4.4793844 47.500195 34.392212
104 33.358353 8.449078 59.758408 68.69721 11.564404 0.9379506 75.622505 14.2872925 99.70889 85.752144 50.787197 24.615395 85.82468 16.718292 19.192387
105 16.328217 47.99205 78.81876 81.8196 35.12815 3.7424147 55.37526 85.48768 37.358295 66.64262 69.118095 72.155174 23.817522 13.037003 38.19698
106 82.97938 89.50865 33.91878 65.85209 66.45701 25.024921 74.61577 67.87271 96.168175 18.669695 25.849224 26.237797 32.30669 80.0771 15.2627945
107 64.384 20.22019 98.26293 89.287125 51.12136 68.07276 92.20628 65.8344 20.864004 70.51736 38.07445 62.49631 19.928038 83.522514 12.201155
108 60.40356 57.345486 21.398026 66.36844 87.510544 16.941183 56.32953 15.59512 97.67485 21.118748 95.648346 27.581137 73.44905 79.51619 86.477165
109 36.592503 94.9951 93.84667 21.715282 87.60277 38.03711 68.07381 67.53073 43.9531 97.41407 17.634672 99.14736 53.986813 75.772484 17.580366
110 68.84873 79.699905 39.50327 44.92927 64.42906 99.38315 75.49451 80.71106 76.02643 32.784508 96.019875 50.41969 29.160368 23.073704 37.55434
111 14.00519 68.21221 86.73893 99.006805 17.042744 70.442795 97.69606 21.35092 90.06109 20.41049 62.86248 43.548714 22.74195 89.36856 26.072681
112 87.68912 41.181408 6.481874 78.63667 52.15767 9.807718 17.669594 76.52037 87.23234 52.86783 44.274605 54.83054 18.64127 14.426094 44.86844
113 74.096695 86.26386 29.177452 68.16838 34.153576 6.3096046 70.48954 58.682938 99.94693 14.037073 46.19162 36.28483 19.332832 32.506668 78.77371
114 39.972084 91.24738 62.186504 94.71095 79.71614 99.13525 31.705559 50.26025 30.170362 40.19784 65.987946 88.7788 79.346275 7.1259556 52.785748
115 90.68626 93.94313 62.097805 49.697105 82.748566 12.186724 49.847633 12.614584 92.326904 32.705734 39.74854 23.762924 96.34862 43.621517 48.62568
116 97.68419 38.568424 65.68425 54.254566 80.40295 94.561935 54.55373 62.34849 78.308754 7.004553 84.355774 80.75573 45.84464 7.125473 83.16846
117 97.34151 75.76601 77.590195 3.3915997 61.70245 12.477779 1.0682523 29.874956 64.84844 1.7708838 13.811916 76.63639 69.99442 92.22965 38.944637
118 20.963114 16.65243 71.798004 86.885666 20.192015 39.634544 3.666097 65.28322 51.60731 75.01458 79.02352 55.66786 86.33457 72.50707 29.637844
119 64.2596 32.073116 74.37673 4.036033 98.26674 61.778416 26.471216 59.732956 22.714775 42.330223 49.16988 26.96991 15.266824 21.711254 52.16801
120 62.362778 14.379173 59.747402 34.589237 3.3433676 89.02982 57.059174 73.77081 14.999914 93.525566 62.143105 95.341446 62.637592 88.711395 6.601101
121 2.3663104 57.90347 49.262394 24.187874 61.138893 89.53207 56.433743 67.83701 29.735428 26.607872 25.29238 19.00251 27.11079 51.71515 96.47999
122 30.924438 75.01017 61.51835 54.199474 8.768457 72.31999 45.317863 16.426819 78.53307 47.014706 89.14725 90.190605 58.264618 60.219246 39.272846
123 36.80795 21.127302 41.055943 18.841904 49.70684 33.46742 11.150032 13.279146 94.20145 91.97176 10.510868 1.2962878 85.4319 53.698666 78.88159
124 0.55767894 11.56004 9.065044 40.764977 50.704746 25.964403 50.278316 20.707434 66.210785 99.15407 22.242027 5.888134 41.108025 10.7831 47.236954
125 23.761076 74.753586 79.67257 2.845174 6.891322 49.29763 38.123184 20.36547 38.98216 26.263315 1.8289268 0.65066814 74.489555 31.586529 21.994568
126 9.72706 78.55896 69.59726 18.24314 88.14503 69.00354 89.820114 23.811466 57.72931 52.69242 33.25814 55.423473 35.783314 25.364483 3.1931221
127 83.96615 19.95182 57.171684 49.740433 96.34635 13.519979 72.14358 76.75445 29.167492 49.147438 74.52055 87.56943 29.433722 93.688705 0.10972619
128 84.92313 72.47875 84.18285 18.368715 46.74903 91.65332 38.21767 68.02601 68.90538 54.72696 85.15697 33.221252 17.963242 48.01761 89.201836
129 11.227596 80.5938 98.319695 43.53307 59.94441 53.629917 4.933399 46.01404 61.980637 52.34636 57.49334 61.84364 91.05518 49.784595 50.654514
130 4.421753 99.70388 11.984086 52.630062 41.37392 69.29673 91.77591 52.516014 53.58668 23.84165 55.41297 70.51922 38.203598 28.001207 73.88302
131 17.678988 75.35936 82.50894 35.466785 97.30202 48.08296 32.386196 63.21956 41.79088 66.941154 95.98641 24.884045 26.326674 58.843166 57.200275
132 41.667263 28.266985 12.771183 85.725006 63.77379 49.254383 65.38736 28.028034 26.086498 59.824665 64.405945 56.72708 7.4911237 95.49502 76.78248
133 61.08414 36.67985 43.452473 48.194416 84.002846 49.53498 32.41443 57.568966 59.470737 56.13873 30.172216 9.711636 22.258074 5.8969855 76.743744
134 36.128414 62.641994 98.0819 31.752808 21.199066 92.05088 12.231499 96.234146 81.79663 0.21405816 82.29876 17.9605 23.669888 95.36263 3.283739
135 99.839096 99.38264 71.27822 96.4391 79.98081 48.87279 78.8599 15.203815 24.569057 14.851273 56.01975 9.045005 88.32339 67.96798 94.08148
136 75.69119 27.65218 29.150183 67.71424 87.199295 56.821728 43.55397 0.36652088 24.355518 83.74767 98.5094 70.067924 63.569176 48.265373 19.5944
137 18.54682 36.246033 68.6968 59.01433 17.387814 92.25226 21.753275 69.82871 71.258446 5.1931677 83.65978 50.850822 23.212385 30.586248 27.032387
138 39.411163 39.1847 80.42258 36.475212 13.343418 26.802599 84.96253 96.88676 56.807434 21.62475 39.842976 50.691658 15.755856 6.2879267 62.687637
139 75.06781 63.388515 14.488941 26.47562 16.959816 60.795063 82.28146 79.06563 44.307487 6.696558 9.154213 70.684975 36.336292 47.85807 66.422745
140 79.12823 86.63178 70.01757 71.569695 70.18596 30.538982 11.283607 35.576355 46.81852 16.492575 65.68104 82.58491 2.2451699 10.306811 55.217804
141 54.309128 90.93788 76.16206 2.4166048 7.679808 98.059395 99.75511 91.17628 25.788027 16.794788 72.38428 48.13327 17.108095 17.986435 11.981219
142 46.98233 24.385525 15.247953 63.454365 48.646523 95.92209 28.119637 59.16303 56.483738 52.048725 26.715237 76.69694 30.164093 67.42966 93.63866
143 59.006542 58.298267 64.883064 66.723625 47.74045 8.751231 3.340602 72.43589 68.63691 28.81068 36.420895 31.704538 25.03574 53.53138 9.192026
144 13.708854 36.890488 49.7417 59.689796 38.99253 75.74204 2.038449 54.599113 40.525658 16.453815 63.831974 41.465122 93.364494 62.40531 5.9219837
145 64.45994 22.811836 18.40886 3.5318315 8.985573 13.960284 33.778687 93.11664 99.449844 27.773386 23.481876 87.06018 31.930363 0.054574013 87.686386
146 68.622604 31.97297 68.46206 86.65669 63.793682 60.600906 61.903732 19.0077 40.20369 67.19561 58.00568 84.801476 56.66985 95.019615 93.7704
147 61.658585 47.595108 67.86805 16.967266 60.571342 93.13548 29.052765 20.23229 69.87435 94.22287 16.34851 74.36355 10.087323 38.14442 58.68415
148 4.010707 61.147446 28.972149 87.57508 49.06455 46.755665 42.80639 4.210514 63.808174 60.8503 2.2019088 12.688244 97.612465 49.079643 0.51116943
149 72.39947 14.023453 46.8739 24.988455 84.58881 66.93953 66.42926 58.70017 76.54511 4.7161045 91.53858 93.490486 93.92325 96.03075 13.472658
150 68.929985 39.876003 9.821754 37.58423 1.3635933 86.81996 69.269135 31.336159 70.4704 30.914705 84.373055 25.22307 52.31214 4.157728 36.016975
151 31.548374 93.401505 18.157822 87.360176 8.038646 2.1517873 96.22893 75.92876 67.4368 36.02294 85.83966 45.86878 56.94077 5.165905 6.367719
152 7.556987 96.88388 18.360222 22.562403 18.262058 53.436707 13.0743685 82.445015 9.004301 10.212636 38.6512 80.22029 99.4276 16.154814 76.59346
153 6.0893 43.691128 97.46025 62.918304 1.9145131 99.488495 87.85753 29.350513 26.074398 61.749798 20.411402 59.079765 34.45034 18.882221 34.106487
154 91.82741 44.522106 78.12242 36.501205 46.525627 73.527504 37.339592 69.29314 19.041931 32.399975 12.131196 94.061165 69.68228 37.879234 32.05009
155 30.924332 29.836267 44.25124 10.106158 81.36959 19.81166 32.38498 41.17864 68.85281 97.92708 61.176117 62.59697 65.58131 23.138863 39.576477
156 92.90301 2.5684297 55.281765 15.790695 70.76161 1.8498659 85.374954 73.97607 27.26974 26.716858 56.920517 43.22157 12.716162 27.818531 32.798893
157 44.351093 48.420525 12.688023 82.90421 58.151512 9.946585 84.144745 18.28565 95.23734 58.11972 62.417637 8.053088 79.51355 96.324455 17.8361
158 67.014786 40.97934 38.017868 19.470596 52.851402 11.637604 47.835224 31.91397 21.066868 63.05461 67.71465 32.026203 40.028507 43.486214 39.818966
159 42.28433 4.7123137 14.593774 88.438896 92.56054 20.466751 46.072598 60.339874 90.68358 72.920364 64.77758 48.04194 49.82252 99.37197 32.236557
160 23.242313 41.180496 24.463076 20.186865 92.00481 0.12550354 89.05232 92.66064 92.51754 56.953537 57.962288 80.20064 97.288284 17.02751 38.186466
161 37.340958 50.79664 13.926333 24.324883 19.18221 81.10913 71.148605 39.122288 52.68438 19.101625 58.33206 82.23451 39.462807 55.104393 25.174927
162 94.53233 30.985367 62.428154 56.391167 94.71551 6.0264945 36.849777 63.024567 32.662548 41.24326 96.29948 16.024643 14.257288 56.32 75.32696
163 26.701307 96.445786 88.11245 43.122917 82.88887 91.58555 76.75533 94.688576 89.537964 95.912 49.235184 73.996475 26.005936 8.888685 51.242744
164 11.548501 90.332016 5.6119084 90.2886 11.5543785 31.876749 82.156 16.486132 35.029083 89.301636 9.18125 31.784714 62.50724 20.20266 99.25667
165 3.792423 15.925723 83.841576 41.70791 81.994095 94.72336 79.20441 60.486103 7.7910542 71.60321 39.73346 57.22423 56.32096 73.01456 94.01557
166 66.52918 98.729256 76.617096 51.76643 53.432095 75.0395 20.231098 7.7409325 55.137177 86.903244 75.55732 46.649563 18.678469 68.508224 75.836685
167 11.508679 22.288132 55.30508 44.240135 80.64816 27.234268 21.811312 82.826 7.2081923 76.19802 99.709435 98.1284 64.55216 98.08955 59.232563
168 45.663643 24.593895 63.272583 54.194035 22.739119 69.38535 49.763203 3.050232 66.86463 3.048724 73.93749 34.482056 79.80098 27.690012 29.035461
169 40.847378 87.903175 67.539024 83.25713 1.5143692 25.053818 47.27231 65.046745 0.86489916 31.327724 38.156055 6.349927 33.30395 58.835335 96.969765
170 1.8664062 65.88117 65.276855 13.127512 51.8308 94.394394 18.979895 7.3025227 92.42024 52.684383 89.03167 56.29577 37.859005 9.138894 17.057688
171 52.796276 94.57571 46.41058 68.80718 1.7978549 94.84225 77.53577 13.611567 47.31531 96.21886 6.852567 36.676235 61.04535 16.445673 20.500904
172 25.803017 88.91995 10.317451 57.301815 2.336061 80.09087 36.27686 5.227214 61.75715 36.563484 23.249418 25.567448 17.36905 49.080894 1.4657974
173 80.67565 79.901024 87.36934 50.086487 31.523645 74.71546 9.732991 86.3313 48.26182 78.71814 50.280315 49.057484 5.868554 22.26758 41.63899
174 39.423077 3.4469187 32.59598 79.54702 74.076416 80.73505 18.810827 33.683617 85.45128 10.210997 2.8224885 39.823936 99.00515 14.375591 62.979115
175 62.981647 9.962994 12.281364 69.29102 23.566967 30.231136 99.35058 81.45782 10.474759 39.09799 42.508274 48.102577 30.977201 35.17528 56.481396
176 71.35943 39.692616 89.35325 64.92463 83.007545 52.911507 53.505688 35.286743 53.51307 53.171013 3.0090272 72.796036 24.508661 67.98121 25.11781
177 25.70244 8.350778 19.633085 3.716427 70.361946 39.450275 76.48595 64.35189 35.592354 34.13956 34.27803 3.7192285 85.988304 26.048273 45.880623
178 33.453674 3.889817 88.49985 34.38492 69.28053 0.096428394 44.56873 35.149055 19.944483 0.16601682 48.467255 42.92757 4.107201 22.502726 12.242341
179 98.75883 2.352041 8.0040455 51.796158 54.009617 41.912895 20.698006 52.50561 44.797493 96.663376 1.7639637 62.769554 5.6673527 48.733093 83.11488
180 33.28855 36.44117 11.896491 4.156697 39.471786 7.951027 23.20317 99.57636 76.822784 81.08233 7.347602 55.50124 66.29631 7.1837068 48.733234
181 54.88801 74.32259 47.24427 36.355698 34.62194 55.40281 70.90999 95.36108 60.930794 92.89549 85.83573 81.836685 46.04947 13.9038925 72.28523
182 91.03733 97.6313 19.16796 9.349656 37.37427 28.521263 19.753181 37.519073 82.19443 93.8302 44.365383 0.28606653 64.314896 45.734226 48.623066
183 95.47559 81.67377 55.3399 58.964897 78.37978 60.09943 91.884346 46.50169 34.645397 58.433075 39.376343 91.54299 55.13934 5.9741735 81.735245
184 48.305183 29.443497 57.928616 82.06973 96.069115 43.754513 23.259079 97.789314 1.4926076 45.149864 54.664505 8.903503 64.65036 72.60531 56.511265
185 35.592503 65.487404 68.7981 29.124165 96.700195 18.6109 71.40635 19.206888 22.285484 22.650612 41.930717 30.14654 10.16761 9.794319 60.44627
186 82.97473 83.221344 54.6175 90.377846 30.782295 6.038034 46.105247 75.43233 64.95009 96.80162 9.000659 56.079693 10.762954 83.47799 40.561146
187 3.126663 69.47738 8.639759 5.7789683 36.46092 1.9386292 60.715275 71.50368 86.26084 70.17553 72.74303 10.133421 27.978867 14.387465 74.724884
188 33.123142 80.141655 76.28984 49.610954 29.05693 52.205475 20.37285 33.334587 50.07829 7.9115033 13.289666 18.980396 72.75689 15.166235 10.921818
189 97.25586 27.747828 66.602776 61.830914 58.404343 58.685577 13.647688 55.520947 33.31501 10.528719 81.92614 41.488083 97.93367 25.974781 55.798298
190 89.27359 59.554184 24.600368 96.15878 96.070145 85.87802 71.11773 7.5858297 23.83496 97.89127 88.70266 0.54903626 35.87017 90.95399 11.932403
191 11.537618 28.539288 60.67236 86.729774 91.32987 18.858517 22.085964 36.157143 49.67839 56.355858 23.71983 9.320474 36.73457 7.6146245 68.70684
192 93.470535 38.693607 95.658424 80.37389 88.12964 91.33327 21.702665 51.612957 45.294147 52.084522 13.265186 28.544634 66.09463 83.56041 16.231323
193 27.2596 95.42805 61.44458 16.804106 15.936434 69.76392 32.47848 56.49833 6.8404617 86.385345 76.97478 5.181062 57.37594 75.63454 20.624315
194 25.905275 35.576485 61.23374 45.969254 94.77591 42.569447 91.44844 61.21023 99.73869 27.346504 58.817856 37.240345 5.964261 72.63508 5.527335
195 50.00268 40.948223 65.12417 31.428247 99.31577 69.66048 99.399475 92.47872 84.8772 25.713158 58.642723 48.298855 30.728943 66.799835 92.718544
196 1.9854724 69.349045 86.37353 97.29105 75.75633 41.83644 45.025677 27.976173 98.894806 90.30474 67.21226 48.45171 5.4109693 19.335382 66.32005
197 68.434265 67.45141 74.710556 24.609983 29.323418 35.470497 27.0162 26.913702 15.252233 40.273632 85.24967 67.25427 23.727734 97.074165 89.27505
198 56.534256 11.763382 63.550293 10.640615 24.370176 24.48154 57.48635 7.5230894 47.89898 17.990267 63.939667 42.815285 50.349224 56.62403 25.054764
199 53.868317 89.33111 16.4006 39.781208 10.185748 22.688997 77.11893 27.030396 71.30873 73.47636 70.54986 59.484314 53.90464 66.81582 52.609722
200 30.66215 85.16414 33.319115 34.526188 13.337458 92.32491 46.147938 88.38771 30.420887 96.58696 13.045204 3.007847 31.484848 17.79039 88.66703
201 18.939554 29.77394 85.7308 15.770823 99.26284 50.446735 9.43932 82.30083 73.27345 4.622388 99.51881 82.75516 21.565014 83.31339 25.879108
202 60.579865 96.67948 47.330082 36.942093 49.43641 7.270426 24.621618 62.390846 17.316591 44.662388 55.214577 73.43186 92.47901 28.192211 99.92664
203 18.74839 34.465046 64.49136 45.436584 85.08696 28.992294 0.93185306 52.21113 25.787281 80.854706 45.144264 49.416077 43.402214 54.178436 81.46919
204 42.526894 21.534706 41.152084 47.379757 64.21948 51.630722 6.890416 14.583081 30.643917 51.012413 64.188866 22.253918 15.803742 85.02705 33.92815
205 25.569136 92.985054 87.7503 77.70555 88.60401 19.569695 78.95607 83.37371 74.24048 29.753769 39.599186 2.5946915 67.85468 7.3682013 81.21603
206 94.86419 39.342075 10.9162445 6.6070795 13.88802 67.958786 26.919376 47.91194 70.4235 65.27859 11.577929 4.523933 38.01685 67.36677 9.546173
207 15.829664 3.3218265 82.45035 91.298615 53.9258 46.285355 74.62609 45.19037 28.498304 14.4044285 7.5115147 79.01906 61.999954 3.0314267 29.543716
208 99.87021 27.992647 95.42884 40.509098 35.52597 91.70848 53.610027 67.80198 60.05538 50.01514 87.17245 2.1309018 78.76123 21.348404 92.119064
209 92.50015 90.87651 75.91041 26.419746 96.18513 73.784904 46.452377 31.697994 83.30102 50.652607 2.0036042 80.41166 39.953846 8.830804 65.524765
210 11.264509 26.693779 12.911445 84.016975 49.93655 78.207054 1.6469717 21.283453 11.714816 69.341705 8.894247 2.3075879 62.965477 85.43365 6.1926007
211 39.87894 21.898197 80.564926 18.477297 72.28221 99.581764 65.240005 18.766611 21.987593 90.08663 59.715855 5.5097284 93.583725 85.92779 75.88669
212 14.772201 91.72709 20.195526 39.536633 14.758026 91.5067 69.9892 46.57791 82.57541 2.017635 23.67161 17.545206 21.964127 54.588055 45.25985
213 0.38844943 59.29482 28.313398 17.749388 94.07849 55.965572 13.432133 19.67818 66.6066 14.8632765 56.5544 68.68751 7.8282714 92.39244 37.567383
214 36.698296 47.791927 75.33148 85.739845 14.631671 37.53734 52.147274 49.495728 42.956955 4.990691 24.13727 20.699709 66.91094 81.98062 24.690443
215 68.08351 62.72015 38.32137 70.94313 26.442087 80.859215 39.437878 76.095184 97.056335 83.14062 69.537575 31.648619 51.87971 7.6640487 82.57168
216 94.90251 68.59849 76.33031 78.19468 20.313168 7.7896833 87.28003 64.956436 74.99778 36.92076 84.349525 3.6914766 13.978529 1.5364528 19.104082
217 1.461184 34.047363 92.14892 71.43711 1.727438 14.759284 89.38861 51.895237 36.27094 18.474691 30.998188 4.1535497 35.61075 0.07354617 6.1859846
218 67.33163 49.538445 51.52204 77.43755 54.581787 90.37182 21.514935 71.66439 92.632454 56.49019 39.63517 93.91091 34.327965 20.7816 85.62091
219 52.920948 66.83307 21.267492 64.22494 61.67023 57.787144 83.14335 25.671274 83.30382 2.5862157 41.865677 50.800835 37.38951 1.9864917 55.121273
220 52.65472 99.43598 30.772877 62.241245 25.538427 12.466246 77.291374 17.888802 55.670135 60.13344 88.74107 32.98895 40.53337 11.280548 48.35717
221 60.52389 7.2833242 53.653877 14.651394 72.9479 73.31179 65.17045 47.932446 67.84827 17.738598 83.01295 40.19294 80.67769 83.607735 89.99495
222 7.4667273 69.80201 73.428795 43.030678 31.843704 6.95253 40.984917 76.89496 87.94878 62.964493 89.655914 67.32161 16.884428 27.253681 20.571608
223 78.2252 31.998938 62.97709 5.468875 28.617954 44.535275 46.69712 0.99356174 33.618824 73.96176 10.392743 49.243248 21.615797 74.86966 28.915722
224 88.53162 34.759426 38.592754 31.871944 7.6722565 43.96019 58.569885 65.122154 34.59674 71.67362 30.90585 53.664146 37.96699 18.03581 69.12426
225 89.910614 9.806978 38.22059 69.8457 74.95834 73.317566 63.905518 75.7256 6.3128233 47.266815 99.9432 46.67173 34.955795 85.046234 42.040092
226 99.916176 4.2053995 70.09125 43.558777 95.28829 49.412815 81.386925 33.407967 81.934296 43.373066 73.782974 34.10561 46.22828 49.92058 42.454987
227 14.044952 93.75287 25.363958 42.762672 3.124845 98.59488 32.3339 13.724536 11.399203 74.96045 96.73046 42.168705 79.24546 84.98891 9.530073
228 6.2098207 0.54795146 34.920544 10.331017 40.98394 51.15347 23.296923 68.07381 80.551 9.808027 60.054768 21.075212 90.6139 22.16471 46.187897
229 48.38336 24.333494 57.31301 88.63112 7.826829 4.231775 75.48376 74.26382 3.6378384 67.224 32.80573 67.098274 94.1362 56.52219 19.720089
230 52.032375 43.935158 16.885317 72.19549 81.79238 87.0555 50.897182 25.345493 97.21741 39.104397 40.13585 46.355312 67.75257 65.49746 81.82413
231 94.51529 23.395592 36.096184 58.44866 0.18516779 32.417126 27.430231 53.59676 29.039228 83.545395 45.019012 74.63878 33.142887 96.1317 48.657906
232 3.6969125 74.275925 47.816998 61.659008 98.46652 8.245516 43.686825 15.018463 18.835932 20.338291 72.67956 23.715294 92.8883 12.9692135 1.5115201
233 64.537735 24.831205 36.235577 40.57491 43.002407 19.815456 72.527084 3.6854565 16.410196 77.66454 97.44081 49.304234 16.516024 24.49547 33.67958
234 86.59192 69.63436 82.38568 42.86092 8.597273 95.527504 61.0088 95.5334 56.819122 25.712437 18.965508 63.299942 57.660778 83.76755 27.878635
235 62.71017 9.827709 27.031237 59.76997 80.24403 51.976192 43.278618 52.41956 35.817318 37.93708 5.3730607 22.017204 21.160376 80.21356 9.660423
236 35.205208 34.32899 55.343754 3.4625173 10.396587 35.49016 62.851852 57.202137 41.913773 67.78604 85.16982 66.53714 69.97009 24.129318 52.943207
237 8.789754 8.814203 32.649464 98.94987 0.6367922 87.54246 74.42887 6.431431 55.4964 10.284853 14.192867 72.49982 59.63882 50.878323 2.6099265
238 14.532632 36.407948 22.0101 15.49493 23.771328 54.02295 99.46073 5.9769034 93.90865 30.505806 1.8796206 18.893932 28.08057 70.93198 77.926895
239 18.425518 11.711508 29.323393 2.1186411 9.192043 64.01033 57.301342 33.883442 44.480694 82.04965 91.612206 20.806562 52.44782 29.31953 45.662666
240 85.49494 19.462502 8.024854 29.397928 98.69525 29.371256 80.35435 95.68336 21.05562 6.3667955 59.21062 38.57675 68.11705 68.13644 90.74061
241 83.58658 82.695915 93.66029 68.29127 66.596306 64.77668 7.8525543 95.54668 96.302536 29.441626 2.4282753 2.5530398 4.785335 20.350016 50.985104
242 85.641846 77.534584 71.03512 46.176235 16.016506 3.5408318 64.06644 30.694448 43.63505 28.880268 13.244116 12.07521 16.22206 34.850628 74.83083
243 27.360064 67.56383 90.7295 57.82534 48.5537 86.02803 68.52423 41.944702 17.484474 11.41389 14.869428 55.876446 50.87744 85.253555 86.02406
244 12.11499 27.721464 82.58458 93.55716 22.001171 33.721523 19.596058 28.933884 23.19336 96.94927 75.57569 28.278774 78.52907 67.72768 4.975671
245 67.87064 50.967045 20.110012 88.45645 5.4950533 13.972574 35.652805 74.30692 82.04058 24.326736 58.962337 64.08732 96.38142 7.9704943 32.953083
246 70.67029 59.659885 96.26576 56.94541 21.600718 12.901425 96.158485 97.51133 45.95414 65.10487 93.4186 88.02763 95.30677 33.5105 22.723568
247 3.7034929 37.26017 69.92591 5.225807 2.7146876 77.975395 58.36824 55.840866 97.11357 24.712986 11.754232 15.316266 8.317131 73.35607 66.14511
248 21.75756 77.94432 83.78737 27.649885 22.326714 35.128464 98.83206 22.340876 46.98 63.5346 32.864147 6.5840187 45.13213 95.34047 43.2658
249 32.48962 84.836784 73.38239 42.44851 19.517857 58.339806 37.323486 77.37718 42.707848 42.63159 83.68582 16.332037 14.935512 57.903545 34.324783
