100
3
0 40.914738 66.92757 83.21645
1 83.52787 69.94602 58.01846
2 47.759907 18.908436 56.609596
3 73.2109 36.345665 68.98786
4 16.762756 93.11397 10.847378
5 66.18318 99.79664 74.245705
6 63.654083 75.36862 49.5382
7 40.091133 30.743229 63.95486
8 7.833314 3.7474513 46.520607
9 11.349982 98.60612 77.38723
10 15.106159 97.7157 62.229515
11 87.72945 57.37508 62.991405
12 49.532913 89.85315 38.31991
13 58.351273 93.14342 99.42933
14 84.88906 41.651432 70.342865
15 92.75614 40.39955 78.14435
16 58.27662 28.395813 33.249306
17 68.97768 69.03402 48.826115
18 50.610535 28.008574 81.51094
19 26.995647 33.029152 86.568016
20 59.549435 34.232475 44.65381
21 14.382738 44.930153 52.38565
22 22.755074 80.345276 30.48181
23 15.725815 86.16459 30.72033
24 76.795494 4.9052534 47.472828
25 65.253716 17.527622 85.651794
26 60.792004 38.137955 67.59481
27 74.87964 73.44944 84.57747
28 78.070366 64.14191 84.271416
29 72.54015 76.46082 48.984264
30 36.604477 39.996986 54.26067
31 18.508572 54.6706 1.4169812
32 61.054836 94.60624 26.346004
33 83.441505 89.57436 68.719826
34 23.385685 82.51475 75.438
35 36.048443 56.193657 69.861534
36 33.067852 44.801224 79.4821
37 8.709067 32.502968 59.95741
38 87.90331 91.236916 25.41344
39 37.110477 77.62049 58.663338
40 20.21458 39.016045 56.764942
41 86.45246 11.285585 33.6529
42 91.07688 11.234814 94.209175
43 42.727524 92.32698 49.114513
44 63.78218 69.95341 38.261177
45 23.09401 43.227512 12.026793
46 41.00809 35.94819 38.303406
47 26.47345 13.657302 13.652497
48 38.407486 10.49127 74.88862
49 12.10649 95.67397 96.15902
50 52.253075 49.14768 32.63833
51 29.082554 14.431578 56.53889
52 47.28269 10.428304 70.29731
53 68.612305 71.97891 13.636035
54 1.9647717 90.508354 78.626755
55 55.755527 54.61622 48.46026
56 17.56844 4.7254143 37.46269
57 85.412125 1.8864214 34.97985
58 17.740608 59.549088 53.508682
59 28.06452 28.498978 52.253296
60 73.0188 27.566164 96.74019
61 30.833662 73.872734 50.26865
62 12.197256 14.426077 84.34808
63 81.26696 49.930428 97.10427
64 0.29580593 19.583082 78.589966
65 17.919619 9.74266 23.98243
66 97.51224 74.806274 80.52972
67 44.096405 62.0022 38.611275
68 36.20771 19.088291 59.724243
69 79.56754 57.893223 20.991539
70 69.90927 5.011809 63.08549
71 0.09881854 69.231735 71.813515
72 81.72618 19.547493 87.17396
73 66.64127 88.04342 11.254894
74 73.24629 92.72896 49.75655
75 37.88997 27.651304 3.1559706
76 27.643698 49.4748 95.26416
77 31.829094 34.714554 98.89916
78 4.8559546 87.41293 39.52628
79 50.07795 96.33132 49.531998
80 49.57962 24.218256 58.718987
81 86.85017 23.100197 83.78962
82 61.387722 63.377632 48.52113
83 26.966232 6.4182224 11.876965
84 76.12695 35.757053 37.512333
85 94.91837 43.894905 93.5438
86 81.84813 97.410286 75.69233
87 18.655508 67.785706 65.80921
88 43.583244 82.831406 90.50232
89 34.25934 33.801945 31.434774
90 97.0058 26.255077 77.51693
91 57.11331 34.373707 50.752155
92 50.198555 12.855035 73.63771
93 96.72658 87.3935 73.22228
94 54.934647 81.81419 47.98778
95 54.68312 36.147243 4.734254
96 99.4069 4.6839595 1.3409674
97 52.65041 31.272114 33.26806
98 51.262897 2.455449 86.22925
99 36.050743 55.711304 47.24884
