500
20
0 92.910995 49.194233 40.808506 4.4569674 49.250637 83.62123 62.299244 1.6778529 39.83701 4.907626 77.758934 87.291794 75.675354 23.475027 78.50419 1.0415196 47.383316 38.736237 76.87057 40.912586
1 79.04915 86.10817 68.717545 52.317352 82.742325 91.699425 68.82258 17.106306 71.69978 89.03238 1.2209773 61.638332 63.645905 99.32978 30.369722 10.860771 89.15507 50.170116 15.125614 92.19278
2 59.62354 91.558876 56.029575 99.6141 5.536729 81.349144 63.93938 70.69428 67.614334 28.963638 82.87515 83.62383 74.46948 65.821396 56.821175 19.21001 23.068804 18.870098 95.510925 46.17226
3 59.03351 99.094284 0.82080364 14.120335 38.242634 36.549454 97.78331 84.843765 8.917868 36.91261 33.438934 1.8149436 43.07622 49.104733 75.3741 13.2548275 40.686047 99.4056 49.001133 94.18757
4 40.869915 2.6346385 89.14809 96.38661 77.94375 26.213963 64.625565 26.073467 80.90655 86.87432 32.973766 62.064735 12.203044 63.837933 41.973866 81.480835 93.23917 35.75129 61.70857 26.15034
5 52.365917 93.49786 79.50987 85.7995 27.053188 57.157753 45.137917 79.65095 41.003902 75.47473 16.651213 17.126959 83.32875 10.729176 31.879866 12.229466 28.989822 94.19891 45.983715 11.434245
6 34.97037 68.53187 13.614857 88.4838 16.541153 37.280983 12.618798 23.500807 83.13734 0.3009975 64.47273 50.889473 88.36368 31.229437 90.80939 58.379807 7.199937 22.23338 93.006805 96.4418
7 93.33797 86.77582 67.09959 6.6122413 27.562696 36.327988 84.90753 62.80414 45.07001 77.52859 26.569044 0.49025416 15.537429 65.88018 33.455704 64.16279 48.631393 87.102776 34.142666 58.37711
8 52.515266 61.973995 51.688267 37.008987 90.943214 11.923331 26.47174 99.42331 61.878174 15.680242 35.346817 91.7129 67.511894 99.57588 81.552536 91.975365 11.4068985 61.15619 98.90222 17.023886
9 56.6038 35.879196 13.033808 45.555733 11.383843 95.95618 38.29581 51.526123 93.44988 67.77973 44.07445 68.49953 14.155424 76.60052 83.51082 18.597937 41.699837 63.719143 51.64814 91.16556
10 54.610264 69.813576 91.68488 19.56784 7.0998487 68.30161 36.351513 98.09645 57.845776 52.829975 97.197464 93.529884 89.246376 3.8885176 65.05799 21.584303 80.23699 59.7813 79.013596 81.67531
11 21.272648 8.173841 54.169155 23.805792 43.188244 65.413925 27.53778 79.01704 4.453331 73.84432 9.751004 35.0223 65.03932 82.25179 93.33003 17.028301 4.966694 74.10445 17.502516 21.297943
12 95.91442 22.806454 78.258064 96.98585 43.432606 16.146791 80.288925 26.77018 12.743396 44.54959 86.007904 85.703 74.34857 63.574284 33.882534 72.7149 37.251514 52.102047 83.34744 92.85737
13 22.174858 8.331609 32.588852 98.47979 98.40491 78.45612 36.135227 72.26223 13.573742 52.87876 85.596146 97.81694 72.615746 5.0365744 74.78951 28.20062 21.186798 84.14065 42.171444 38.227493
14 99.95223 9.018922 12.780195 62.335228 13.337999 82.192215 69.23645 50.638397 92.66523 45.561756 88.67884 66.727036 86.17944 8.689558 38.39181 42.06314 23.53437 82.47341 27.399857 54.140057
15 40.0502 62.733173 41.118275 14.855564 5.8532357 5.3212643 19.488234 18.07906 50.198 75.150215 80.66873 72.74772 54.31451 2.1053672 98.65729 31.90171 73.517 36.10857 47.07487 56.069885
16 46.6222 18.356556 57.252174 28.866106 27.584118 15.526194 67.727745 76.38285 89.349785 45.8821 76.91278 53.11916 76.030174 40.91499 40.151352 14.209551 28.379303 71.37057 67.43222 35.40092
17 55.160927 43.099358 95.87379 2.6352823 34.1978 64.680695 0.6547749 26.634342 80.747154 66.675156 14.710444 44.252632 35.39417 30.877377 98.22985 17.589558 81.031685 69.125786 7.3090315 99.25943
18 69.89058 84.941185 82.136086 83.45635 12.255353 0.18775463 10.4662895 38.474876 72.75926 33.566017 25.112474 18.427944 26.382536 61.35899 94.511475 76.62121 21.916653 64.57296 44.481064 67.29378
19 77.21107 94.3687 64.961754 88.42527 18.553669 51.206463 67.3182 18.558413 70.68006 36.978756 51.689957 62.926147 87.8517 75.94245 57.52939 96.74853 87.94329 14.661962 18.005054 69.83254
20 47.350945 66.42607 36.104984 80.33901 35.65423 7.503557 89.33123 95.855 5.2786293 14.770251 44.682003 76.12411 6.913453 43.09814 96.58118 58.64567 19.21143 20.684385 99.50977 0.8789897
21 68.45734 18.26474 52.8547 21.309948 66.63746 58.765762 58.014862 56.801476 24.92131 45.07884 33.7538 11.411542 53.29997 20.774693 73.38334 38.493443 49.38966 50.020645 11.390406 94.974525
22 12.645912 24.827553 43.926193 76.13575 10.947889 28.964996 0.073337555 68.19292 30.269402 15.180188 73.46627 2.0302474 74.582344 75.288704 7.696003 7.3904037 60.931004 98.637474 46.582752 25.826723
23 96.52603 53.547318 51.006668 61.229824 92.55058 76.613075 88.27197 17.522467 89.02818 86.973694 85.22819 78.25413 51.512615 35.476727 21.430857 26.716381 82.529106 63.476868 18.904251 37.547417
24 36.689484 52.06464 57.542084 11.619306 70.35095 41.870247 33.3844 90.63692 15.779376 56.09197 56.037647 11.9665985 81.26857 57.734066 3.020215 28.713543 16.872131 66.694435 66.04006 76.24875
25 88.703896 86.61781 16.930193 60.830807 0.5976558 86.439606 20.528389 45.570023 31.791014 21.214056 36.101032 25.949097 3.77779 92.88666 87.44853 3.965044 93.18794 58.686005 80.628136 64.52394
26 4.194236 15.136367 94.88529 28.14738 51.265274 74.50671 31.058449 43.79427 67.90123 20.80198 38.136005 8.434069 0.1803875 79.96878 45.083664 65.00855 5.4532766 67.444275 45.373516 66.98426
27 10.350269 21.949314 36.242252 80.533806 81.48458 91.752785 25.558626 69.50985 83.964516 85.56519 34.82367 14.1243515 93.2682 19.618279 47.36006 12.260544 45.43417 3.0301094 52.82851 8.584457
28 58.19943 80.73002 1.0625303 67.35515 95.05099 55.32516 4.623306 21.640772 27.58919 2.4443865 76.791046 86.425575 45.63553 77.22074 92.838936 53.04773 74.71982 39.40986 51.852505 95.059494
29 56.581394 40.738235 55.096794 13.780981 88.80679 67.79676 17.593067 58.672188 77.456985 97.315834 81.30695 41.63097 43.326645 35.968124 91.89247 64.20755 14.20477 4.7434688 53.567703 26.590883
30 97.11237 17.041641 57.264297 41.462803 34.982254 51.357758 31.106144 34.14006 29.684341 53.03077 36.503536 42.851112 39.81761 17.038584 1.2344241 4.8562407 8.476013 15.116352 67.920845 11.06056
31 28.506815 78.2247 43.95666 64.746735 34.930115 30.088467 70.425125 90.33776 14.558071 72.46654 12.646437 2.2709906 18.882423 39.111458 95.06412 79.01875 49.49323 86.96024 16.125225 55.23368
32 86.2167 61.70336 44.104946 78.44934 41.444874 25.057596 98.506966 3.5598934 33.465576 35.184254 1.3347089 66.58167 74.7414 34.92247 52.334404 82.420555 4.8490047 87.836296 57.98325 13.303364
33 63.051712 55.305016 67.81776 14.2587185 82.18262 82.631645 37.518524 58.949863 97.66465 44.83079 16.396671 7.9740286 46.155495 37.62242 19.537169 97.47052 84.607574 13.252581 90.381355 88.85492
34 88.66772 88.9506 38.07072 41.363113 99.56205 65.78865 72.089005 3.8049936 30.23467 12.923497 82.85067 96.76134 27.913803 4.9719214 85.6769 92.99215 23.906517 64.71428 63.42303 43.954094
35 98.77781 8.360088 92.78358 31.256056 7.7175436 22.98485 5.475765 1.1351287 66.4684 15.007949 29.124647 20.441526 1.3716638 52.09192 36.34028 47.32594 40.63816 8.778477 43.350132 57.282436
36 29.686523 6.525296 82.35058 94.18449 17.188204 82.37038 91.75509 10.542912 95.26028 5.8407187 44.59148 25.806839 16.056501 2.3653984 62.84577 15.829378 15.891468 2.5879204 41.539974 70.64822
37 89.11963 72.64951 54.298325 36.819298 88.47372 50.597668 7.201332 30.33468 21.697395 11.237907 1.5076995 47.609264 40.40348 56.4801 11.564321 66.40602 14.528561 13.834465 61.709057 62.46736
38 81.98052 63.29968 26.547617 37.925053 99.58996 76.382195 90.564545 76.48145 78.84703 72.13065 95.08193 90.408035 12.759977 88.411865 9.143173 83.42744 22.202951 54.559887 73.57021 19.67551
39 19.08146 89.171875 48.38195 5.6381106 86.351135 47.192444 8.690983 72.99221 62.258022 99.32319 75.40125 4.7358932 28.06787 47.828484 78.35725 4.259449 89.02148 2.4089277 51.457985 41.798965
40 0.36007762 52.218365 73.616425 70.04282 81.1371 52.358932 44.854782 20.863152 24.362553 80.166016 23.374134 38.862514 13.06752 25.965553 23.784077 80.61832 87.44446 40.239067 67.04746 87.44318
41 41.694557 22.567564 83.87069 95.74042 13.036072 73.45742 61.600994 74.51483 26.00258 37.10488 23.086994 11.507273 78.253044 98.070274 68.89139 15.27561 69.25574 97.25763 62.749706 63.178192
42 39.086796 49.89481 6.8442225 27.772068 73.95522 60.55883 27.467579 25.074434 59.746162 75.678116 63.709217 86.221886 0.7418692 13.170844 39.19438 93.37989 32.6768 90.55723 68.4877 95.69855
43 26.412964 98.44117 50.951855 31.38805 18.85118 54.930305 82.59891 97.61725 3.3514798 30.404621 44.322186 96.25343 34.11359 60.915405 27.949303 26.105415 32.919395 15.073866 41.4701 22.262913
44 56.68072 44.0615 94.79164 61.611115 78.746 10.661852 37.239433 57.224075 33.34001 52.089714 79.10847 69.997116 62.345886 6.804901 39.779495 35.774975 17.454315 9.180933 83.72695 72.88755
45 3.13012 92.40627 19.191587 26.251667 80.572716 11.689448 79.970184 68.179245 87.628265 11.8957405 2.8460503 6.206894 1.2639463 79.1503 67.37209 8.398729 78.617516 80.50147 23.305696 5.7552814
46 49.730022 63.061478 87.831314 48.98088 3.8593054 40.55637 20.201332 7.627612 54.824318 85.16025 47.55164 98.56447 96.272675 92.911644 20.940376 8.148498 61.28965 36.776455 75.214645 39.044537
47 92.62746 30.206322 76.78973 24.3091 59.348255 21.333385 98.05247 34.390907 36.2193 32.042236 10.659164 78.68837 96.21708 63.180763 48.836445 14.136892 70.4926 56.039494 40.821743 6.183374
48 59.68811 37.682076 26.270205 99.961525 55.20602 73.298645 80.842766 4.3413043 57.60501 99.84217 18.873047 41.9334 84.489426 51.971184 80.14912 92.54291 3.8835168 1.7490923 68.16246 44.753616
49 37.020004 88.441025 61.955853 54.368813 61.664696 92.71748 90.79216 93.72986 42.54891 22.045261 35.67719 12.187624 87.25638 90.25923 1.2745619 35.233276 6.1391115 46.31336 9.483999 23.336433
50 64.70966 94.87017 77.0145 27.034151 91.72873 47.37966 5.33033 93.22149 20.193546 97.11007 85.60347 50.18215 30.013144 58.52494 83.556435 72.24886 57.77252 91.56628 50.671368 65.99123
51 82.143105 18.728394 17.085934 40.70192 63.757866 69.02993 67.065445 9.208929 60.36492 62.66239 16.270197 88.514404 85.495415 5.5765033 88.72376 31.59442 79.48273 49.738045 94.592636 65.3451
52 2.2682369 5.2312255 3.333062 48.898823 88.90175 60.610264 82.73137 10.441912 70.93484 81.512794 76.708755 98.63637 14.0154 50.97708 43.888412 71.49033 46.98928 82.3873 96.807274 86.05409
53 17.827892 54.55846 16.828918 86.97332 52.92134 73.02748 72.37865 81.35245 78.95804 69.815895 14.734131 37.526524 90.07126 91.26082 44.490086 32.47876 70.54872 48.27454 37.756832 68.35492
54 67.61478 81.703026 50.49857 74.71 16.110575 26.23586 15.078205 46.983974 52.88086 96.31202 39.523537 50.76065 92.9571 6.2190175 78.30025 48.450394 30.89577 21.46064 76.06817 3.2964766
55 51.642548 99.64547 82.16802 53.49457 97.86347 54.61465 84.16046 65.503845 20.69273 88.08182 30.90105 4.3989716 3.233993 7.3157845 78.232994 54.759533 69.922806 46.781628 38.823635 87.82354
56 98.07757 55.408077 98.9329 69.464745 12.764978 1.3180256 52.518612 4.3215275 43.673836 92.30875 22.151207 99.75227 38.283104 55.774326 88.38956 40.17579 83.54188 66.61337 37.78351 89.04476
57 76.92984 39.26098 94.301445 78.77801 84.57815 1.4383495 1.0812163 25.336754 20.60616 66.45275 26.88002 75.980095 8.535862 99.6417 43.925846 98.59289 37.211735 97.3909 47.085117 76.67913
58 83.7707 36.427002 95.9559 33.798813 42.628773 11.970955 75.83358 68.3542 8.994246 28.823006 6.1989603 97.97117 18.960644 85.337204 18.732334 51.355614 35.71787 50.145157 74.709045 83.82749
59 96.85068 61.831295 64.39251 55.453884 44.13613 26.783306 0.68202615 92.83623 51.835323 77.19251 84.3306 47.48796 48.39037 14.523315 28.619564 76.011986 99.93975 71.38362 14.122683 55.909264
60 41.469364 2.0984411 27.3346 42.090034 16.103113 67.71659 75.263214 84.59998 17.445433 30.779696 67.9392 9.609443 40.524124 67.87846 5.089581 0.5513251 89.31077 50.552696 76.428154 61.952908
61 82.64709 27.008348 98.16922 57.819164 54.370205 55.79174 24.06931 62.53655 80.26193 28.152317 26.705997 63.631893 45.962887 56.330196 84.534485 1.1120379 22.071033 71.22386 99.80777 1.6069889
62 50.227005 43.43949 30.55225 71.53818 96.07929 28.023064 41.867138 1.7401159 59.687824 4.4673204 64.8366 26.398527 83.29303 91.9188 18.842787 87.162384 81.64093 24.749035 80.14325 14.48614
63 76.46704 68.4738 17.88863 33.61862 18.618834 90.89423 21.52782 83.44614 67.01809 11.593181 90.56338 49.201363 90.67057 75.66417 80.228065 21.76119 9.727019 8.7030945 2.7632356 19.08245
64 74.75031 41.39364 83.06455 21.784813 44.48066 58.016594 95.5556 62.81603 95.20239 46.2743 53.852337 68.671425 27.058405 61.119797 50.251694 20.243895 11.1467 75.80489 14.038491 98.822235
65 96.847496 74.91217 68.34138 16.116041 11.50943 50.32677 58.62805 25.86013 88.374756 28.360569 22.323465 53.246384 46.511124 78.80165 90.43383 2.1663308 75.671524 11.577261 6.9999695 49.355667
66 95.61488 38.851803 20.782858 69.65636 23.742407 87.408295 22.46297 63.7105 96.25419 63.57101 48.035122 54.74204 9.787398 59.018986 49.78784 56.249596 35.101337 6.728035 6.617868 79.32112
67 68.33081 50.889343 38.356888 84.09531 34.203644 39.722557 38.75134 92.155365 9.0393305 25.182861 9.77236 68.18053 48.00609 6.016904 78.63947 73.14261 53.7655 60.628014 97.478226 56.17807
68 24.095594 21.755087 54.621887 26.757908 40.23177 66.852516 83.49507 67.0018 70.443306 64.893936 8.6308775 60.333244 43.7742 93.536125 64.082695 26.855528 14.987814 39.409492 4.270095 37.864895
69 75.693695 20.79872 74.68015 97.1381 39.593666 36.005085 44.928974 10.682053 27.016861 84.915955 31.133121 50.46979 19.735777 36.235626 51.569843 52.579964 39.846973 1.7557621 99.00363 72.687355
70 3.701967 23.07626 56.17214 68.91511 4.9900827 99.25462 85.6674 55.862038 20.672052 67.70146 51.29094 6.6797256 4.1695414 59.803368 60.939034 0.22697449 15.723485 59.604137 98.78461 65.71747
71 37.896683 3.5880744 51.125736 61.35716 71.629776 35.1726 41.488934 0.011271238 5.943966 14.732277 18.695068 63.027657 92.259605 38.45638 80.463066 2.3695588 36.370914 23.51275 35.1527 45.88234
72 90.4506 17.09029 77.40485 85.85574 91.18207 9.971547 78.261 37.377644 44.42342 16.209448 16.931046 10.951244 11.9501 86.92311 36.389767 9.422916 61.118053 83.67602 16.640627 58.711124
73 7.1161213 53.655792 82.57525 36.720814 12.275815 41.052063 4.226738 17.066544 24.183136 85.55306 88.77398 81.01842 89.65661 6.4908447 90.375824 29.94727 94.64742 39.41039 86.83301 4.311556
74 59.472836 78.082436 53.789967 57.042347 87.26669 9.399533 46.85831 57.50208 82.93737 99.177635 20.391142 5.7864723 56.142662 64.43289 35.948288 0.089651346 9.764749 30.8275 62.613754 26.554043
75 24.09953 34.1062 40.6694 81.18685 44.530804 50.71423 66.66452 7.0625305 98.968925 87.44867 85.186226 52.47823 31.987656 82.812096 15.726298 62.63131 80.64569 66.38558 53.61827 89.7011
76 6.7472515 37.505768 15.305334 95.2115 80.15774 94.11892 29.981125 70.807945 5.188036 8.006406 43.26881 85.99716 38.497192 77.55755 1.9796312 96.17706 43.005787 25.644218 41.592377 93.94733
77 2.5889695 62.479244 35.95593 39.07053 20.52108 23.979652 79.43502 55.693375 88.52672 80.28247 19.455421 82.99519 29.67211 99.663284 7.8811884 21.075308 38.0851 45.986874 85.158745 36.704742
78 1.5632749 86.588234 95.5378 12.945366 53.521137 28.566992 75.33821 17.28763 51.50598 79.116776 81.14645 69.896736 77.80651 16.75458 79.53201 57.118027 49.679913 50.026386 4.4686613 16.21979
79 72.68623 46.120705 79.790054 21.403694 69.859 9.308636 79.92494 4.657674 35.338436 36.549576 67.62999 19.646782 46.088207 41.067566 58.81565 94.42779 85.91352 13.141757 54.752518 56.540787
80 97.76316 37.50266 85.424835 59.495007 52.860195 48.135376 85.60012 95.65855 67.25652 21.32455 89.90537 70.2272 80.69955 66.609505 74.00331 2.7436256 51.05097 10.940093 76.56682 55.333035
81 85.78731 4.534835 28.443993 94.49911 95.28047 36.356575 60.03468 30.376709 89.608475 94.162445 0.8754015 43.475025 69.64763 57.99322 73.72275 74.18353 66.27714 78.7924 92.57341 79.98775
82 29.876411 75.4514 25.15766 45.095165 51.168484 26.639389 77.15404 87.96137 28.176027 38.783066 0.9174347 55.302532 70.988716 21.813822 55.677288 13.163704 33.633007 90.910645 30.293644 63.379128
83 72.092606 59.36216 41.66739 89.51583 80.01503 76.5893 1.2591898 2.6569605 43.48728 60.86135 84.914955 41.98693 67.16146 50.666374 84.92169 36.23181 53.71469 57.23784 82.08641 43.04248
84 3.9518178 6.3805637 65.36476 18.154156 46.684288 56.28254 89.451485 83.69639 95.78507 23.05711 90.62738 44.7565 70.53107 23.758728 48.44955 69.92451 47.568787 1.7932117 57.544254 0.08748174
85 45.7034 59.0509 58.350735 70.52889 74.408714 17.591412 18.26731 35.06762 13.738537 38.97813 81.92802 23.49952 86.50578 66.88675 49.51175 71.25111 46.563114 36.69639 49.841606 54.501713
86 42.208874 30.527103 56.917126 86.97255 37.65931 96.5401 37.34699 73.32517 43.738113 4.003918 96.38708 26.177143 41.066734 60.203888 22.973293 91.96196 83.784874 69.094345 81.86859 68.377304
87 71.94362 94.84126 2.9787302 51.438175 38.011093 94.06369 14.7546 11.94818 33.29016 69.45792 27.675026 53.606033 38.411873 53.19056 13.941347 52.369236 87.44041 62.402843 46.122925 68.809875
88 55.571728 50.61527 47.54439 82.03839 48.058258 59.81153 94.23599 30.67208 64.03636 18.375475 67.37505 98.929855 28.626972 22.531027 37.990074 35.201412 64.3381 33.98114 25.501627 87.636345
89 46.80036 57.35766 88.221054 33.008724 87.65465 68.9943 8.567345 28.230858 50.488026 27.343773 36.403454 40.621788 14.64715 36.817413 60.0097 95.90263 1.1755466 75.48091 21.837885 99.72313
90 98.71505 55.257217 72.92353 37.466656 22.734827 16.242207 29.835297 81.59173 95.72146 77.41951 27.03274 49.615417 99.858315 70.2681 37.771137 68.1115 67.18442 73.103294 12.083345 38.176243
91 89.25506 78.90471 71.29288 40.4166 41.99561 62.10131 26.943106 7.6570454 88.875275 37.355446 6.4992666 71.575264 92.91956 10.676932 68.79062 16.007822 95.68402 27.881855 55.57001 50.671577
92 8.442861 2.9759586 29.999578 30.79487 70.88355 17.790758 3.1096816 62.22586 17.984222 90.24501 1.6713262 39.8791 22.987812 10.870314 18.379711 7.101959 59.042614 2.4663687 42.24173 2.2093832
93 13.781363 5.4885745 54.627766 78.881454 58.552258 79.382805 7.185769 72.48653 89.94905 17.743778 60.88353 3.1419635 37.529427 40.8736 51.566254 97.22276 44.041557 73.856445 73.875496 6.158626
94 38.03764 70.25688 11.020392 59.11647 12.445873 62.41915 28.133274 4.255086 14.564121 28.33122 38.750767 41.681015 25.158709 64.17054 20.875145 95.36209 28.091818 50.832947 26.184988 96.71157
95 32.41471 44.63606 94.94073 90.299034 30.467653 7.473797 63.19074 23.442793 46.60027 3.2785654 57.81387 42.875694 29.109228 16.836952 0.08080602 10.145312 54.38758 21.72777 37.690914 25.118511
96 77.65834 18.147587 58.115204 46.42802 73.6526 43.208282 88.58466 46.757744 46.88142 98.29751 97.80522 87.65801 52.4944 45.461773 95.61465 36.568897 91.93307 60.491646 95.04684 41.67947
97 33.552307 40.259605 98.91931 87.24381 47.040516 99.4976 93.95865 52.40724 35.82111 44.027973 50.03589 15.17393 46.733147 17.717344 2.2720754 74.89043 38.29369 16.158491 38.129105 1.8601
98 93.9326 76.164024 70.21925 72.08596 85.01403 54.252792 75.10963 64.62057 69.535416 24.914562 47.08682 14.851457 69.50277 68.85072 8.468782 50.850563 5.5616617 98.72237 40.951103 33.561325
99 98.02123 34.11718 38.56582 62.29415 24.509167 95.2126 16.583443 52.2696 75.76865 25.513733 53.1394 93.62089 81.24471 75.44582 54.111378 34.48745 7.861531 10.656727 55.975098 13.0569515
100 30.579603 39.62395 56.74467 83.41294 57.822704 55.36449 58.94575 21.902393 83.61872 34.32598 39.72234 68.84508 60.31161 43.32195 27.051813 4.473233 9.038419 41.899033 54.609943 98.03373
101 41.95639 84.84177 14.623922 20.339077 81.64 87.49357 3.173548 8.361488 64.40206 7.8769684 7.5100365 96.684044 79.84211 74.72007 73.27997 36.023247 67.06813 82.7407 90.854706 50.200844
102 86.21656 27.017462 85.62007 6.7635417 53.612823 30.914576 94.9882 5.134696 50.738632 68.56221 74.52496 2.2514343 35.729992 7.877928 32.978333 76.92611 35.114296 25.909937 38.742245 78.81719
103 20.658768 30.065918 32.557953 59.358234 68.36313 69.549965 88.76236 54.044487 4.6647844 36.86536 82.42636 87.19685 8.777321 43.166344 86.13266 31.106466 13.755936 39.982872 58.332867 46.01787
104 25.443178 47.63717 17.169453 0.75351596 15.024167 14.570677 67.88611 66.24929 83.70337 56.6674 68.575935 46.505062 7.259184 29.171265 54.692616 69.411674 43.25434 41.438557 75.69672 79.86737
105 87.858406 94.84279 32.213497 31.12322 55.01464 72.77204 95.48696 49.2937 84.56172 37.75302 75.63827 87.642395 73.4666 51.04102 15.747362 99.122826 35.168404 64.080246 86.1097 40.55329
106 84.8649 86.42918 49.773186 2.876383 96.14729 91.235435 55.7943 7.655859 88.522224 15.122831 81.28883 59.06514 61.930664 65.220825 4.577422 27.20515 58.323364 90.63632 18.386662 17.048609
107 80.68554 70.36559 29.572994 47.350777 54.685818 33.70872 87.161705 95.51225 59.485714 64.73041 7.1722746 22.959787 53.37602 59.073265 45.83134 66.77076 62.061184 42.148167 14.016742 97.96327
108 6.907076 22.88919 28.351849 6.375617 15.680766 30.169178 88.065 72.94898 56.68498 50.73895 32.891357 49.399685 60.227757 82.10465 33.834045 44.92917 69.63691 12.831974 54.991238 52.290863
109 92.15705 10.913414 86.9301 59.04522 81.74655 10.419607 27.84589 32.33174 78.776306 42.85218 92.14466 30.427193 92.73762 25.413895 72.853226 45.511406 44.172634 39.610886 16.676414 78.50897
110 71.08859 63.81638 82.43617 68.010254 57.109905 49.08004 15.449667 65.806206 96.627556 92.80124 54.107773 66.51811 83.351234 96.94801 89.03555 48.49667 89.14782 31.160408 69.85042 78.25063
111 0.11443496 24.00201 26.341946 27.099592 45.801235 3.3066452 68.102356 72.79817 8.747697 7.3069453 4.023427 32.132294 37.46763 8.143658 86.99207 34.836292 23.216373 77.3627 22.472822 91.82995
112 94.865074 85.85087 66.934105 89.24623 56.620686 57.890614 94.2908 6.8458853 48.85715 87.99353 88.29723 88.33835 75.718155 10.075921 65.29041 0.30716658 76.22984 69.35727 85.57883 94.641075
113 44.303368 58.89398 40.378387 20.682037 42.152065 23.519373 23.36672 22.112423 30.301744 15.573252 7.06532 49.623035 23.600096 78.407394 41.342567 43.650715 8.562583 87.29952 97.89202 7.281393
114 44.217903 52.959072 75.67851 33.425488 51.59105 82.940994 9.719288 53.545536 50.40139 51.48559 42.401283 88.81935 63.837112 81.875114 2.613759 55.238472 10.836333 38.45379 24.64605 68.66599
115 81.663795 31.923532 33.97252 26.515888 27.285885 93.14091 40.19426 91.98895 30.74581 81.95243 44.564278 52.53877 3.115207 90.97902 78.28821 64.59042 5.403489 34.8713 2.3251772 74.951515
116 27.856934 96.39433 85.43694 39.608963 10.256088 27.56396 27.03237 51.778347 1.0628402 80.56006 48.776394 72.559265 83.58209 5.7114124 64.38872 4.058057 36.753254 96.71955 72.51879 1.3869405
117 3.9034188 63.516872 51.587082 26.869022 60.96729 55.600048 68.12449 67.715645 66.564026 61.01921 18.082787 73.35351 39.23341 43.92525 82.0517 96.73344 5.4525256 14.981675 95.08818 16.932302
118 48.221123 20.148617 66.28727 70.05976 26.52219 83.268654 65.213104 59.107704 36.40111 3.2672167 56.33475 58.454178 14.390797 27.173948 69.71049 78.0851 2.2324383 42.93945 58.932842 29.372103
119 71.05646 41.339867 4.9462023 6.9001017 55.212 22.118277 67.50085 8.142739 46.644646 86.70721 81.99778 88.820496 15.062613 97.024635 17.1548 50.93875 26.10551 48.361893 93.69639 82.49922
120 47.402637 23.524242 63.11078 82.72667 42.909386 67.19504 31.961876 79.68653 30.431568 53.834183 16.389746 64.03175 1.0424376 61.9687 24.940807 54.266655 96.48211 12.97391 98.960526 76.62041
121 99.98322 66.68062 18.242455 82.966255 94.73102 80.48865 86.80569 60.0978 73.8448 57.046776 7.4780107 65.288925 76.92712 9.711372 93.86723 88.93799 75.49608 29.471756 40.34335 23.062151
122 16.686445 14.193047 12.427068 52.608223 59.229816 26.052153 45.64583 78.44016 34.72097 38.918633 66.199646 90.218666 41.423767 69.95958 13.960856 93.28794 17.308367 12.540269 51.261932 35.52352
123 47.64523 86.97524 50.01402 2.578944 83.377304 46.09673 36.918484 48.118603 86.77823 40.998978 40.41971 89.77106 76.77352 3.551954 73.69699 42.325546 28.00653 4.0314617 32.06749 33.082138
124 34.5889 19.973486 8.89253 76.521774 94.86439 14.428949 96.23236 98.16884 9.876644 84.28509 41.426075 32.570374 32.071125 51.155834 61.39553 64.91918 7.642537 35.265957 57.25589 97.52316
125 45.49428 66.310974 33.797146 53.901535 26.693386 41.832386 74.17765 57.915104 63.340122 73.37964 88.90284 61.46964 86.74018 51.625793 90.5722 30.737417 17.549164 84.46351 9.251011 21.60529
126 60.09506 95.54462 76.5071 84.57165 98.3783 26.167267 64.55785 87.2874 20.367395 30.095524 67.57131 49.386047 92.28001 40.87073 78.49244 64.50824 66.75583 84.30294 21.919281 74.14062
127 73.44293 97.79148 3.1941354 38.014454 81.84949 53.404003 79.22417 67.61631 82.737274 96.54376 27.390081 99.43282 33.29294 47.669434 16.586988 49.778545 94.31206 44.825012 76.880226 25.647486
128 35.23597 61.429066 30.921347 48.504948 39.720398 31.41231 27.192902 58.127445 44.180595 74.743965 89.93111 99.65134 32.202858 95.82682 37.373905 2.3603857 75.65407 38.155586 84.521034 47.19983
129 9.637671 16.824978 31.157286 0.63055754 93.07825 19.555395 84.327835 94.627396 93.67075 3.3010483 97.17613 31.085772 38.271828 11.456937 45.032074 28.652645 44.667183 73.23641 53.406864 51.37043
130 44.21367 6.815404 41.20881 22.163248 77.37979 49.006783 22.700613 36.058678 95.01145 52.02817 1.6975224 24.395847 90.60938 80.659225 96.0406 53.703564 75.46174 76.86299 5.8196487 63.334984
131 55.63505 32.69677 18.074339 91.52553 83.15355 82.798836 58.24456 17.816853 2.8219342 34.45904 15.504819 63.594986 59.75927 43.627693 97.90259 64.968544 43.567623 99.36325 3.0849636 31.82152
132 34.972828 35.153736 12.066263 72.382675 65.627464 64.07061 44.24473 28.143496 66.49674 64.43985 20.568758 83.82203 43.862755 85.068954 13.790459 91.01955 2.545917 13.289589 67.10087 42.26821
133 15.584832 57.213253 8.651179 19.655031 89.52742 45.515812 4.6258926 4.7731104 79.92193 86.44144 79.30679 5.353755 96.871994 53.035904 90.17418 29.84109 94.014565 57.183636 9.31815 20.967245
134 33.43452 31.946356 10.626841 59.964745 55.349285 83.9089 53.2892 36.62091 85.44669 86.468 45.570755 79.45643 79.16906 25.804102 54.626675 82.72841 14.697128 56.016453 35.904778 0.86218715
135 2.6532412 73.75555 3.6226451 99.76266 17.430042 48.640453 67.59946 22.014511 73.43815 89.604645 63.670826 98.33381 59.395313 42.684353 98.86055 0.174582 9.053766 89.074684 88.83722 2.8318048
136 70.54905 87.76894 55.919 9.734493 45.980774 11.816633 79.541336 67.22274 4.095274 96.04833 97.767845 85.59414 32.285988 14.697611 74.763916 32.54581 38.87552 65.188835 3.3891737 5.597341
137 56.17325 57.756443 58.982544 42.239197 31.55498 15.629024 66.361824 32.306046 44.290787 26.176525 69.94661 43.630505 5.619669 56.41841 91.213295 16.911053 8.26478 46.17708 29.438198 81.75944
138 97.89103 16.295607 73.476845 66.222336 65.682976 7.8994274 83.32567 35.157215 70.08036 89.654945 11.137563 87.45136 12.630963 4.165989 29.501862 52.289505 32.847275 50.663883 38.998795 54.892654
139 78.887695 30.415302 32.708996 22.076488 22.892344 83.03185 99.47288 87.630936 54.01574 68.16711 73.787476 52.23584 19.805944 57.794415 63.397892 88.04522 32.835613 92.04759 57.546024 35.151394
140 88.71133 66.964874 92.704865 67.15032 92.15252 98.70528 8.235669 52.55214 87.18173 87.01887 93.10727 74.71104 77.10763 54.874157 14.520282 7.493657 80.47734 2.9155433 39.45762 59.58371
141 45.155083 1.3912559 46.871525 74.9655 67.83966 70.722565 69.0133 8.88443 88.41965 30.151749 59.47624 30.9057 34.397156 34.89995 28.576828 53.35259 31.06892 71.78528 6.0293913 53.48512
142 8.1771965 44.911583 30.322939 80.67315 77.33806 93.26327 44.19598 90.23169 19.786285 35.07108 18.097925 68.54049 67.97351 6.697452 77.06032 49.896507 33.511276 41.392296 71.074066 34.891064
143 88.11659 33.265823 81.54135 8.920759 42.911266 29.702723 74.864845 4.001957 58.026333 49.50302 3.5378277 18.944508 1.4109612 0.39166212 71.554115 4.046607 29.545063 67.117714 57.477222 64.005516
144 88.97275 16.903067 59.56511 44.21876 5.8391037 62.05065 53.977577 43.90806 99.61623 77.446266 51.89293 67.6801 99.700775 73.66254 93.49148 53.698967 71.370155 12.3862505 16.946692 40.3566
145 46.576954 40.741848 6.086582 88.27003 70.18353 43.38827 20.095163 15.00312 92.493126 27.44847 87.927345 25.812935 82.3884 84.62984 55.982494 4.9753847 84.1711 19.359667 83.55758 34.18505
146 66.49893 1.2565255 11.778128 12.792915 98.892006 37.46092 89.74374 0.20118356 64.44738 65.74638 29.747885 84.84612 65.035645 26.224756 11.424171 3.448701 74.79906 68.96068 43.88051 5.495137
147 40.730675 20.846552 83.21915 43.43031 46.054817 49.397354 49.77705 1.3277233 37.679256 88.25702 80.99247 81.67086 56.840992 1.5267491 29.6077 99.48792 99.9738 66.707016 87.11481 78.881516
148 11.603141 12.077242 94.66369 72.7567 73.60209 99.520836 40.36467 91.35672 95.3613 51.752018 26.8793 8.460498 31.341106 70.04025 96.812706 40.486454 99.15092 19.09628 97.67175 58.30289
149 49.868877 96.83204 51.570362 84.59823 48.965027 93.09751 17.544466 61.859364 71.17738 40.907703 22.944057 3.3002198 45.32957 1.5897572 23.121761 87.74445 18.7486 10.004878 80.321106 51.07936
150 48.0853 53.64614 39.63069 3.3553064 80.45956 18.905502 5.0238905 49.114597 21.515984 15.882027 66.31848 66.61509 14.81142 79.31693 9.403914 62.09823 88.65408 34.954678 19.891644 31.2842
151 84.83117 48.01763 3.6073744 50.314766 30.41156 21.533417 36.78537 71.17681 74.87358 57.770134 91.72934 96.309074 5.124688 14.627611 78.91974 58.01489 99.555244 91.92942 99.48347 80.18248
152 57.168396 39.398106 9.571606 72.67114 71.18076 40.72615 84.04961 17.88748 29.4868 56.441032 6.089008 90.19713 52.2759 94.87927 53.42157 82.848976 94.203255 76.021095 54.397255 55.30212
153 83.22062 90.49409 27.362686 2.821684 67.914505 76.8448 26.593924 56.842857 41.47944 18.1269 4.986799 61.10059 83.83987 25.702465 77.40215 17.404062 58.55509 48.448746 65.01764 34.033333
154 51.688038 41.670864 7.8497887 37.193752 93.54552 7.116115 13.939434 65.24033 47.920204 86.55695 35.264183 70.247284 38.06311 52.257492 14.537114 11.030668 44.029785 91.87613 77.520325 65.32837
155 6.2790513 69.41035 72.73426 91.2085 98.52542 51.89703 6.452608 73.93486 45.984364 0.79392195 34.172432 44.797283 9.495264 22.14781 50.4381 13.461834 91.81347 68.47898 43.635387 21.165407
156 48.94703 63.267582 29.38199 74.843605 70.15464 34.31642 50.207035 33.61966 77.55966 61.19945 86.68338 80.89139 56.775867 63.412605 98.96215 64.739395 69.04892 36.460346 42.232384 34.062355
157 82.8235 22.489697 36.023785 40.55649 57.040493 27.585787 28.087055 40.540703 82.60483 49.645454 67.98178 84.14334 54.160862 96.83618 84.2014 61.280685 77.44488 77.827515 58.951813 18.252998
158 82.99717 59.864487 85.423294 20.056242 93.9114 80.76292 18.964363 11.362589 1.6442299 85.28334 42.95384 93.58119 21.831114 37.134655 35.908596 51.803375 2.7478695 44.933 73.55746 19.408775
159 27.773935 76.47247 29.915833 90.61759 14.270294 21.139866 58.03436 83.58849 53.0612 78.52629 63.852757 15.364403 32.64461 93.368484 16.815054 91.95312 41.85736 46.816055 26.504559 4.304332
160 74.55206 33.4082 15.009004 86.42798 64.533844 66.60288 16.063309 63.223427 42.246872 35.599144 71.837166 40.89923 24.247623 87.70199 90.697136 65.615654 59.169994 96.590164 90.101036 59.94755
161 60.55582 43.358677 20.260912 1.023829 47.534603 37.734913 40.18813 8.147848 92.89173 27.834606 68.61907 86.046616 87.63238 32.470417 30.086845 17.655462 78.85645 7.4020147 59.586864 7.8510523
162 19.801151 60.885708 67.98104 57.443737 97.534225 32.11977 31.155878 50.98702 24.310953 64.17655 77.217445 98.82724 6.4186573 49.06553 62.455315 4.882389 41.866703 12.795371 54.786682 78.79969
163 62.040543 91.62428 65.81036 61.604183 77.99241 33.843906 73.931244 45.234997 39.01736 33.98434 72.294395 91.30359 68.25298 65.61938 19.091547 66.144394 29.99804 55.16739 3.3315778 26.219194
164 68.08634 20.213205 7.1237087 98.9522 59.855736 52.720406 13.191975 93.195435 70.95969 38.674526 92.570526 45.147324 1.485163 82.622505 7.6311407 9.3796015 51.63039 17.489279 76.739525 60.686947
165 37.68998 79.01112 92.46145 96.09344 77.483376 69.988594 40.439964 53.173733 73.89951 25.007242 82.50254 71.83187 30.233032 61.78878 98.45291 73.09695 69.83328 4.2203784 6.1434507 56.92375
166 32.71944 25.478256 30.156618 98.32292 24.735325 61.43994 73.659065 59.596508 81.094826 16.505241 75.20166 18.539356 20.429533 40.570015 38.458878 16.018368 41.38773 19.58322 95.72823 49.50288
167 99.20105 48.04074 69.6059 25.349213 81.24864 52.9194 97.3406 45.7085 29.387426 10.730046 71.229034 54.912884 72.62248 46.184856 69.901245 34.49438 90.56767 58.855343 29.862148 90.31095
168 19.159435 87.383095 56.180054 64.61468 92.36561 66.34556 44.27838 70.629814 33.367218 43.637337 81.49141 47.957813 26.138365 23.879654 94.04828 79.85028 12.824356 61.404724 80.67491 74.35719
169 37.19948 3.078574 32.8356 62.15058 42.215134 42.739433 40.122772 96.33564 96.73004 94.26335 50.354706 91.00088 78.51368 75.96442 32.030003 13.14463 47.160244 64.74287 32.94861 49.77945
170 60.335724 71.47518 55.64078 31.603796 92.557594 89.77052 66.90708 75.097565 19.293224 16.38714 15.987319 45.015633 6.436902 54.109955 70.92904 73.10235 61.128227 15.351361 64.46506 50.82512
171 33.41125 8.575535 14.543957 43.733746 27.468956 29.101748 97.56075 22.713207 68.23172 92.96438 77.84195 38.243813 45.242424 57.160168 60.14754 63.457848 6.0178814 4.472226 34.522415 31.243647
172 20.094204 36.614124 27.983994 91.16573 70.85988 98.986336 95.05631 10.125172 32.607567 44.994915 50.40149 53.372375 46.47663 61.574512 29.667288 71.91221 51.68041 2.0225883 18.637163 21.027786
173 52.24391 72.039825 1.8719018 70.42705 88.109985 62.347115 87.86717 87.52944 30.65974 21.586668 82.47964 75.116 73.25173 79.40366 21.717823 86.7339 38.193493 7.444489 81.23821 86.959335
174 62.559925 99.11298 46.879623 48.27276 60.469067 43.7212 28.72007 6.5980315 31.884342 11.396318 2.4220347 28.51839 4.861313 78.80918 64.581085 65.1418 55.588425 47.33746 43.50438 91.18928
175 58.83889 2.3426175 39.98252 9.079891 29.87097 60.312843 12.401014 62.85435 40.76555 58.00542 21.752607 77.29834 32.114666 70.52394 21.106482 55.490257 11.375761 52.41516 93.77418 20.414013
176 87.65127 84.104416 99.25905 30.76502 58.769653 64.85889 87.1199 90.4682 49.024548 20.33776 48.718708 78.86613 17.525852 17.832596 34.61706 72.47944 79.648705 93.509575 11.858344 98.46051
177 33.41002 64.13706 37.808483 38.437016 73.70106 99.53165 4.4744253 93.76846 39.160583 82.708176 54.687057 79.02411 37.154587 51.713657 86.196304 49.753178 63.962173 52.4111 65.115776 8.691061
178 1.047039 94.921196 41.370743 7.071936 59.471077 90.702995 47.505856 45.656757 37.39979 2.8473735 21.621037 34.70461 88.63611 2.370143 5.1104307 39.997684 0.6411195 29.238522 57.62771 90.06968
179 90.06202 82.47078 13.201505 60.191666 22.954899 40.65257 82.15052 63.95748 0.2914667 57.166107 19.433044 51.315063 50.667168 5.6922436 18.908955 30.754906 89.13573 26.29723 18.85321 46.54926
180 20.599306 53.643383 82.66126 63.20533 39.062958 92.36714 42.31391 47.734486 40.258194 44.06183 4.6696367 25.3421 78.656784 22.01209 42.435974 90.41578 53.799934 8.090896 44.71184 27.25339
181 62.28702 88.097855 34.82347 74.15817 46.89511 32.15452 75.89715 10.980808 73.38813 83.25206 53.880745 69.865074 67.94024 55.159386 31.767237 38.12363 17.119932 78.94441 12.371034 12.41585
182 20.501059 41.45297 86.51031 66.61517 59.689037 28.152634 11.765594 49.14574 12.440062 73.52228 98.58927 36.657097 66.238335 74.20264 36.467396 42.52316 30.871933 80.781624 85.68259 33.942368
183 86.96576 33.54704 79.15373 18.836576 48.90693 83.78604 14.559019 62.06668 42.01259 66.04733 86.767044 13.78504 60.083706 86.820045 83.355064 35.423027 59.665257 32.750366 87.09375 90.57366
184 79.45953 96.04999 45.696724 98.89349 29.543674 68.200806 54.405487 96.447205 46.51716 75.29128 76.20469 91.2968 42.70293 62.007057 99.29798 79.55205 14.363962 76.93023 5.1448226 95.81989
185 3.9542377 52.678757 22.647387 9.598857 12.140721 1.653415 56.33348 62.55612 18.214672 85.6798 56.514336 33.005226 23.123234 47.37585 6.879735 45.792324 72.32444 77.191765 25.861126 46.029694
186 29.69196 5.122423 49.94435 71.83144 56.524086 55.25806 4.1074333 87.8655 38.160877 47.60547 82.41805 41.907127 95.66314 20.780373 2.835381 39.744465 11.398352 34.854443 58.269047 79.140884
187 89.2154 82.26426 31.364595 65.80847 5.2391233 30.492233 45.282734 48.512386 91.30519 70.26193 85.453415 46.83806 25.87803 82.11556 98.01397 14.457554 97.2027 30.135828 76.042274 38.884552
188 99.752335 69.72551 12.994921 51.97898 41.12531 25.067371 88.740585 35.434334 74.861084 67.26736 63.589417 94.0476 51.68614 55.16122 72.66862 23.94085 53.036297 94.07721 21.357012 80.59394
189 55.959274 13.045942 93.30085 5.391818 86.37201 55.396156 58.387947 72.53217 70.88578 51.54794 48.117752 89.03647 57.83402 84.10106 90.79267 8.029246 71.62297 34.816147 36.157726 83.479324
190 6.0139894 99.41425 67.37735 7.6263485 80.44354 80.70087 92.97142 80.05427 47.058643 92.59281 29.509264 79.83918 76.92005 79.240906 51.015526 64.7247 92.99559 34.461193 68.273994 39.508194
191 90.38411 89.78883 62.1836 0.7123649 64.99411 75.13958 83.24849 27.439415 99.02862 77.605125 23.956268 95.63984 52.540543 72.43318 3.5621822 11.771101 26.52518 49.67769 83.563705 4.178357
192 75.07417 42.086422 66.39077 59.020847 96.657814 89.07382 55.588085 20.024914 61.321186 70.46886 60.624928 85.912476 79.22795 67.30797 77.59408 79.48947 73.380424 68.24826 34.17897 41.851414
193 36.36471 35.00877 45.660633 33.05521 67.556206 72.2194 32.25206 26.311934 57.378143 52.59521 17.097223 40.98178 1.9999266 21.69531 80.82722 15.4189825 52.42227 24.722105 41.16318 14.353496
194 72.41333 45.731308 54.791115 57.652134 60.488518 44.931175 80.26865 53.93153 81.38311 97.940094 73.28025 99.86838 15.628987 40.24463 13.920999 35.7511 24.357546 66.769714 46.206642 21.735352
195 6.813246 29.363924 75.590706 54.61176 5.842519 70.85424 55.389126 89.18581 61.45069 72.68726 58.70564 64.44087 83.08556 21.41062 91.31362 85.64894 80.36495 97.53508 42.143238 47.96737
196 71.33305 96.643074 82.268745 43.583603 52.885406 27.773582 27.874779 7.2250786 34.686996 26.72997 46.450542 78.23278 84.7249 33.452225 53.826515 91.11165 29.654335 32.20626 69.60291 20.538675
197 78.44163 43.121647 43.557228 66.56144 64.67306 93.41783 60.85787 56.80185 16.537052 29.174656 81.0122 95.84755 88.215836 54.21253 67.66254 8.937555 10.620743 84.8532 53.398685 4.1103306
198 20.513271 79.1457 37.02735 31.077093 96.57659 60.490585 88.137886 8.416664 99.505325 90.216606 94.80258 55.78125 75.29432 16.1084 20.884014 32.486374 20.320839 6.515127 77.288025 96.277626
199 21.283508 77.663925 70.76085 49.679165 9.401381 98.14658 90.20338 99.90312 7.366717 55.044186 66.25141 80.91748 89.32738 44.415794 88.89429 52.327408 22.651947 91.32879 60.58672 23.927742
200 58.470432 55.489685 70.62201 52.1527 93.11372 64.89444 99.014404 5.514473 30.787558 76.62109 44.881935 11.129647 49.36583 58.60978 51.98858 29.538738 55.38916 44.50472 0.9192705 86.49885
201 24.587875 43.66998 8.106995 39.854504 62.954266 6.4494076 22.95748 18.861849 7.0714893 99.5463 28.532146 29.663515 66.63264 44.789227 13.127911 31.505077 16.481071 6.0766516 0.6677985 6.581193
202 78.765015 71.31918 69.68672 45.244797 20.677876 98.898895 93.02274 66.16328 91.56908 69.529495 33.82777 76.63043 60.83501 75.229485 5.4787216 35.724854 9.88009 66.025925 62.24786 16.738533
203 6.5749764 73.41579 29.58957 24.99041 17.101627 6.7615805 4.5933843 32.808834 19.990217 26.741165 82.07379 60.445755 1.7131984 98.56925 65.015015 95.61847 67.66105 9.637803 51.322998 86.219444
204 70.997955 51.971382 5.279809 11.760217 83.16421 52.762897 1.5337467 85.90361 31.095118 27.358091 3.2377005 31.884693 49.069363 2.3197055 11.980427 16.930883 18.048143 43.362057 14.912092 13.486397
205 37.04943 38.555748 89.98212 51.956432 23.211033 53.622227 1.0817826 39.957745 17.48501 48.546104 85.27639 90.15084 68.19165 36.116688 69.94423 36.404926 25.821579 69.17069 50.798256 35.39183
206 49.45223 67.85822 56.297768 77.11382 51.942413 77.62011 40.27253 38.049774 90.75384 76.9845 4.6530724 49.573963 0.9489596 8.81536 6.5631332 62.39393 12.822664 74.13792 48.781784 25.612652
207 58.99418 21.802753 66.383 72.60339 53.932774 65.51866 83.432884 91.461426 86.193535 20.485723 26.753325 26.948977 52.541096 41.107582 5.295098 5.471081 50.14193 57.98146 26.51106 31.918776
208 33.67688 13.293868 59.756172 84.711334 8.194137 18.440783 32.198982 35.892857 24.479443 53.505905 67.60767 69.83557 44.419704 75.3455 41.832275 35.428955 61.094093 37.431698 21.566391 81.360695
209 68.02275 71.09841 92.321335 26.303493 39.077908 63.028854 36.3314 59.906685 84.020584 49.146698 36.740185 56.159027 2.5331259 49.76206 7.868129 77.9599 54.104137 96.93043 56.165325 25.941414
210 63.37753 62.369625 87.70872 21.36873 75.85715 25.62347 97.46989 43.26691 91.47749 27.948654 6.2804995 65.049835 21.889751 20.935112 83.24308 52.44151 18.810822 31.261766 85.62209 9.277571
211 96.946396 48.166298 22.915245 53.061874 56.39289 79.90675 66.319214 0.44879317 90.67636 84.26522 65.20375 71.95913 31.39106 28.353542 36.09014 33.359917 26.509762 79.802826 71.15532 71.704
212 13.668585 37.8413 88.1731 20.802313 32.960075 24.589603 54.34544 62.973656 15.940916 27.74182 56.515926 20.677042 92.67883 2.0805836 30.205654 37.78768 19.793404 43.23347 71.740585 30.849112
213 56.716434 69.766655 39.984768 55.95271 1.0009944 23.993414 56.95307 97.606186 46.69742 95.42562 66.51005 98.01223 1.9069672 9.103924 35.69184 34.856194 5.9970975 12.407631 38.699734 44.580013
214 26.058912 54.48215 55.65532 18.09265 2.5105536 31.055058 29.688381 54.142845 10.866838 70.880684 41.322178 99.67628 30.233849 57.90794 89.46148 89.250114 67.73959 12.869734 76.175156 90.12582
215 4.631138 29.521698 17.056286 84.464905 65.972084 62.199997 80.96235 63.880634 97.64047 63.52467 69.67065 58.53316 76.59737 52.55851 98.27719 77.39213 12.174726 65.96891 26.43202 47.934868
216 85.484024 76.968094 15.711313 32.420547 53.103195 11.07828 73.11381 79.31264 31.150478 3.9442956 59.931767 78.05827 11.953229 27.173763 50.746452 4.2307854 22.084696 4.0120544 72.257164 21.270393
217 45.950214 80.85676 15.855807 91.29942 40.798645 54.297386 32.65456 7.637501 98.51801 50.456673 92.97155 7.905608 47.4137 45.648014 33.551834 41.505615 77.99107 19.300276 61.083393 26.62518
218 54.264343 64.099846 17.457813 37.892426 84.04311 99.5356 4.883182 59.84641 54.824024 56.494595 83.10516 37.26855 47.216373 18.04446 78.916 60.21815 55.198364 18.667221 33.67864 68.727264
219 25.939173 57.40295 78.17369 24.242622 74.49749 63.859917 87.66396 17.075384 87.54857 46.900475 82.19912 1.6646445 51.590305 38.88286 97.950264 35.02276 85.0887 41.30334 41.430016 44.266468
220 20.060461 56.030186 28.041733 42.917274 30.034363 8.349961 4.295993 24.259163 90.62461 99.872795 15.581644 75.36677 52.593285 69.89028 41.492867 14.668637 10.84041 49.78803 12.864679 66.608795
221 35.869408 6.13302 9.893232 51.94643 55.62284 31.44952 31.611193 14.633817 7.923442 37.639946 12.712669 94.49238 38.903965 73.48868 34.9995 27.836788 76.64589 45.507305 54.835957 49.858345
222 26.712656 99.15268 13.800186 37.366623 96.361595 76.60017 62.617832 68.10916 75.01709 27.02214 55.42884 53.36284 62.213684 7.756424 36.008114 89.14908 11.864365 89.71473 64.83151 53.912716
223 38.62899 10.552734 27.510994 87.77892 32.66801 4.9895105 24.339706 21.832388 41.54556 66.5257 97.27358 81.83133 79.93538 49.779892 85.979324 86.269356 10.586988 31.66718 76.508896 55.93821
224 34.293526 94.42147 74.19081 83.64369 26.997269 38.563484 82.49368 6.3170137 52.363472 51.70428 39.515316 25.589783 55.903496 54.7241 67.54147 30.41907 48.849243 83.367195 44.524193 50.329678
225 17.352985 86.446045 51.63675 69.365326 35.14928 85.26558 82.11717 38.304035 19.575083 28.986221 83.825775 60.802155 94.86455 41.681694 23.286837 92.90593 20.046783 15.864325 0.9953618 75.141464
226 97.768745 99.11017 66.54484 22.80733 15.195483 12.795287 4.330426 89.10684 28.122694 60.33985 14.428038 13.637805 97.95072 35.050476 53.526867 97.08906 30.656136 40.765945 33.850227 43.669205
227 63.860977 40.972893 86.74609 73.02171 58.106857 60.60508 66.537895 80.67991 91.12027 68.922516 10.332787 73.31942 37.89821 69.048996 43.386044 95.316574 67.60343 40.103386 66.477776 14.878398
228 62.35264 9.380955 22.292799 40.04096 88.887596 45.525093 79.29282 71.22083 46.78024 37.692146 12.879234 72.14376 5.241555 71.77701 0.174433 4.572022 92.847694 2.0737529 73.473335 44.32726
229 52.6934 97.34443 21.868992 91.990814 40.82442 74.023544 65.83485 47.002644 63.540913 8.871346 7.311499 9.631193 93.61912 99.29414 31.320387 62.717865 15.04786 45.07582 84.09555 10.794746
230 47.96134 1.5234828 8.535737 85.02609 41.573505 74.94921 88.34215 70.64091 73.649155 28.726107 46.995003 61.624508 5.0113916 56.421543 2.7703524 73.25374 40.475185 80.08743 83.90395 44.737732
231 91.167366 1.8511713 22.932642 85.22125 4.26001 88.49118 41.907562 70.489525 75.585815 97.49739 2.8632343 93.96501 28.363138 62.823593 74.48923 43.40126 81.3369 85.56071 76.79766 88.7652
232 35.108112 13.336283 32.682083 72.17481 33.406494 19.426071 27.157074 27.757866 52.749866 93.212906 51.85033 88.56236 99.58454 45.420265 70.65099 65.13857 47.928802 89.97302 60.52105 82.39497
233 96.12619 47.695396 64.137146 9.388375 10.99742 91.45982 94.59491 2.7363658 27.964401 16.776192 89.78745 45.54523 92.17176 32.89685 59.736546 7.6478243 27.881134 66.859566 65.14434 82.37593
234 70.15139 3.861791 22.34329 93.19481 56.798492 32.130836 37.811405 78.76072 71.66796 57.014023 25.213295 96.095245 28.230036 18.161541 66.80806 62.684727 50.363857 14.025724 17.882114 43.80399
235 23.936146 70.87978 63.02771 80.93743 76.468796 8.404559 63.569157 20.847702 74.956635 52.654713 59.77407 7.9533873 84.93377 39.7595 34.773193 30.868614 92.447296 82.71248 11.010658 98.18443
236 78.99788 39.54929 37.778824 60.105396 46.126324 7.401973 69.74338 87.97577 88.60538 64.46663 12.68335 89.93378 4.6401978 14.754224 81.866486 40.125065 38.656235 40.349216 40.026207 63.60922
237 71.78765 97.330246 41.837303 77.13615 90.76534 76.87224 47.70082 85.49822 75.29427 97.52785 95.70508 67.63545 84.02152 61.265106 52.55126 19.854706 90.70912 40.318752 44.304783 14.50184
238 15.1791935 17.908436 89.9039 60.592167 11.99863 69.81304 94.836624 42.967064 66.781815 89.905716 81.256805 63.52199 12.542116 58.098953 32.587208 2.2764623 12.907624 58.587284 65.44733 68.17277
239 75.486946 47.481495 36.208637 75.4564 6.5446672 67.39251 71.84094 87.575 10.800404 20.544464 39.756607 38.316875 80.04346 57.689415 45.432167 11.290228 17.859285 66.386024 52.59919 21.025013
240 70.66205 55.829193 43.220814 49.482883 97.04693 25.928885 84.34274 3.4169674 16.909712 73.09643 8.824801 43.977962 61.58156 54.381783 86.08179 18.67286 58.211754 93.20403 98.013145 86.01702
241 51.67853 34.72991 11.564737 49.061466 10.35952 25.595242 71.69052 9.8195915 7.1531115 12.557638 22.277624 72.168274 82.27594 97.05326 94.837395 76.07646 11.699163 99.55758 8.982891 56.352764
242 45.818436 38.982494 80.00753 20.146156 82.333244 10.75595 78.91086 10.137516 69.657394 3.213489 92.20698 15.995073 40.872276 58.784985 62.58623 61.814053 80.70983 5.297083 88.32685 98.81657
243 70.817116 27.45871 27.182425 82.75718 22.174227 50.991432 98.77425 96.78362 32.64296 86.4595 44.33156 70.77172 35.903996 49.009037 71.543816 45.53443 83.25179 89.11833 49.478127 78.25245
244 8.673466 51.078953 89.694885 97.75961 21.22053 16.072613 47.14948 4.0202737 86.83146 88.99282 42.04673 94.65436 58.482975 89.01113 61.926537 67.40442 81.90435 97.54162 73.87732 36.018353
245 1.2120485 80.76656 8.433104 48.47283 60.901356 22.113138 69.50843 71.43092 7.9230843 90.69163 55.32245 9.26956 39.391846 10.208834 21.882736 36.19811 81.197624 37.555866 88.02507 7.5003624
246 72.86524 77.25146 25.586176 72.66337 40.93128 46.125786 32.93134 76.314476 72.45099 18.793768 89.241356 9.9925995 21.637857 68.141815 91.718445 71.662735 54.767166 13.601315 0.79572797 23.689186
247 34.096115 83.581375 48.690613 82.16908 72.4828 25.071072 94.95062 59.86396 32.50428 73.89818 56.2872 55.534767 62.120525 62.060547 65.82505 88.6797 32.311356 45.3535 74.323204 20.201279
248 88.692245 4.440647 39.92087 46.409233 31.02327 7.6061544 37.06184 71.33035 62.95235 33.54857 74.55336 36.190754 94.53566 80.403496 48.879166 46.1163 56.368977 33.205475 75.13418 83.83355
249 84.92415 9.516686 64.065796 35.027824 41.35562 43.07683 31.041115 86.92171 22.126747 21.989214 89.220795 62.783875 39.87144 52.891724 54.28188 52.983177 91.58202 40.31832 57.72828 25.699646
250 72.19032 23.400576 67.75659 95.63576 32.640564 5.3649845 64.96706 90.49627 59.45498 7.9391775 30.646605 46.391426 68.446045 28.588707 20.189154 43.749577 48.57377 27.079994 7.3046503 44.194748
251 66.98631 5.629194 66.41286 30.860334 96.084526 18.090183 82.99419 84.79068 55.143696 75.30786 43.211483 38.76047 68.80083 40.778965 4.923296 47.661697 42.82764 0.79773664 18.93875 57.526787
252 93.372635 71.80521 80.2413 69.5436 52.651714 83.011314 98.71733 2.6557207 14.334804 60.629475 94.01375 0.42396784 92.12095 90.18142 22.426765 91.959694 0.78318715 52.033077 19.664324 60.446644
253 49.92433 2.1613002 2.9625475 48.87764 75.50938 2.4897635 81.96953 14.290375 45.68121 23.145462 19.198013 47.449417 27.241856 30.664188 98.415085 93.359 13.369328 12.314075 70.36604 23.285698
254 6.582439 45.924496 68.57024 25.5153 52.665966 18.32912 18.987566 49.572067 99.29345 92.994576 3.1091213 77.11014 39.56272 80.66147 98.00922 17.478006 16.782337 35.734917 84.20574 72.702896
255 47.868275 78.40377 34.472378 66.29864 42.947136 78.5292 27.252085 34.138996 96.59251 65.5249 46.82126 80.23888 28.987144 89.867165 70.196175 72.54456 4.709011 30.44734 5.8677554 5.956888
256 33.350025 49.452377 51.26988 74.318016 4.4222536 57.37985 10.465754 47.815777 62.67766 87.52697 48.473637 45.342815 36.8193 47.01336 18.10813 66.24916 81.42966 23.093678 44.908226 16.415102
257 29.665035 74.989 87.94442 38.728832 22.804672 36.328686 52.891014 67.27463 36.103695 27.97274 39.127605 42.529236 51.646244 29.717207 76.76718 96.64665 95.15844 59.222145 0.93345046 83.81582
258 1.2111902 42.306892 19.423634 51.347416 60.174614 48.20631 32.75603 28.541315 29.995018 81.96255 40.73636 28.77478 29.731178 32.140976 21.868223 87.2159 22.250198 31.618744 57.52939 84.000786
259 7.0488214 1.2264311 24.746174 67.82433 86.39958 67.265465 34.09633 5.2018285 8.552027 13.926917 3.7917972 38.995247 89.23863 97.76498 49.932934 69.30712 39.996445 93.80554 25.447582 38.984615
260 0.63661337 99.586395 47.05201 53.51536 59.451622 15.230054 27.98311 25.117624 13.3881035 73.157974 53.099525 57.72422 50.43323 71.690025 37.642883 83.040146 45.932835 91.77501 48.463417 87.93669
261 35.60778 47.517384 10.380202 5.463016 31.853127 48.864853 95.66426 61.35301 71.746605 81.47737 3.0619502 6.039405 49.37461 34.898804 77.539734 20.12611 79.98502 18.99842 32.814323 55.597538
262 46.537357 91.35362 97.08223 82.65356 81.94626 98.73473 66.089775 15.1580925 73.270966 95.86402 76.26197 18.79791 31.918823 8.706326 90.07041 92.99767 40.298492 30.070751 53.76521 8.572441
263 58.029755 77.43718 58.183502 71.476654 86.61059 69.65682 22.300137 32.598392 51.235245 36.312695 68.78962 33.431946 52.19254 14.678168 64.970604 47.03461 69.953865 0.8035779 31.514353 67.64193
264 20.753456 47.533035 47.19032 15.699887 60.296673 70.254105 99.229515 48.203266 18.397993 65.7777 95.708176 7.7528834 27.102303 38.608288 95.35 63.615894 28.497732 87.4845 49.53749 20.564001
265 29.364126 41.74853 45.897568 17.954899 10.460508 67.95132 98.93025 54.3082 15.140325 41.04686 33.693058 38.714714 90.66244 98.31008 38.009487 47.32715 55.66687 57.279823 28.07356 3.7433505
266 27.49886 78.94504 44.270973 79.45376 86.14699 24.233812 7.6913476 43.141216 39.32675 73.61966 63.88796 64.261566 11.569947 27.12831 86.23653 81.081215 24.01263 53.82489 25.600254 80.59612
267 89.91559 27.410572 71.335396 57.21387 91.86632 37.09896 27.941757 38.764835 62.230206 52.525635 35.411854 7.6530933 79.93235 7.9328656 44.65806 37.406506 59.31299 46.941788 53.959072 91.49547
268 14.92734 85.36366 71.388504 43.331135 78.1315 39.01203 71.45421 20.407742 44.552715 67.471 93.03465 18.515242 87.58828 77.17807 88.05866 86.02449 62.479073 39.730602 85.70988 25.957304
269 92.88964 28.574102 21.281826 82.729576 10.989446 81.541824 79.76235 69.24271 60.521732 13.263339 85.94631 91.85253 57.08527 43.23441 1.0863483 59.43682 81.71777 68.141235 53.07788 27.392632
270 2.8005004 94.47322 76.78459 57.31967 31.304253 95.96483 93.753265 43.09062 8.535242 64.21762 38.216846 8.994884 60.94278 57.018776 87.47453 66.00014 79.412186 2.2558033 79.567696 78.55036
271 51.038326 3.6039948 76.29854 52.667763 88.97518 92.82239 33.289127 82.717636 33.96328 40.836124 75.73521 60.612793 91.99084 41.92101 5.121154 49.37117 92.75084 21.166288 11.33877 90.00477
272 8.680391 41.711933 70.86636 54.22875 34.04001 44.587822 35.95084 78.268906 46.400654 87.68793 74.69198 38.25832 31.80855 41.66811 96.714775 23.806482 61.60891 87.349884 84.45562 72.06641
273 39.308975 62.34578 63.265656 74.09947 54.888416 52.707146 53.398705 12.937534 70.6267 79.85887 98.910446 38.17551 34.87736 13.165545 9.52388 95.2139 60.408257 46.22081 55.148117 73.741425
274 83.13554 20.22956 44.07081 5.348766 20.561546 3.3364594 96.539604 55.25068 1.2994766 40.93333 98.72713 19.23684 26.108849 62.151505 17.722618 50.751972 24.318213 53.02838 57.558952 21.31924
275 78.87729 11.154116 97.276535 22.573208 39.128025 61.69441 34.118282 82.48028 17.340374 5.098647 44.17768 19.72742 56.81631 54.902493 6.781906 46.89787 63.678116 14.996904 31.745642 48.38381
276 48.140724 2.5487244 96.09946 66.778694 25.00211 91.22329 81.26609 90.82941 67.21146 83.08914 96.7756 28.30413 94.69595 3.005904 52.886086 93.053856 56.210743 90.64548 73.884224 32.132053
277 31.950129 69.62656 24.912792 56.421684 45.21513 35.41426 8.010024 27.444601 32.82459 91.3282 94.306755 49.85366 35.50252 0.70025325 27.235561 49.801098 44.551003 21.229399 10.945999 5.5207195
278 82.16731 61.008408 95.23959 79.95025 16.29067 93.47087 66.14746 73.26107 72.43339 97.36684 34.245014 23.274916 24.192852 37.37029 91.96728 86.76306 29.746246 68.416534 49.152546 7.6875806
279 56.3524 62.53698 91.9618 38.01344 60.541683 8.791953 84.91877 11.563957 94.14425 95.69913 16.376144 65.59271 0.5301297 29.92968 93.08507 62.696808 80.41637 86.421875 15.13741 37.106186
280 10.402048 92.68095 5.336231 94.27162 22.151672 75.94537 50.56482 46.371605 17.051102 5.966687 12.065726 4.5101404 35.463238 41.047745 28.369123 51.940937 95.72839 81.20257 22.146696 42.897533
281 4.166108 83.138596 10.2988 55.11626 40.982372 38.334118 36.455856 37.80329 89.67292 31.714642 4.7008276 52.8265 79.805305 16.06105 2.1698654 87.825615 99.58942 70.859535 92.29882 3.5638332
282 39.09902 86.19247 27.451515 62.333454 95.13982 77.64611 33.65151 13.035763 91.38838 10.063487 26.865673 95.45012 93.43109 82.09976 22.039879 80.270615 67.65308 3.5567582 36.712635 12.116641
283 99.56876 19.807507 90.94111 44.621582 44.214203 96.51072 86.43915 94.89273 85.7661 50.308216 58.782925 39.446114 81.80358 82.159775 37.385017 85.797806 19.842316 57.07511 95.33193 89.19484
284 19.260597 52.73984 3.3459246 18.763834 33.88426 28.202486 23.854792 83.22588 1.7420828 8.505869 48.780716 95.166595 15.35005 40.83429 31.101109 21.8678 53.89772 9.1464405 19.963985 47.421116
285 97.52205 36.92325 43.192154 58.086163 92.154526 8.943624 1.9825876 83.77202 23.970377 83.08462 39.659798 51.56588 7.070631 80.01469 10.197306 71.17858 62.56716 53.10976 20.164877 11.103546
286 36.659718 81.58544 18.638437 92.589165 48.595596 58.13031 8.834762 25.910908 94.65403 77.48342 99.77701 9.919167 43.626698 76.47464 79.69468 76.76268 13.865387 38.902157 0.21056533 74.690956
287 7.090807 2.9339135 13.327885 73.87909 14.119684 94.97635 5.025649 54.56405 90.84943 45.456062 49.68448 90.01522 6.682235 9.820819 49.946213 85.87822 83.57727 46.2115 84.86932 44.43674
288 2.6572704 71.42447 24.850267 19.851696 51.392914 93.52545 70.7742 46.29312 1.5366673 75.153824 74.834595 3.2211602 43.930836 21.347385 15.57988 24.356926 97.889175 72.60888 45.729805 22.87996
289 60.925938 63.728817 50.43865 54.179424 59.12285 35.1874 39.816147 48.46521 3.386128 43.206642 23.058218 43.420116 95.31995 50.95201 44.46255 26.864147 65.55704 24.039864 2.442962 51.43957
290 63.33468 33.257694 71.509575 18.254662 59.137035 53.923332 30.708563 0.20204186 21.660965 70.0856 98.43922 14.564329 99.579636 51.10299 37.67147 80.11655 80.01835 84.14251 33.72235 48.12695
291 25.824154 67.74279 41.824512 66.651794 68.17101 5.5232286 38.20728 80.83496 69.4245 74.94431 97.34537 41.392742 82.18602 81.096855 22.010296 62.230843 36.799866 69.99591 10.944575 54.663322
292 53.153282 57.765873 2.0921946 58.749916 19.210005 2.2288144 44.645016 75.92192 23.331387 80.360405 49.551846 85.72165 99.06157 50.28371 40.995037 52.843548 7.7495575 39.168335 77.64112 18.756098
293 78.28107 60.641785 55.7523 40.33414 65.48762 86.965004 21.60263 21.786499 14.743811 74.95018 59.73585 66.68002 4.1721344 20.894861 39.654785 5.308759 16.127092 31.972622 76.32892 75.61703
294 93.66837 90.67036 20.79605 20.252954 7.0598307 28.921568 54.0251 20.311445 70.51407 51.29195 19.573128 0.4416108 55.069763 66.4792 34.445942 88.076294 73.33248 25.856054 50.555355 89.73394
295 13.583201 81.99031 65.41768 3.1040728 61.278473 82.00652 65.98027 28.724884 16.11123 96.110825 25.98055 88.57879 32.512974 54.197914 8.882976 30.26219 34.76022 59.621628 75.61386 69.23716
296 77.76739 63.177635 80.994576 43.064438 98.33332 89.16799 13.495326 60.78113 75.25099 93.957 89.79265 88.36732 50.543587 23.360909 35.27333 23.500532 57.470917 94.029686 42.309277 55.79509
297 17.238348 13.977021 4.615897 54.047035 57.975304 44.709225 34.649994 61.548668 43.038082 90.92015 14.710307 51.50748 76.597244 40.195526 45.64939 4.5212326 52.422325 4.157716 0.9224832 21.75653
298 85.467926 81.34379 80.687164 4.096985 88.048805 51.021397 79.985405 77.526054 34.884117 54.09724 27.410538 67.1579 79.97091 43.06217 33.370964 50.710087 8.056641 16.15855 78.957214 11.218161
299 3.4226537 53.07541 22.90985 58.131866 16.832464 59.7131 52.245205 65.625374 89.96902 9.962845 25.259161 52.330917 26.674927 52.880413 78.99376 83.41204 67.073616 76.77366 98.47769 44.885605
300 48.50275 88.05848 75.36224 22.65057 14.5144825 55.567997 48.753857 11.368418 37.42987 81.438896 2.4415672 98.0595 42.582546 11.671793 48.24157 74.23824 94.014725 74.709076 14.3050375 61.128086
301 16.62659 99.442696 65.99426 12.806028 72.31885 87.32103 52.92381 40.170963 75.26201 1.8426597 13.147765 67.86725 60.89113 55.694527 89.97409 60.494335 15.439928 66.91342 70.78751 92.676506
302 17.735476 74.33568 34.411396 69.24928 46.57686 35.67706 64.34606 51.646782 8.386028 23.09041 21.659618 9.56766 48.07428 8.03445 71.91183 83.487816 17.40548 24.615324 75.360214 24.220407
303 99.81111 85.91029 5.490124 26.455044 77.93843 26.636965 85.84981 20.307667 93.57122 66.19415 84.04298 49.96276 91.39318 44.68366 80.88178 93.38468 74.871864 29.952717 25.043934 49.021935
304 89.891716 32.71246 73.5803 91.94686 9.287924 88.93929 17.319662 35.795425 27.819061 71.41687 60.21296 1.342088 15.120697 5.602318 2.1099985 6.0200987 75.61959 76.989494 6.0905275 39.94773
305 55.138897 98.59544 81.5634 67.12761 28.92925 36.72689 1.7504036 89.844444 34.12339 82.21753 94.29488 89.60251 39.19917 72.102234 93.55265 29.238384 6.0762525 65.26172 46.168636 83.448364
306 18.157345 14.794707 92.91532 94.5278 55.20839 52.428406 61.12775 7.5897217 67.77176 56.652786 46.638542 76.17991 78.19911 49.757893 21.67859 91.6197 39.81936 0.6818235 7.1141243 44.47798
307 61.7248 74.46416 1.5474617 86.509895 34.73209 96.884796 75.6906 8.718496 18.882782 9.101957 54.06255 63.73172 8.082306 94.148026 5.06075 36.582596 20.890427 20.175356 8.97395 50.69473
308 64.88644 77.352425 37.261875 99.17554 36.318344 82.09644 47.710205 24.490166 86.84712 87.50358 22.726095 61.622524 69.12055 8.828842 72.479416 85.63443 55.720467 41.912777 12.791276 9.128767
309 68.85328 97.60143 58.158638 98.839584 7.18649 81.323944 43.180305 84.056015 71.72806 31.75338 77.57501 18.794846 73.91721 71.36999 29.17937 10.837632 19.523693 73.072464 20.567596 15.525168
310 53.97824 76.85525 74.59354 2.448535 94.88546 97.91437 85.12866 76.09987 71.26607 9.099012 56.030445 74.66593 6.168908 95.9415 4.958725 87.29653 78.37493 18.938429 81.66074 42.501514
311 52.7396 55.49556 91.92951 97.28226 89.10311 70.97727 39.326466 36.95491 2.5188446 5.418974 14.234257 13.456374 17.750257 88.28043 42.716183 59.633106 17.569519 69.56602 1.414895 18.30598
312 45.423676 0.95231533 56.298534 87.79991 70.64501 17.295187 65.99098 75.45728 29.762804 66.90037 29.803253 53.064007 5.8781147 60.910397 58.07509 54.063255 23.807598 58.573578 1.2615204 43.18376
313 10.16562 59.318996 24.144876 21.249723 72.17798 25.578844 33.96526 18.361599 78.30839 36.100693 24.05184 39.54929 8.297849 49.81637 37.17736 90.9199 74.59546 9.732109 71.38229 59.084423
314 85.088554 7.1386995 83.02277 90.395454 16.274649 63.88752 1.4460027 12.718052 33.373184 37.526215 72.71286 24.858498 30.231178 56.536995 38.453068 6.472188 57.174484 4.3850126 24.103165 53.65731
315 63.1995 77.98918 28.85009 47.221928 43.155373 92.81173 49.5574 6.8086205 57.962643 20.076513 31.321335 65.004326 82.64278 56.532772 68.18799 21.89871 43.247177 11.356479 5.62129 68.238686
316 78.991684 73.714035 49.76637 20.629608 23.400837 6.5035105 22.189676 16.736782 40.48776 12.9501705 18.943756 14.03935 95.44376 91.99155 22.410578 9.5885935 39.553284 42.480988 57.895763 7.944703
317 65.71316 84.7184 95.41212 62.84114 52.712673 38.04571 33.101887 78.29937 86.075134 55.398697 1.4635682 95.34505 82.59006 57.774174 37.693752 99.930214 80.5565 4.3528614 64.31172 50.22558
318 3.1529784 56.12723 84.65323 41.508568 87.25293 53.74558 75.2087 54.14167 62.48259 3.1370163 8.114708 84.633156 97.49899 97.37785 99.91833 56.828922 23.54213 60.06099 30.123001 85.545815
319 34.53957 66.81253 56.648457 99.379074 22.731907 38.051857 28.42139 74.27062 77.32075 30.913984 37.64202 31.29093 78.4604 32.5589 97.19165 77.861664 1.522547 44.808483 80.06908 33.53445
320 87.52753 82.91438 27.140873 61.964 79.58448 3.82241 52.898155 7.7019095 5.8074055 53.922104 43.927246 8.037358 54.228943 38.131435 15.584618 59.777008 21.534586 74.25336 34.639866 82.361015
321 75.86649 4.654402 21.699303 41.134804 94.438896 95.06892 60.895134 7.333374 73.270584 94.15159 86.030815 9.092492 52.040512 51.523853 4.085052 15.599007 9.038716 73.53762 7.2298822 34.662895
322 5.608493 19.675367 13.410359 53.180527 56.61053 26.095331 39.72441 16.119825 72.60197 61.802082 30.554056 99.062225 23.992342 35.57734 38.41912 53.5662 69.85505 44.256393 46.19859 85.566864
323 40.841614 84.10822 57.6036 1.9030809 72.33269 93.710014 3.0626476 36.386574 20.193779 98.35068 71.52793 47.42973 15.976066 30.015833 97.73103 87.273445 3.8674533 83.57499 98.265205 46.761787
324 59.972763 76.89777 49.273884 18.1647 1.4635026 31.071918 50.765263 25.836723 13.728017 5.2933335 96.499146 4.912114 36.87673 70.77475 9.414226 61.482853 76.8801 8.4120865 57.654716 93.80471
325 23.368412 68.00721 8.9496975 58.35997 36.89406 42.436337 36.49459 12.718373 98.50135 30.949615 59.241306 90.03709 18.084543 92.278824 86.84572 58.99554 63.618366 3.7165165 74.231804 94.55432
326 78.359825 37.925213 54.16017 46.052563 89.04895 68.86467 66.243866 2.0235121 5.545491 3.6277711 97.00965 48.232143 65.85746 72.70121 73.89291 24.653631 73.83787 69.57968 54.077347 56.56235
327 7.700646 16.93756 31.006454 58.044636 82.75335 13.687765 62.92433 46.85367 32.24071 31.035233 51.23586 26.675056 15.881449 29.67472 55.655926 65.9598 80.56435 51.015846 98.45592 56.215687
328 24.815744 36.9803 53.585537 62.047596 65.18682 82.558044 36.583607 70.63406 64.82821 57.793934 58.091587 20.365978 72.474495 18.880087 4.1070642 93.011024 83.16891 87.0398 88.08555 17.273176
329 83.697495 17.20748 38.400875 75.57306 88.31445 22.248644 45.856846 72.1764 20.428764 11.55094 82.81447 96.650894 9.054929 51.98856 2.5329947 59.557117 64.63413 54.070602 45.554882 40.10697
330 86.00056 23.890818 81.99113 41.400284 51.552296 32.47834 43.545944 16.231495 24.905533 26.294565 87.77949 94.114716 84.342316 6.7307053 56.730576 92.18865 81.14824 21.147818 61.45545 33.426876
331 73.48019 44.69086 38.69342 74.80166 37.772964 60.040344 82.71884 85.74959 61.01496 13.488603 78.016014 28.797543 85.690216 0.10730624 21.817541 15.171814 50.04884 0.98341703 81.43677 19.58915
332 13.948595 12.030882 32.92442 91.48506 23.184473 0.036251545 54.673553 41.254456 70.43296 38.48026 33.532833 76.55681 0.18669367 87.22142 89.67625 27.579742 58.909935 18.068785 49.39021 13.880366
333 54.734756 67.16098 28.112442 46.865715 97.03307 37.270283 17.08703 29.27571 82.89513 33.83953 60.049118 49.652237 71.73662 10.724794 27.14129 89.48481 91.82365 21.058285 34.07847 72.59979
334 93.38804 18.977392 59.26589 19.800001 56.210033 75.61307 0.54626465 1.4724731 68.13601 51.931835 8.4793625 51.882988 72.10629 88.831436 83.07625 61.499535 79.08188 16.164303 25.81784 58.57703
335 23.034746 64.780334 75.2441 34.34955 91.219055 64.73059 0.62882304 33.78417 61.650246 86.75595 89.03987 97.5331 72.52631 99.21341 92.77502 92.37386 1.7349064 67.59377 39.667725 44.257248
336 54.167007 75.49492 82.549164 97.60905 9.932822 33.88709 37.267323 69.586716 36.43822 17.10257 43.698387 71.72014 84.38594 99.37836 70.30071 2.2239745 83.929634 2.9650211 60.679264 9.026885
337 8.311325 28.588522 7.634634 20.30248 43.293785 50.027775 5.1125646 90.40283 70.56377 78.17503 16.75734 14.294124 60.095554 55.416702 58.37911 92.896225 52.356846 30.560238 94.10506 50.464203
338 67.40015 97.70094 17.395956 98.9662 89.56926 2.0475924 30.132706 44.264175 68.07533 22.294653 48.834766 36.062313 33.44216 15.943813 86.549065 74.634445 35.225063 52.1508 63.391846 19.169987
339 48.977303 80.130974 46.046535 57.39654 10.737902 71.638 66.19201 26.464344 9.974468 98.08329 5.8908224 48.74599 90.62531 28.855127 2.006054 11.358905 72.40082 72.499146 25.89615 68.31435
340 47.64102 89.626274 54.684383 43.005592 33.663452 31.519604 8.596587 15.350694 56.614326 55.032394 79.05679 71.69676 14.360565 18.930649 84.83433 1.2801945 55.99634 23.573757 40.5213 35.639675
341 31.215424 41.796814 1.5209198 37.22899 0.30984282 38.920967 12.642365 61.218136 65.15125 61.650066 59.98761 96.06216 32.509686 14.700526 36.30169 60.125946 66.84411 48.658245 33.126045 15.063084
342 32.702023 68.87396 75.292244 93.65078 83.59465 92.12335 97.43077 17.589981 80.23726 32.008205 12.719006 56.907253 35.98869 75.21064 52.090233 9.877014 99.88281 16.09789 20.16735 33.961964
343 20.57023 76.9853 61.432926 52.60477 49.59829 43.588573 97.32302 88.56312 65.62974 60.63439 49.320675 15.94668 47.37709 39.86331 23.574846 84.581795 21.21408 43.17718 94.4911 1.5051365
344 27.684826 86.69315 85.104256 75.29143 21.593739 19.018179 24.386513 54.88295 64.21627 19.015413 41.063454 61.25662 18.676609 27.372736 81.66665 98.59304 95.00927 22.891945 70.666374 92.871925
345 48.236668 11.895836 42.387695 86.590996 38.394905 58.612846 99.364555 85.48579 57.32975 19.77061 97.740425 18.92243 93.83028 89.649345 36.752502 22.564405 90.89744 27.063847 72.27523 57.808983
346 80.35102 45.52284 71.444954 45.49465 8.314222 57.33139 40.70205 54.95376 77.19765 84.64548 58.89085 67.39493 76.51167 81.257454 22.63847 33.929245 96.11075 51.800735 6.936818 2.6972055
347 65.31755 46.537285 80.08912 71.21755 32.856853 44.170982 10.925323 74.283066 52.776546 89.26355 15.9751 84.80501 16.737885 9.682065 15.210426 45.60122 33.47332 20.752728 73.69184 70.19011
348 1.1537731 1.9234121 81.19683 26.463282 11.257267 67.04837 67.459366 20.245861 15.728992 7.015318 23.355358 18.109262 49.272568 62.263863 31.138796 27.584547 31.080347 39.53339 34.140823 95.65378
349 44.82583 61.47837 59.224247 95.905106 70.99471 76.963486 56.33582 74.16847 94.37756 44.07512 27.879423 80.26018 43.601685 65.14859 77.0667 68.4256 14.822662 24.212091 26.173187 35.26202
350 53.067852 80.80256 11.585558 35.722427 91.22896 71.54104 98.07888 74.95347 96.4053 81.40376 16.884756 86.22544 28.33183 72.34136 94.33694 38.40223 46.178932 7.645053 25.308205 55.91808
351 93.33671 28.911364 59.940834 11.033642 69.213104 29.104782 16.546227 63.505054 50.96034 3.3599138 37.79126 73.29934 33.83978 39.916695 52.74848 14.520985 8.145422 60.867657 51.973885 35.48606
352 13.796759 17.955048 85.96214 73.410545 5.5122557 57.03743 45.150967 70.300896 5.575788 58.41444 9.700071 97.49188 15.364891 44.129417 83.71726 73.32653 37.83703 80.65213 67.166534 15.484542
353 31.948215 41.77736 11.656099 65.52174 66.44751 85.77392 47.51556 37.677776 68.65625 29.207975 29.441256 1.649636 16.767746 11.682987 98.48964 4.834473 9.020954 68.03637 97.865685 63.84812
354 56.002148 92.174355 58.884335 18.570667 93.56454 57.386173 18.338257 0.5141854 52.74501 77.14575 67.506775 47.219997 62.977486 56.38379 20.974804 17.255348 8.295655 12.10928 36.643833 68.08701
355 19.588125 83.00202 99.719826 38.86904 24.882294 6.9262447 87.528435 89.51281 13.718569 12.779027 69.77063 39.142418 9.625959 46.050938 32.889908 94.321075 9.275884 56.11443 86.7355 78.72225
356 99.89198 5.557412 57.397312 59.981823 33.80606 88.64512 59.242928 0.38657188 35.61803 45.836662 90.65188 40.22525 72.24241 45.62912 7.128954 5.756778 97.27411 43.08967 89.357796 37.856907
357 20.7088 68.31658 65.86479 77.820915 74.30135 7.605326 45.397907 59.170586 76.99218 7.962924 14.547194 19.595867 28.192764 12.300396 14.763647 16.62442 7.6776323 51.439648 9.559107 50.83832
358 66.82051 21.111893 18.636328 38.340466 98.44315 31.324488 38.918243 41.921204 52.18091 63.57069 2.3893356 50.507427 63.640244 22.902971 73.36649 66.82462 22.419363 49.248337 50.878525 21.91074
359 64.04042 10.689556 79.41317 25.646961 20.814186 53.757423 49.110897 98.583916 57.50635 27.877056 76.830246 21.12431 89.33959 36.59896 46.229027 10.969299 86.350655 33.54901 68.5079 73.352905
360 2.4943233 70.38883 27.721697 5.99612 87.27395 94.54038 44.11393 22.24182 88.27419 70.85825 25.868452 42.128338 95.0278 81.50767 60.66052 98.17965 7.482809 17.511738 1.648891 86.70393
361 99.32717 72.07047 32.86733 37.981518 40.016468 45.93941 12.694812 71.78233 6.040758 77.81211 24.11971 85.389175 57.325428 74.51839 41.336094 97.23572 48.3165 76.477936 14.856249 43.22957
362 43.945248 0.60171485 94.389 17.964888 91.05371 35.885513 39.379875 37.793785 67.80829 64.28132 2.0579755 15.889531 73.01177 61.861713 24.371899 15.080738 88.98688 31.424786 37.169903 36.757614
363 34.8496 88.94775 32.79865 13.256592 39.585964 91.92411 47.93233 66.83788 88.518814 59.663494 15.435391 46.013332 3.6946833 3.9578438 47.504826 35.204113 93.687454 5.7987747 98.892365 87.46662
364 75.6224 40.55622 31.89532 53.589256 20.250135 53.499622 93.8131 70.8153 77.08646 10.872269 4.0409446 47.68221 92.48419 22.843529 89.82513 0.19177198 69.58513 35.30018 66.405464 91.259346
365 30.040491 82.14848 14.858395 27.964746 6.880623 50.945335 7.0232334 27.687592 23.711485 47.43631 75.607124 68.2126 34.333588 11.938995 44.64197 52.10533 9.797734 88.27153 63.195408 1.1678696
366 56.771755 27.703428 17.464655 31.981915 35.898407 12.622988 3.5178006 73.14022 64.64196 51.512177 96.96316 63.776146 43.079823 55.44604 55.260487 11.757505 29.385979 91.55281 83.33417 99.05856
367 24.63032 88.35893 10.269481 57.32128 53.29728 67.188286 92.39043 24.73197 59.988342 1.0878623 30.716932 57.655407 86.55692 74.226036 75.028114 48.879116 63.934795 79.28095 65.42712 86.03329
368 4.7134457 54.74226 19.883585 26.286013 35.769432 17.842072 23.758656 19.60135 73.56291 89.372215 77.39079 55.833786 40.945114 64.11134 49.599754 59.17334 15.201688 42.96556 9.172928 95.72177
369 8.512503 81.01985 30.318373 80.352234 28.96592 98.119095 10.549641 71.87872 81.73191 56.77203 95.91938 80.64331 14.038176 5.337387 75.913994 99.93883 16.337538 64.65959 12.195963 27.554232
370 86.69295 63.435356 76.83074 1.8035948 81.19377 94.2872 48.32267 18.634802 84.469345 19.284893 0.9302914 74.08032 79.461555 33.790398 4.122609 35.991234 2.000475 42.120914 56.020348 57.582275
371 74.897224 81.552246 15.151477 15.0167885 8.795625 84.36073 78.30991 64.59528 77.5348 5.4761114 14.776391 49.912548 57.96262 88.253624 96.23791 43.760033 15.756792 48.04736 21.587389 27.029259
372 6.6741705 35.66594 92.12144 1.1888444 97.637375 96.218 37.764877 11.143166 34.12355 66.92038 72.68629 50.830143 43.44582 96.5738 89.43627 9.485781 60.781128 13.846225 6.514919 37.113583
373 53.326862 98.29417 13.590395 3.6795378 43.95487 2.0607352 11.544913 58.553143 59.428616 49.091072 97.7782 70.68834 48.97426 77.99003 78.97348 22.255009 0.12764335 52.613895 8.61361 10.474121
374 72.75852 7.2512746 1.2712181 76.17187 45.504536 19.732922 2.9985368 60.257362 27.096367 72.756134 31.481123 98.464355 97.85245 10.664988 2.0309985 3.1117737 72.65596 73.25868 38.576263 71.475334
375 88.7547 70.08054 21.715773 72.080215 31.560225 86.05934 39.37251 31.591875 95.14682 3.132254 96.88188 10.081082 96.303955 11.189806 81.34003 65.664635 0.7818639 26.7709 5.1216125 70.58123
376 95.85562 58.64189 22.630178 19.67361 36.647137 57.765274 96.1006 34.343826 75.97807 75.066765 5.7319937 95.973946 44.134174 66.51843 58.249146 73.5163 0.11916757 31.859255 49.394947 41.724934
377 18.142712 34.073532 9.629506 15.90563 79.66397 12.655187 89.802734 72.99983 3.8033903 98.62818 82.684586 49.49542 97.907486 45.007942 86.45502 36.593853 40.132755 67.42709 83.60834 60.090996
378 0.797534 18.373793 70.81203 84.69188 66.688126 0.07853508 46.238213 13.435984 89.31432 18.523811 56.47953 26.327293 35.168655 40.140926 67.65568 77.22576 63.294273 87.11339 48.55918 23.957813
379 96.91292 83.25164 8.090204 28.150194 34.57238 84.37879 86.76211 23.503387 69.37235 22.120941 61.258064 4.4302044 48.508614 92.793365 31.981176 41.836346 19.893503 1.3896465 52.92691 45.269608
380 27.280294 50.00426 59.23997 86.983 43.521317 48.649998 5.2823663 5.225831 75.763824 40.48397 51.28427 53.190666 53.03918 21.854942 12.583285 43.70998 71.39556 7.069123 96.55442 15.533596
381 44.090836 27.891863 9.627086 67.65901 93.09301 65.92228 82.87467 46.875835 45.98266 22.272444 78.707 48.87948 31.13389 21.440792 43.918144 93.77844 19.64417 95.69137 33.02823 46.644627
382 59.832066 81.25012 59.353893 77.33322 18.228197 89.632065 34.959908 40.833492 47.915768 65.65709 31.555002 29.9245 82.96126 60.248764 56.03531 21.232742 27.704906 90.80209 61.844444 39.565052
383 7.1085095 27.42958 62.272514 84.57902 43.500645 80.23735 27.478027 49.721916 64.29655 4.2465568 13.173175 62.501568 52.04187 25.771708 16.911453 54.44215 63.941223 0.92389584 95.66706 40.73194
384 53.4496 75.16068 15.371114 36.108364 66.15665 37.006794 75.305214 32.779736 89.77172 71.58382 45.34591 16.298145 61.275322 75.58888 36.164772 39.73009 60.05692 7.839614 57.340137 28.991312
385 94.98832 14.256996 98.213615 61.901028 65.82802 86.80155 35.075016 79.76312 99.118385 28.837997 46.293056 27.80543 18.89137 98.91725 26.299072 24.621403 70.16756 68.0829 78.412315 71.19475
386 14.610392 37.39568 35.465466 87.78993 23.035122 40.09963 82.70807 17.918373 98.08764 72.21602 17.756706 39.00993 35.680244 14.646071 82.20822 40.91476 28.141361 95.20477 95.28508 67.826195
387 92.00787 89.32149 44.4485 3.8573682 74.52871 30.166155 75.769684 24.84371 24.885166 32.244484 39.026333 41.810448 67.559364 74.414055 91.58858 48.085297 58.949734 18.982018 40.33597 20.706928
388 56.059666 1.0420382 92.82738 56.35037 53.749866 27.294367 15.01444 76.54252 19.588589 4.881281 21.793015 70.86925 51.76082 39.687042 4.037881 59.887142 23.8737 19.334538 68.4343 21.56719
389 42.950047 30.811161 7.9429445 1.6470551 4.6261845 66.13754 56.208508 4.8967657 67.818436 84.429726 10.308188 71.96787 14.2107725 25.587446 36.15563 86.46664 94.22312 92.96801 29.415518 25.750685
390 68.08762 30.89137 73.29002 83.58958 19.791716 41.592007 70.9218 15.460772 83.50971 97.026184 93.8915 20.391733 71.36654 68.30968 65.40615 4.740107 11.650663 91.86408 24.87561 21.270096
391 95.671265 21.76559 13.8181925 34.79213 26.15428 45.30681 97.14571 97.2543 61.27151 9.200144 31.13823 79.58915 46.038647 70.7845 3.6768794 84.22361 20.9046 38.470657 73.96987 75.65983
392 38.953827 42.71357 0.0543952 11.949402 15.382761 10.0819645 61.321323 27.546328 71.98375 33.37131 10.287344 18.578089 35.527897 7.8504143 49.491333 70.977394 51.49927 63.13304 53.94034 76.43879
393 96.97493 70.12551 1.761198 22.386223 21.010738 59.13108 41.974133 61.954742 24.184698 97.41957 1.5041411 55.60838 66.53485 49.132996 98.15858 84.95685 84.63624 66.84626 93.35882 24.427635
394 12.6819725 39.79997 50.518845 90.84247 61.922203 78.94493 1.2736559 93.09413 79.48647 41.474144 2.9988587 62.791836 7.350087 58.268185 64.51384 46.02173 9.944153 5.2575293 41.37305 80.64928
395 63.65581 65.53614 53.133232 22.57809 71.287056 32.38285 49.410652 38.09578 11.565149 56.21143 72.948265 63.213295 79.21754 0.74041486 11.394149 80.38391 50.19242 38.02484 46.711296 59.129757
396 93.63974 28.91299 55.316208 1.1760175 85.644615 38.282394 62.965935 69.27818 86.8682 64.18434 47.427143 28.920572 68.703285 90.71019 16.977072 5.6714478 90.85941 37.724995 83.27747 40.721577
397 92.08523 91.14433 29.163408 90.840164 88.704 77.52233 32.998013 64.8002 30.536901 51.549023 15.620547 59.71093 27.433182 7.610309 89.28233 71.417465 82.896706 2.6465297 2.6078522 12.270128
398 94.134796 90.76735 35.384293 6.521159 54.262615 56.86871 22.28225 23.083132 15.440565 91.08929 97.41589 92.400055 98.53223 45.39038 0.49766302 79.07106 11.637646 42.707527 70.32841 5.2725196
399 26.835573 85.68082 49.148537 47.903973 60.973858 11.410761 10.182363 41.00664 75.760475 19.3102 5.321336 75.95157 7.167566 27.042055 66.65957 97.06318 20.77365 83.67377 17.42798 76.93949
400 73.69938 46.281242 89.24324 31.272322 14.87009 45.847195 64.53024 0.29132962 32.15442 77.785835 78.0896 6.199795 30.236929 31.962507 9.224481 61.593403 8.70021 64.65212 66.33733 91.62729
401 81.596886 31.294477 26.740992 76.701546 2.7266562 72.77113 14.4486065 77.066765 13.900453 40.67348 23.322725 65.71613 34.74108 77.892746 69.148346 41.247757 44.164703 41.891384 55.48291 83.38341
402 36.8025 79.07418 89.625854 36.161278 57.510727 72.44283 88.40164 88.43858 48.095978 91.67765 71.88557 69.51347 70.83032 58.245216 86.50635 85.98784 80.68911 89.195045 8.481646 11.3366785
403 94.01678 25.906158 12.191433 64.23363 76.07911 69.91601 5.343282 8.025151 38.323242 1.6584396 19.667376 99.6796 81.83053 21.818739 39.995777 60.207165 44.166237 34.257732 70.08986 23.408545
404 39.419884 47.05149 86.204666 9.634763 26.57076 49.93956 61.404545 25.108791 89.34488 85.98577 48.918163 84.667 65.45717 58.957542 61.75337 21.231438 67.622505 50.06054 50.355595 73.94195
405 0.09919405 85.27578 58.8233 28.993004 88.991455 32.500237 83.18731 33.47738 22.336197 83.66409 89.17871 68.89488 86.45081 16.47731 99.97414 83.70956 1.5016258 41.745506 91.40367 65.01322
406 4.2084813 41.40364 39.382195 19.873978 15.533668 38.47119 34.790623 24.519808 21.678984 19.77331 99.1613 41.65159 7.363015 45.048916 11.346942 55.72648 19.861942 19.3424 53.47328 6.1484694
407 33.426315 9.526766 43.051315 27.402794 88.248726 38.41995 77.87865 22.046482 22.033184 62.034637 48.57673 81.19856 10.346288 5.657387 89.13818 32.156967 13.318193 14.111966 34.10721 83.70992
408 58.973606 29.96201 28.958427 76.629036 9.638333 2.6007116 21.410418 45.059784 78.67751 11.023456 20.907658 89.70864 25.530434 46.258545 2.9887497 36.820255 31.931103 96.43029 7.9518614 59.213978
409 89.721664 41.547955 18.916178 13.686979 38.219368 37.467182 34.407555 69.787544 18.190468 22.982687 82.87877 80.52212 40.68306 52.421432 70.58118 58.50437 46.903873 52.96381 45.971584 49.214848
410 93.683205 53.590847 90.96235 34.560883 85.61133 86.21343 75.965096 98.26529 76.465096 32.17318 7.5609922 53.537964 29.953915 74.71487 47.03915 82.07975 3.042078 23.830914 28.82585 91.1267
411 48.151676 40.493847 80.39298 36.672222 16.485638 96.96302 61.55478 31.224554 40.660934 45.626156 49.674572 93.79914 26.999933 15.578997 98.30472 68.954285 56.447132 31.532907 66.8331 46.511414
412 77.47524 29.158545 36.031883 30.42764 37.897724 82.925285 93.78328 5.689687 97.65615 32.99354 53.040485 27.970201 57.90363 95.68651 83.180504 49.33606 38.62673 24.247467 30.790878 2.043271
413 7.2665396 92.529655 37.640877 94.22721 63.006447 51.330273 44.715614 49.243378 88.343315 35.445374 90.900475 12.991142 3.0668437 17.175556 63.914757 99.529434 71.717766 29.754793 56.69315 78.75169
414 88.92048 50.619583 93.44921 85.222015 76.693665 1.0083139 61.53658 44.19202 92.00004 4.320508 64.92363 39.33894 43.53216 53.021957 76.151184 52.220272 25.23691 72.51899 31.148148 71.47572
415 75.61042 83.01872 86.89682 31.377691 90.66496 47.429985 48.89061 95.70904 43.057186 38.14308 3.3973634 50.711506 67.61654 49.168705 40.079063 26.89591 55.92507 46.542583 81.4333 96.04183
416 90.24436 70.85182 6.286377 19.260824 34.588154 45.76136 51.217697 82.384 71.7941 77.87859 33.926987 94.3075 27.8073 61.366028 80.33116 35.74474 94.868996 88.38465 68.3182 93.8616
417 54.784763 59.525333 67.87626 61.592464 1.8693686 40.47448 53.606094 98.4452 76.53324 8.690596 61.822414 67.009346 87.85605 21.077013 32.52893 71.20329 34.013687 37.574852 15.047205 18.86441
418 19.278234 91.132 75.088356 23.247332 25.750029 69.30435 47.240128 1.3043463 76.32296 92.30301 58.421646 47.55004 36.00775 44.916862 59.6202 82.4405 44.084255 61.526234 51.5156 35.420525
419 66.127335 23.306936 57.32886 12.317598 58.316994 11.442786 67.87555 72.108154 66.23244 59.269257 70.39467 52.08185 45.23147 57.124973 36.86061 6.228149 12.286467 16.466696 28.32672 77.72301
420 81.60135 82.49581 10.118723 1.471448 24.350292 67.95082 35.678585 10.847169 41.39897 43.454052 63.403015 8.455873 75.89768 73.288025 16.334837 3.6438406 88.23838 98.95519 76.02346 39.59519
421 1.1738181 98.395515 42.807514 45.54314 19.097937 46.16266 70.28543 90.50724 67.836395 61.867046 43.489765 65.01581 64.110596 11.271018 71.48968 27.751684 45.497536 49.869053 85.59934 71.55088
422 99.65169 13.716852 5.415517 54.582607 67.288734 40.613716 64.45455 20.052809 37.51995 78.23103 84.682076 73.92073 51.199852 18.966108 90.76051 82.73186 11.699468 16.549324 47.979713 90.89437
423 20.697313 41.91857 56.74394 82.01871 96.00621 38.58665 6.8867626 36.068005 40.005272 36.46606 79.259224 72.116196 50.864487 81.49367 23.83408 44.871735 58.43764 72.84208 63.39955 56.508045
424 15.524906 64.25238 91.75278 98.76445 40.297688 58.12558 3.68132 94.07667 33.226936 85.33109 11.037999 19.308096 42.11586 37.90494 41.530437 77.43897 21.125507 81.40696 62.684357 7.5999317
425 87.37529 76.98608 27.58453 63.691296 74.24252 56.27795 57.796318 38.404198 80.37852 14.057243 95.234764 99.96142 23.270512 70.82419 3.1493723 50.844173 95.537735 49.774178 37.866547 13.997894
426 49.747204 57.241898 60.07557 25.660128 76.124825 32.904755 96.418274 33.483707 98.93598 83.76158 89.6697 2.8081298 77.39629 54.973324 6.162649 56.843533 20.68876 49.675117 71.15987 72.56935
427 93.01225 50.270416 22.02503 23.020685 11.634243 34.73509 52.259117 68.358925 10.7973995 25.14466 40.288578 18.032104 28.22572 61.85252 40.412174 0.06787181 54.145832 8.169115 61.19619 12.066507
428 89.49928 57.507866 72.07427 93.04149 78.75049 21.075321 91.74408 42.473125 90.83442 10.403127 3.506428 39.691574 10.842019 19.274008 70.872375 45.19523 5.5755854 35.621292 51.044453 28.259998
429 32.75049 40.332203 10.292971 90.03488 60.064705 48.922764 71.396355 86.39507 44.357605 28.952307 83.35523 93.59227 29.450851 43.796368 13.245773 65.97229 54.885777 77.7994 61.635155 67.80501
430 16.584938 42.496193 90.28639 99.98494 88.47434 34.948887 94.34388 11.719931 44.37347 61.53357 22.785276 82.35025 19.122177 80.777405 49.1864 69.46173 13.156992 91.95675 69.870445 57.120617
431 85.8299 69.795616 84.96185 58.320087 48.995132 45.239365 27.960777 54.859524 77.15355 66.22223 5.981344 17.458748 96.18167 56.711704 2.1041393 80.836075 15.88583 76.024734 56.290108 39.95713
432 87.87933 70.20741 66.46189 42.211426 19.209694 92.702484 47.715385 28.727055 62.455498 49.961357 17.776096 99.53536 57.42304 29.26426 79.92178 60.30432 79.91645 78.78264 91.37796 41.640343
433 85.21215 4.652625 2.941221 49.59663 32.77913 5.140156 53.143944 12.415129 73.45554 89.29358 93.05428 83.37672 38.785778 96.03631 2.778548 62.95968 26.668526 91.50052 61.435455 30.641312
434 49.058308 37.407745 23.900574 63.26726 31.453043 84.13747 91.6344 43.913715 4.605502 99.28023 94.63197 83.84954 44.695942 29.247307 6.7510366 37.14984 26.537859 49.01828 28.736485 49.614834
435 96.76294 57.276405 0.07196069 63.11439 30.910873 52.74812 51.827667 75.82916 54.56432 97.07788 23.971123 15.92626 17.80935 52.39603 29.763538 19.134409 62.12246 33.05165 21.037786 52.928745
436 96.10148 43.772434 57.067924 15.367329 52.149986 86.579926 98.67994 64.1228 70.23303 9.745306 82.06603 30.317766 1.1514843 80.34288 93.86142 17.107986 33.498104 81.7846 92.39461 19.583809
437 82.690384 46.149773 48.166348 70.80834 83.414764 13.023102 9.644538 79.32639 58.71674 79.59673 15.044397 82.21699 99.149796 46.46689 45.11654 70.99507 37.230373 28.163136 50.87573 26.97562
438 98.378494 53.10226 50.018192 19.991606 16.057884 23.28428 99.40461 16.811966 21.53188 96.38404 52.90313 20.757168 27.150822 31.48886 65.125694 24.690224 75.074844 51.953537 14.751082 28.913652
439 93.566284 4.865575 85.367355 21.98667 2.2754192 74.42274 47.809875 84.85924 12.170148 56.92382 53.101414 91.08464 39.86662 56.674522 38.168312 92.612686 79.10692 76.33944 12.918812 1.4900029
440 62.06877 71.36704 84.00143 72.720406 82.20929 18.127077 51.146084 27.900362 9.631634 19.193644 11.527377 18.685024 94.77414 79.456535 27.737385 44.618355 50.871944 33.937992 58.937706 12.643492
441 18.510914 75.63143 52.362186 52.28117 24.123669 10.477364 24.910534 97.91752 39.97193 80.67393 90.01881 80.08573 66.584274 28.625387 62.78885 63.578445 84.40335 86.51051 92.53918 59.52084
442 43.2321 43.06863 64.10366 69.313385 73.70921 64.92919 91.51032 84.074715 51.30613 97.63997 15.844512 27.648808 21.099972 87.27947 55.423187 53.46826 90.78081 0.7847607 34.727432 64.98251
443 24.0009 68.312256 9.269786 50.67159 59.33522 68.31408 78.68318 2.8941631 48.924522 52.60747 38.344418 15.293199 51.50702 99.40291 10.886163 36.849403 37.265247 54.713093 49.665295 57.888454
444 16.038162 2.2789001 44.867115 40.681828 99.353195 97.42007 44.217808 6.315708 52.860756 27.161175 30.600279 92.13184 5.608201 66.523285 61.130802 87.47579 11.737877 95.746475 50.928574 97.240814
445 28.263872 14.969599 90.932625 25.602467 88.26539 38.903522 85.28769 89.54349 34.885323 4.469758 19.19356 81.728325 99.75754 67.22458 63.41291 93.77127 85.78341 68.45171 54.14662 68.03305
446 63.480072 2.6966095 75.55998 73.1734 41.431927 16.658693 12.288875 45.487457 92.76157 93.992546 27.744144 24.582481 43.123287 78.746185 84.5003 53.539288 72.70454 22.746695 30.598862 45.995758
447 90.35204 1.9077182 81.87785 26.543343 76.534515 83.66625 88.67875 77.7125 1.794529 75.8601 65.26701 23.220842 36.06702 87.44467 13.378584 9.962833 13.25686 57.444637 95.383736 32.63979
448 85.33806 92.18029 17.113108 57.482708 35.592342 6.6515684 1.4544785 23.040176 55.13581 16.367477 58.99993 24.634243 68.34328 26.050686 55.46248 68.28501 7.987279 24.515528 3.010434 23.440182
449 40.74118 16.412085 56.373318 20.799929 68.09512 5.0638256 18.401415 61.29583 30.703098 22.726494 74.12318 99.571465 18.786366 79.50019 99.21263 85.14125 94.59083 46.88566 76.68826 27.10592
450 11.225927 91.45258 4.713255 54.521107 25.753635 45.958893 65.21397 80.207794 52.46463 25.012476 25.902832 17.229122 48.254086 18.3028 71.96768 16.018898 18.33229 92.66175 64.51988 78.128426
451 43.680244 3.6667109 33.789043 96.96611 67.2534 14.912957 70.48422 84.258934 3.576845 88.0076 39.74696 66.09806 14.753932 86.136284 21.296406 97.48709 97.78145 8.903533 65.872375 17.747635
452 65.24438 84.034836 42.64064 89.72317 49.830944 3.255856 52.1215 67.53966 87.605576 33.84284 63.284885 75.125435 14.607286 25.395834 47.13382 50.469894 64.170135 82.56019 69.34483 88.73065
453 60.520607 90.76256 44.884827 66.113556 38.88376 73.39949 73.07585 31.59402 68.78146 67.99429 63.993187 45.9786 39.747326 36.110325 39.57974 28.792274 75.69304 50.576694 75.22751 39.601143
454 53.08162 24.95877 21.160816 88.537094 0.39803386 88.11664 65.667885 3.187251 82.72335 42.87834 33.538544 8.166474 20.143778 46.861626 39.012486 27.437508 35.952465 87.67187 70.72133 45.925446
455 77.8831 99.26007 90.67986 59.64771 39.766884 44.132114 96.06919 66.2177 32.907425 13.1590605 63.64246 59.26112 6.0625973 24.5623 65.92024 70.403725 94.212265 22.661358 86.33734 75.754745
456 32.343132 29.415703 39.128822 45.24091 8.424484 14.714843 17.534918 53.074074 45.774048 59.637177 0.96078515 96.70542 9.374398 58.18279 74.70703 45.78781 72.714294 62.7774 83.01388 88.20529
457 74.774734 35.444588 2.2204697 78.716125 43.297928 36.06407 92.17914 69.08859 76.972404 10.502064 43.592514 93.993034 21.205872 41.35254 71.13151 61.870255 59.367973 82.11737 18.080097 7.3554697
458 82.45891 9.241706 0.43598413 74.74542 17.851526 25.684298 66.03426 38.90866 53.879517 22.629107 18.07775 19.726913 17.482615 23.33553 19.736946 92.69958 61.81153 73.59262 76.072845 46.138866
459 28.645897 18.214178 76.84707 34.136997 34.752964 81.72439 75.78835 44.218094 24.042833 5.88876 2.1182656 54.62908 49.74894 46.905785 23.698717 34.21934 38.13394 93.5665 59.71048 18.766058
460 11.707717 85.0007 27.527655 32.690037 54.024822 16.060596 83.20318 60.957916 7.244688 61.057495 9.072584 79.474724 49.29318 96.3931 23.327726 35.64393 80.22511 91.34841 44.481216 16.528929
461 1.8828928 78.46538 74.47182 28.02276 34.86821 32.938488 55.34764 32.76667 29.9452 39.404465 70.16902 0.70913434 84.09136 17.464197 64.717896 27.935373 15.38589 9.993923 55.071545 85.80498
462 25.714605 14.415491 0.94257593 2.9065192 39.88127 93.02393 86.3146 31.579918 47.21224 28.452946 79.28686 53.789894 44.254715 71.44591 90.715805 78.28818 30.889343 45.155388 16.305756 32.923733
463 7.3593497 40.892815 5.9132996 68.6058 55.677967 40.08116 35.2153 41.062702 28.99145 84.42718 63.331318 94.7544 69.18854 57.13997 1.8378437 31.980164 92.863 31.304407 28.772223 46.584312
464 34.219044 44.010128 90.17237 43.220665 80.29075 6.0900393 2.4690986 52.72233 37.615425 4.6995344 14.238471 14.883131 3.0129611 79.64512 94.59311 0.34624338 86.19348 92.33697 78.56502 22.08482
465 24.424177 79.29476 34.49513 78.23023 4.3735743 18.89341 93.54263 26.150566 42.52186 1.9208193 42.371117 12.412328 91.24621 2.7716517 73.83128 44.591404 14.988041 0.77023506 90.5761 54.167217
466 90.977615 10.065478 88.11235 50.58123 17.08281 84.44646 8.4715185 35.924633 79.78123 70.77812 56.696846 38.909565 36.405365 74.852165 39.476036 32.355583 75.12199 67.40296 99.849396 37.28322
467 25.082462 19.777208 41.90005 51.05576 28.387135 0.0076770782 24.160183 99.36892 49.572678 45.376633 36.179207 30.08755 70.94836 29.326422 96.89444 89.11382 1.0291398 63.959133 40.28244 38.098877
468 45.35659 87.3527 98.972244 54.650013 55.04212 23.307442 2.3552299 56.819473 68.35233 23.53922 66.07851 94.48391 98.58667 95.1776 35.068863 75.441864 40.440456 23.94886 24.376059 38.690884
469 74.129715 52.6751 79.68174 41.72665 37.970184 0.5645454 2.3922205 3.4799159 26.104593 78.88147 79.47879 95.62856 97.97718 98.45394 53.87198 28.762775 73.34015 82.40579 22.040361 57.821804
470 33.48602 9.59807 57.738476 75.256584 72.53529 69.46134 17.70199 57.71032 97.53801 13.931441 70.77424 40.168213 82.49889 36.618347 17.601639 63.34048 47.900223 90.50443 96.234215 48.653614
471 86.62874 3.5597444 38.871265 19.09097 51.228733 54.666943 97.32433 92.01446 81.98223 0.96729994 56.814472 6.096375 5.399638 80.78566 28.326887 12.9892645 97.29543 65.09165 44.32252 15.068311
472 51.78855 64.24557 78.126945 83.515564 59.43581 67.610275 87.31572 61.509747 95.47023 61.34959 20.991213 80.984146 88.02821 27.05326 81.6578 79.27527 50.626617 21.218485 47.673996 45.276157
473 61.372288 6.3777447 21.775604 0.012111664 80.8928 89.906525 6.271929 90.76817 63.273476 0.19723773 24.126965 63.223797 9.937059 23.686659 16.722458 55.009937 90.03885 54.723316 89.69453 4.5301795
474 36.262333 95.82214 35.438084 88.92401 69.64255 43.652554 98.843575 38.154774 98.03291 19.130003 37.29156 32.14621 20.945042 44.032616 49.166958 83.75238 98.67171 35.25484 51.014538 71.51993
475 59.853703 17.567015 92.35061 87.39683 22.039669 40.809937 31.044971 50.777428 41.44168 4.869008 99.6279 51.8809 37.200336 30.40564 73.95627 85.08529 12.295562 82.85066 87.051704 22.437405
476 17.089159 37.073647 90.82366 35.400955 35.741383 18.734158 61.59776 70.57246 72.84829 41.708744 28.231167 14.481873 44.10246 78.09802 7.0234594 80.90905 36.154186 4.888034 90.094986 28.908104
477 66.771385 8.921641 14.44105 73.77095 5.5567026 46.79094 50.076847 9.623968 80.63238 28.767591 76.72452 89.694176 9.664738 63.931507 60.083675 47.27367 30.249262 88.04165 8.154678 21.135056
478 29.954927 25.027847 54.197216 28.000551 69.23807 68.69639 21.116913 1.3512731 69.046295 32.57181 19.35036 60.39898 81.37219 4.7950325 90.20136 50.763912 46.475132 71.5253 54.164284 94.95254
479 50.2221 79.0279 60.715496 37.06588 53.32085 92.05792 65.58315 63.56164 59.510296 57.574677 13.403916 26.924044 99.47492 89.353836 59.29103 8.658302 22.866255 74.631485 80.08091 94.32924
480 42.91136 50.254204 64.36806 28.92515 61.294884 67.47244 15.915805 3.480649 99.00874 33.86453 95.24074 41.780598 69.42612 93.09134 73.2718 2.5479138 89.79012 41.24493 94.703766 51.561337
481 37.491943 28.269678 89.28391 48.736294 7.88846 7.914215 20.638578 16.727947 24.981277 66.34317 94.771866 34.787445 38.111843 22.137266 36.02639 29.43902 14.051795 75.9896 75.618866 2.380246
482 0.67396164 31.828285 36.951042 56.48366 6.031978 80.036705 69.40745 8.853138 54.471863 53.390877 6.509948 41.831707 62.72531 45.589478 59.888668 60.251564 26.234276 36.929153 13.898725 37.955643
483 35.732628 50.702156 39.771114 35.911137 11.9303465 74.002304 87.407974 15.597701 71.637436 7.3708715 48.35127 7.6189575 30.519909 56.458504 77.6683 99.800026 28.652966 75.79876 54.6671 99.852936
484 96.9429 7.8721046 93.202156 93.785614 91.20862 0.6860316 49.141674 46.68065 21.18693 12.721479 34.189106 81.671844 22.957403 36.72351 27.094 75.6064 33.338326 62.68313 72.32332 46.01845
485 55.81475 7.518524 96.02919 88.987366 80.71355 24.280935 24.740093 96.85582 72.89323 59.85828 15.280485 19.596416 42.484116 7.6177597 48.210724 85.1094 6.576264 33.51628 81.36051 8.491498
486 59.649693 82.0298 36.15271 65.230385 39.47825 65.7333 5.289638 90.558395 83.78034 41.24248 35.47496 79.362366 65.667 89.05516 89.20417 75.92565 6.6403446 67.96983 12.87533 58.518135
487 42.27857 61.385303 98.70746 83.90763 44.622505 85.88777 90.93036 75.01056 37.533485 87.91111 44.712055 20.213604 16.863077 15.524715 43.164974 34.775692 60.166996 55.988323 33.931274 87.86771
488 73.97402 69.85151 84.262314 68.24604 37.41524 6.1192036 20.713604 87.61695 5.52063 35.21575 16.671705 64.07631 93.95287 4.835367 94.57363 94.561066 78.68896 83.753944 98.09528 91.29354
489 72.55672 68.59743 67.558266 94.32039 38.02896 54.528202 75.68161 72.33812 28.773844 11.748993 83.49724 24.26483 26.725601 22.372448 92.22708 1.9815147 26.501518 56.113617 57.221897 93.1589
490 73.54155 45.796448 7.283777 55.251343 59.140152 44.998997 65.996704 46.03512 26.391602 48.28412 91.79495 91.2637 21.85952 50.17342 57.692677 0.1898408 3.4503996 40.936066 48.726982 39.25742
491 64.52224 46.80533 10.642565 2.9027581 75.76111 38.64435 84.13932 48.14421 61.937546 58.40764 78.65222 51.81323 91.50463 56.850945 3.2317162 91.53337 48.372154 41.504257 81.30336 74.8438
492 1.404804 1.429534 34.130455 46.459316 76.62414 88.036865 54.467453 88.14314 47.186966 80.34359 88.52314 5.934322 78.46935 72.4561 58.861233 37.727707 30.573154 72.47199 52.724136 42.969067
493 22.919142 59.99171 55.508907 83.33355 88.98902 86.35671 65.35062 16.847403 91.48171 22.772425 96.136826 1.4465213 65.97378 29.615276 78.51149 1.2118042 15.498692 81.26662 43.81109 68.56154
494 79.22582 88.37425 18.25946 17.910236 49.632137 99.941055 34.53901 35.428005 57.283348 85.31792 57.028984 80.57479 87.7062 18.085497 14.090448 18.371218 37.030304 44.809944 85.88048 87.546974
495 62.361603 89.42683 35.955048 14.735996 88.53481 44.033848 27.593988 55.034004 8.360004 37.4572 86.136734 96.08126 61.168335 70.21157 63.00296 48.275112 10.879087 7.326335 8.396941 44.961018
496 25.52039 35.697525 52.431602 51.016235 4.768324 9.699053 39.593147 78.95937 19.31495 25.109 21.696789 11.736173 38.489132 7.154769 28.919447 49.10429 92.351166 61.64189 47.858383 18.836641
497 67.34206 89.506516 7.141149 8.866632 85.43236 83.33413 23.749172 86.4034 94.58759 20.842922 92.325455 24.658293 71.313705 14.277381 2.288574 77.16486 36.196125 18.14711 67.10536 39.075043
498 31.890415 0.64094067 21.68175 49.919563 45.216255 39.022583 39.174374 4.0869713 45.164524 56.85999 90.82846 94.97283 95.13001 14.35672 1.4942944 72.961205 7.9701185 33.453644 70.613655 13.018084
499 88.06689 60.67831 41.609085 76.90875 26.002783 74.67659 21.22451 0.41737556 23.378021 46.516464 10.492432 15.279407 61.39083 81.571205 98.23611 26.980406 34.82539 67.24385 50.517143 56.585426
