100
20
0 37.403088 88.65167 72.067314 95.58454 57.729393 53.33143 8.970904 88.45511 79.17866 2.1358192 86.224815 86.50166 70.02651 17.188847 24.669838 42.579056 75.64724 22.277195 14.927167 53.06694
1 48.559196 14.798045 34.331245 1.7367601 93.87261 78.825806 95.70247 82.36506 27.246677 29.108631 67.493 96.168915 51.48694 77.8669 54.942978 13.326573 85.4507 60.505985 16.369957 87.948944
2 32.105247 29.825634 6.11555 13.2176695 47.59332 65.87094 36.08892 8.647037 80.2558 17.902147 57.93621 0.5179465 37.06027 21.548838 15.851116 15.740883 18.163383 26.361012 60.71006 80.31466
3 40.83818 42.78735 55.912964 38.05194 68.22661 22.025644 26.948023 70.54906 21.900494 23.940395 94.74853 63.00583 9.658885 96.87849 98.40704 75.28236 50.04816 86.09903 18.354637 16.6597
4 45.516968 34.843815 95.86044 4.6060443 8.727848 31.798285 49.38258 1.2092471 7.2196484 61.630707 80.19043 49.90319 75.29145 10.062331 57.62747 84.082275 77.66321 72.93951 73.80482 97.87435
5 65.22749 89.28855 55.3796 77.745544 71.16907 13.385982 39.915108 7.073903 77.086105 20.334423 41.239243 9.995926 68.75308 96.17296 93.87341 76.65957 74.13581 47.659386 34.21935 60.776512
6 70.584656 11.840242 25.550747 8.639812 91.23172 92.48712 96.30815 33.452934 94.00798 73.34923 44.64938 2.1110773 60.94127 88.69205 76.136246 36.004536 15.126443 84.30947 21.877056 20.80856
7 11.6647005 99.47697 18.990553 70.72966 24.705196 97.33023 88.07118 43.751556 2.3043633 80.89721 79.14003 69.833824 45.025814 50.280838 70.64608 42.846195 22.977913 86.89981 39.28588 68.66413
8 33.330906 29.669453 92.146706 31.015545 9.33711 29.784697 88.92139 78.37263 79.6253 12.400561 29.227179 89.75901 89.24526 19.857841 38.48443 5.436206 91.854515 79.84749 32.032955 16.000175
9 4.8827887 8.534962 49.408226 66.72967 49.86006 81.47666 33.750248 24.663937 30.79176 50.2674 41.52354 65.74359 1.0149181 49.18659 37.996788 5.6311727 38.936623 80.40017 98.73825 28.057903
10 65.07167 28.074783 57.76292 61.550915 45.54988 78.43548 31.517881 42.32661 13.509417 94.52222 93.77241 46.447258 11.347818 49.163216 70.41331 16.798735 89.54475 78.285065 82.41726 84.14014
11 56.642605 7.733268 58.729427 40.795063 38.97577 91.70984 13.831204 70.206116 95.94389 98.98274 84.40142 35.579712 29.15715 96.238365 19.201618 51.537495 92.834 16.194618 41.24276 89.71019
12 43.65814 4.045093 53.079582 33.51497 85.2176 9.952217 37.951775 0.21903515 53.53427 20.949883 51.233368 86.39111 33.487778 93.8678 79.6113 82.874855 82.64748 85.67531 27.50036 9.688992
13 99.71729 60.701244 30.888563 72.289764 4.098201 50.068176 84.1279 66.25234 74.6746 19.748466 32.740116 5.7851734 27.58702 75.08072 49.253445 16.040588 31.281311 54.36733 85.14923 73.69705
14 63.402195 88.10798 22.459824 63.844185 98.06863 77.122116 27.270973 23.196571 77.73345 58.703262 4.7513247 84.80273 14.2569065 29.265999 43.33266 22.721392 86.14122 1.7446876 12.831694 6.9402814
15 49.274044 31.144024 97.735146 29.757511 67.26446 9.801358 29.225052 10.889435 43.844456 40.58764 56.023056 55.981056 17.229128 49.74877 19.566149 53.557663 57.22214 17.484928 79.73969 90.66395
16 6.7232013 32.608486 56.29633 34.696545 85.707565 24.449015 92.65502 25.766897 47.333122 80.13819 24.036867 3.1663597 51.279537 15.870464 3.4528136 24.287718 21.490414 66.87395 46.07134 43.145897
17 45.98964 80.627655 35.685604 87.20252 81.25612 12.126994 63.654118 89.6189 57.708256 7.3425293 59.65393 3.731823 75.17468 32.86379 20.27188 97.17603 95.877556 35.307247 42.838787 14.68308
18 19.55763 45.448082 51.520477 26.503008 82.11821 39.07072 35.614033 79.265945 90.811584 21.900099 57.919537 18.882603 69.85313 70.162125 87.18811 12.045706 78.80378 64.62852 42.772312 0.6204665
19 9.552735 45.5419 43.07201 48.595184 7.7622833 62.51667 30.088448 96.511444 81.772896 29.108978 9.843135 5.924815 0.83712935 30.79521 38.622684 34.295303 78.847824 99.95614 85.57253 26.915115
20 37.2022 17.309343 77.24224 90.50772 27.916925 39.05398 45.005173 36.745304 26.456905 78.58934 44.121326 62.21451 12.905669 94.65696 37.431175 93.706436 4.0904164 90.559006 57.67089 48.823963
21 71.147255 5.963331 2.1581054 86.80683 33.900196 60.76748 20.64724 93.50432 11.523104 74.42427 31.592304 18.222178 88.510414 51.705414 20.54304 64.69036 25.316536 72.58546 15.159851 9.912276
22 67.51486 8.067661 99.14961 54.74519 38.415646 71.457886 78.64545 90.620705 4.2727413 4.749984 82.089386 35.050255 84.06755 49.152935 93.000015 51.99354 7.014692 96.91845 45.15264 34.628677
23 59.077698 15.87984 64.26571 10.697537 77.670334 58.665676 8.432841 2.8641164 63.1643 53.39226 31.989473 77.18776 52.707474 42.569115 91.53991 75.95923 11.119527 20.58366 97.34395 11.169285
24 14.277005 78.89205 33.581043 91.48501 50.495083 21.169651 74.14749 38.817078 27.086561 60.219147 80.13389 85.70413 13.721752 64.25871 6.0721874 17.462563 66.67973 24.993706 66.09679 64.30872
25 82.88843 74.10091 21.551943 59.725143 18.176634 61.725105 78.0863 58.79463 47.84781 21.41763 4.25002 70.96128 41.035534 4.560095 62.96215 67.9017 93.88233 55.453514 41.418243 11.423379
26 15.024185 80.46299 60.094856 36.381386 63.85514 13.255137 75.07759 67.66523 5.343276 98.424995 74.15177 41.809875 1.5875518 70.669174 21.67278 6.500232 10.723466 41.924286 72.46198 44.247482
27 98.14568 78.16625 44.700783 89.21325 87.32132 37.283646 86.43102 3.251475 30.785423 93.83472 61.786263 43.746452 73.368385 22.623772 20.011335 82.081924 5.4962754 85.75202 42.77417 28.223927
28 74.781456 34.78573 19.894642 39.89711 88.401024 26.429695 8.632731 70.44957 10.321152 64.89716 41.877502 59.316933 38.709652 43.140976 72.30749 34.90711 56.389763 7.1822824 55.761486 68.940025
29 36.492146 19.678736 72.13984 51.31072 76.18808 40.166855 67.184654 98.23205 32.226574 67.45435 36.06113 36.899303 65.70513 34.60474 98.94099 45.65985 31.894762 96.83665 80.49601 58.436848
30 99.89339 78.25377 66.62977 50.02822 71.33981 23.243214 91.75637 9.276032 16.385973 44.05412 3.8869798 29.68281 26.665646 36.734646 59.68008 21.861536 31.24149 5.31345 40.985943 94.575005
31 53.650536 48.72572 33.365887 96.69434 41.455696 19.178587 17.254526 42.141617 48.46271 4.915583 47.07916 5.0474825 32.35842 57.97458 12.541598 19.533926 74.40775 19.65244 20.75023 14.618576
32 74.51779 66.91744 15.875292 71.93819 5.0037203 43.686478 73.96012 94.8238 64.40306 66.25801 10.491014 99.56125 92.37146 24.62805 4.9058857 81.58249 35.81084 96.08972 43.5672 14.312231
33 81.743996 57.416386 76.56059 20.211273 44.938766 22.854418 66.29195 21.293217 57.84008 50.71744 21.090519 59.44089 10.994381 88.005455 75.29391 49.918842 26.91375 54.407745 20.564896 39.588673
34 76.35597 81.33876 60.00589 24.816816 9.482795 3.164345 47.091057 3.5639226 35.555984 64.1778 62.189793 97.61832 43.05564 31.669353 48.73065 60.653233 70.73652 50.89958 83.63668 57.32936
35 71.61753 8.05068 48.900177 49.927044 22.730423 81.21414 35.966003 99.18121 29.203236 13.919073 86.43162 82.62848 21.550226 80.16138 12.482941 59.689842 8.575034 71.72463 61.066933 91.04996
36 97.821304 7.964164 76.21327 19.111794 42.840935 83.144394 64.88242 75.17249 97.57431 47.67806 0.52010417 31.565285 17.789787 95.82576 73.987 17.737478 26.815998 65.003296 69.11705 67.7931
37 75.78601 60.048992 46.81081 33.43971 59.426434 1.6757488 40.82762 45.8752 68.25837 71.735016 25.398344 28.575575 52.18439 31.529331 11.100662 81.15655 63.13343 23.713367 64.34303 73.749405
38 24.10183 16.622877 57.076942 8.237237 16.005844 3.2780707 18.347698 34.13562 73.75205 49.750614 35.91203 15.079421 69.40399 80.7978 3.8679957 59.31407 27.905195 59.205894 17.095888 82.11723
39 53.200867 31.509834 12.893772 7.840067 37.538548 81.84374 68.66963 37.713223 21.036535 20.615536 97.64574 70.48064 63.16806 81.28856 84.52512 25.386642 72.56004 60.408478 63.81252 60.442577
40 20.451462 99.55899 35.383312 27.946049 79.36466 17.404598 6.926012 58.937813 89.14209 82.433 49.582207 8.990669 53.682293 7.3069572 1.5703082 40.075813 23.726696 11.551571 81.465614 13.202148
41 73.218796 66.126114 6.3424406 50.34258 42.4591 9.560717 4.949045 13.430035 2.9537022 26.890224 78.830536 84.81997 13.005805 58.51684 77.74913 4.781765 35.294064 63.117428 4.3479385 84.819046
42 97.54831 86.33155 57.798172 23.759628 3.6635935 82.586235 29.759247 79.74517 67.940895 31.20762 17.525656 13.944364 11.424703 67.928024 59.457027 9.78269 52.40156 89.8188 93.97358 68.80713
43 57.9724 64.17889 14.395559 95.380905 29.217697 91.41165 33.12267 56.938408 36.905525 7.666528 77.06066 64.543236 40.076935 17.058647 35.34179 75.31473 27.371967 75.47102 45.3523 9.56552
44 55.88754 0.967437 85.5328 82.1808 99.00122 10.186696 96.57919 21.139114 91.33168 9.051907 56.328594 32.707024 3.2788813 40.825523 19.112665 39.629055 30.898739 88.896545 5.611837 77.78906
45 29.78394 77.44074 3.7190676 70.85686 98.77477 24.796385 50.657345 89.18836 64.40156 4.412842 99.18842 36.86238 77.7181 11.730462 90.361115 42.66953 98.43991 35.328 27.598953 70.888336
46 57.929985 82.92777 64.30418 24.872517 2.5215387 20.99284 23.40533 20.225876 75.93314 87.11012 82.80957 29.364431 97.185684 21.367031 7.510829 90.5791 85.5999 13.547409 35.685955 72.64809
47 23.329807 62.05922 32.58133 51.250725 88.725586 5.736369 89.01142 91.86125 39.934616 96.51939 39.081757 21.720959 40.921627 87.81486 9.096479 82.482544 53.9586 86.17463 42.863243 77.085945
48 40.106934 51.74925 10.67487 96.56731 17.854202 92.493095 34.60186 42.34175 99.50478 17.88355 12.406647 49.86814 13.849425 47.324574 8.987522 93.64435 4.8065243 86.61448 96.937546 79.652756
49 80.954895 30.854029 57.28424 48.445694 56.042324 44.757557 15.044128 54.112785 30.597883 40.11821 50.73067 5.800414 98.70284 76.595085 43.804348 58.965157 39.851135 75.27318 14.222365 93.15718
50 55.78501 56.64762 7.2681785 77.17903 7.4159327 5.6642714 39.815037 86.5934 82.688675 68.88635 94.763214 33.718647 6.83496 3.2381773 17.8106 97.721375 80.269905 5.4045796 66.755325 98.7743
51 73.85218 46.95006 69.53551 62.388603 17.860716 46.49225 21.094513 30.160904 20.403164 8.55692 50.393528 23.814482 37.693714 13.608318 3.5113811 88.39535 76.410904 27.551819 54.372795 75.95005
52 34.92427 16.921448 85.38966 76.4211 22.378307 70.98163 91.909584 21.617138 33.32153 89.89037 99.12555 40.030396 90.7103 52.50451 31.858927 4.3777046 5.703664 14.781022 16.794603 14.741725
53 81.76443 54.28139 95.294815 93.10368 20.321543 95.06827 81.3822 20.221626 61.820774 55.159126 63.960545 33.86224 29.648972 23.34597 51.49375 84.29777 84.47796 19.091278 19.41213 35.00076
54 56.41649 26.669758 0.24588108 25.191582 4.42369 38.85567 60.245663 18.210632 73.22976 45.182735 16.950058 32.806034 33.094555 61.86624 54.271935 50.86814 16.742294 14.425146 96.23532 67.73633
55 19.431335 47.23996 70.09947 73.09559 25.106358 76.90477 63.416786 40.1279 25.752337 16.267836 98.309586 46.75505 38.304665 44.305622 77.20193 39.588593 8.708727 62.052353 16.25489 82.98198
56 54.9694 68.13829 71.23665 62.06863 8.352357 78.31196 72.48536 49.88502 96.42418 53.686005 44.528435 19.95402 94.53777 52.216484 66.9034 22.683424 88.93813 69.77643 87.443924 27.576368
57 19.196718 41.605663 80.97259 14.822441 38.560562 65.20977 34.76342 25.923634 75.4646 23.056221 68.651794 20.502096 39.40827 1.5997589 70.18518 47.54386 70.20513 54.001255 53.199524 6.573921
58 25.9067 51.934658 67.70713 25.46562 75.170425 39.46891 87.59063 14.904928 52.239876 94.34145 44.47422 18.416096 33.850395 31.9957 27.010584 75.07762 58.143063 51.336895 16.964436 58.69966
59 66.006836 21.88301 30.739689 81.689316 59.17596 86.27514 97.79688 28.80702 29.95358 94.20358 57.712658 60.533607 81.74316 70.75221 43.980396 38.15676 73.83603 38.82833 45.136433 33.59142
60 48.382465 79.40357 69.08131 2.328378 31.479382 0.23159385 62.771942 94.028404 7.220668 51.83169 61.574165 23.727863 95.81646 44.94689 16.832806 19.290274 91.00015 85.32626 9.5493555 34.833824
61 33.472378 6.282812 36.92718 82.9069 85.70877 86.59073 17.986763 93.00431 87.7748 38.27262 17.06612 73.76073 86.59912 15.8642 18.964678 9.281474 54.27478 73.81885 97.48467 95.34461
62 20.262491 2.6290357 17.458422 52.713215 2.8047085 35.607952 67.86969 96.9284 15.426517 98.519745 85.79321 96.417984 63.166313 92.60793 44.560814 83.57362 12.27445 60.099995 18.351072 61.95102
63 87.732925 89.82548 24.388742 62.57975 10.338068 21.849949 84.7916 74.48725 53.566788 4.4871807 46.037823 10.215134 68.39483 28.007359 74.83167 62.918175 69.09351 97.922806 96.16726 84.48046
64 86.30413 40.83116 10.539275 26.166964 5.94213 39.167 81.99819 67.17181 18.346142 32.407463 13.131863 39.858257 85.250786 73.65864 54.671467 91.65508 90.38079 97.29339 50.42968 95.935974
65 9.554302 98.405975 8.403498 1.5331388 19.023317 94.09512 58.399765 51.9045 46.31145 83.59836 99.31542 89.78131 60.036648 35.50225 25.63646 16.075808 37.19594 49.88412 24.783253 87.94682
66 45.269882 98.35125 53.159367 10.536921 28.466808 70.39711 79.25452 10.651791 2.7259946 17.9668 53.570007 34.509224 92.05015 17.102856 55.69942 11.909342 92.720764 64.33038 33.393253 97.3532
67 34.405415 12.148601 93.21236 76.65672 34.59894 71.55132 10.340232 2.6791453 70.81625 76.639626 80.752106 53.42885 43.102383 6.6662846 53.264183 42.856407 76.436935 91.62765 14.606768 32.240326
68 41.239094 18.969149 96.74097 6.67094 12.241965 99.08541 72.89223 85.51347 67.380615 6.873554 74.49132 11.962628 63.967884 74.25467 14.24045 19.28432 48.31951 75.736755 36.27175 49.78127
69 25.202703 94.99328 29.806637 26.938284 67.14732 37.12365 61.396492 66.93179 1.9696712 18.610264 77.82199 98.37153 15.067423 17.666126 58.712643 19.736582 15.468675 52.165974 8.141356 13.7437935
70 79.635994 3.973204 47.63637 3.4246385 32.079823 68.327896 40.582794 42.88271 88.42845 48.973614 47.767563 98.76438 55.30029 75.610756 95.32866 78.919426 96.757195 4.622918 65.63598 80.38905
71 72.97681 99.19294 86.25563 57.8798 80.82095 26.083351 56.29189 99.72042 65.01261 66.48964 78.78347 54.72481 73.5444 13.285059 54.73926 89.47891 41.66919 20.2761 82.680336 0.7286489
72 59.371014 17.203403 17.61996 36.47493 0.64935684 1.3930738 97.23476 37.1022 26.400835 40.237732 89.09235 34.70847 62.339752 52.9294 51.302338 5.414361 59.518784 2.7526915 6.507963 61.760967
73 66.90725 98.26528 83.95764 76.63306 46.538017 31.144077 91.27506 18.045467 94.3851 36.472885 92.82967 37.502415 60.886852 46.716946 28.207993 30.6881 99.45111 80.30929 36.671684 85.49199
74 78.99654 99.21444 22.696423 51.64613 36.291515 34.400032 16.314024 31.69865 88.301125 94.01167 39.18884 73.12447 85.76058 74.19982 73.8711 74.85105 42.639698 7.7897015 66.76958 42.43512
75 86.98757 39.930183 43.92147 88.96126 25.85491 73.93038 28.019064 83.150406 18.64882 3.9322376 62.35246 62.18768 91.51081 45.92388 45.88197 19.73356 71.31424 4.735941 88.658585 35.117867
76 56.906956 14.7560835 9.928131 58.786644 1.5940845 66.6355 25.705564 12.949306 42.944473 64.54415 38.17634 1.6382873 61.252953 39.673824 27.319443 67.94096 67.90381 99.614296 13.561124 50.20042
77 50.024586 1.6774356 68.53301 6.027746 22.822773 65.76631 85.15802 20.855486 49.55246 61.346127 15.919238 44.634594 78.91735 18.645615 63.442635 99.59239 57.69737 89.39035 76.16426 37.496567
78 3.3667803 62.943954 6.1443863 55.69174 57.394905 83.322296 19.880056 86.685616 88.788025 97.575966 86.66559 80.967636 22.311813 40.7451 74.62954 2.0645022 33.854145 54.029392 60.571922 36.905716
79 82.74189 75.84778 56.234505 4.0325937 47.764378 7.7627125 97.32048 72.99378 49.49838 64.3018 60.659565 16.698074 89.653275 75.82448 24.176556 26.123577 21.001083 42.868584 70.11277 65.505394
80 95.52959 87.79473 37.180763 23.149431 79.32322 21.765274 36.476387 75.866486 89.96487 31.699408 70.06298 86.521164 14.653945 90.19968 92.77877 67.4887 27.505589 31.724512 76.15994 86.366035
81 4.449284 8.473349 9.141207 52.86201 59.66127 10.357702 70.67842 91.47629 13.485384 83.665184 53.480965 77.762535 77.32539 24.01052 1.0559976 46.366184 74.09454 20.146126 39.224648 86.648926
82 35.614388 38.22548 61.706688 41.89396 52.055733 21.038795 42.38353 56.472843 28.364235 26.247877 46.098854 52.901726 2.927953 92.2244 48.565186 18.694067 42.90279 33.043037 33.89789 87.90797
83 76.055855 66.61219 46.843452 81.18544 92.22023 45.765453 43.816376 33.094494 29.043823 23.12529 21.881336 69.23236 91.28851 51.23704 43.84965 75.66171 74.18585 22.219908 8.299213 27.97619
84 17.035044 41.16761 99.73466 60.08307 90.15509 17.743223 62.00323 67.4201 67.35431 46.6513 59.75538 64.8716 97.1982 33.548523 72.03665 85.510864 13.545359 44.898586 19.42811 87.17852
85 12.146341 12.524438 83.4892 74.829414 22.691917 83.21432 83.135086 87.87591 70.745674 55.558437 27.097654 4.067439 11.7556095 7.90776 41.43507 80.732315 29.126942 68.44304 54.39296 66.73694
86 83.53199 69.12179 12.564671 45.87253 33.674942 25.846321 58.597332 6.454289 86.12273 96.49382 54.55448 9.919495 79.12517 43.206875 20.947134 60.659645 32.206284 5.11201 40.418945 63.04841
87 58.4063 19.776356 59.715187 12.777197 12.143445 96.40606 3.039354 76.640305 44.563694 79.0212 74.92858 6.591338 35.832726 64.412544 98.64435 44.304054 35.040188 86.208405 75.62606 56.00835
88 42.234825 4.280859 8.202494 93.743286 31.657331 67.23835 48.47128 78.39252 22.614061 46.936077 94.57669 7.276094 25.831175 87.65122 76.63635 90.31052 13.798636 11.491484 59.95028 44.77312
89 7.8734217 76.22154 46.09232 30.787033 31.140608 75.30368 2.819848 84.36108 21.670002 93.66887 82.7912 19.069427 27.360159 10.489374 56.760048 83.44615 41.59564 53.750904 48.696667 11.418545
90 83.087814 25.27362 4.200691 15.4436 57.21427 1.3683856 87.21824 94.58755 57.672127 78.71496 97.616646 56.056904 13.131756 40.29983 49.326347 42.419888 54.69919 8.153809 87.816216 77.03194
91 66.30847 81.79688 50.47356 66.392365 85.67434 20.156235 54.42387 55.01858 91.20608 54.509907 5.4195585 10.948533 47.445274 47.775948 57.188217 18.504227 84.33392 76.076256 63.155468 80.112305
92 64.19964 69.63314 78.40643 36.740746 94.07707 37.192337 17.345488 33.14123 83.24927 19.60969 6.5413656 1.1683941 29.129309 90.10347 99.051704 53.873337 55.31683 89.88589 19.017918 62.04727
93 79.42089 65.18421 67.980354 80.94094 74.66993 44.594704 58.22009 60.838932 17.122305 61.644737 6.0857477 84.16956 2.2012115 16.545391 58.870613 42.337727 32.121395 71.38755 83.09038 86.249275
94 45.432346 55.268948 77.260086 39.633648 96.31313 98.65155 7.327807 58.160736 23.423279 31.063866 93.202545 99.69525 44.107246 32.319397 97.28718 61.857384 1.6972959 76.77118 4.1299343 57.69348
95 2.7504742 12.626785 9.336126 74.34991 42.546333 66.68381 7.3975983 74.14411 5.3768454 9.500992 35.321407 3.6086738 79.45969 90.295876 71.65856 20.52858 72.14041 95.86902 40.094246 98.59434
96 90.92348 77.52339 31.074196 36.260067 50.351524 56.014175 43.48005 63.246227 18.466812 71.578674 97.164085 82.69369 63.229126 16.423058 63.80982 7.402831 46.584763 25.856447 72.258224 88.33659
97 28.6978 24.553186 30.853176 6.3982067 38.047005 21.990442 65.799644 13.496029 74.59988 29.564995 44.840683 95.47247 97.10499 67.66516 60.155785 62.310173 94.759254 38.299908 5.2356777 95.15434
98 15.23931 34.818096 46.13207 35.43879 61.5249 29.649729 58.01366 49.418076 39.342922 41.543602 50.041462 47.64773 34.7386 10.950738 13.429636 59.686577 90.61479 64.31036 3.9686084 31.103283
99 84.5128 91.14919 67.6019 14.647352 53.942364 91.03019 68.777664 7.3993864 75.77069 27.223223 20.712942 48.367012 52.180172 90.06654 5.4477873 39.173 46.192326 72.709404 22.226215 7.3349714
