500
15
0 74.19767 76.663284 48.709476 8.234138 15.382629 72.7306 29.057425 20.359629 62.163578 4.148775 51.432793 93.000565 27.04292 6.8707285 60.07503
1 82.96291 82.67938 35.602398 86.603905 90.839424 91.68122 78.28024 71.33059 91.67827 59.1197 53.32492 43.518578 86.05801 70.55473 86.75348
2 50.869728 46.292835 49.53181 58.437435 89.56169 57.927437 68.8823 91.753456 79.3976 74.52897 20.459562 27.358013 79.92612 84.84695 55.45736
3 53.90861 67.69175 14.301324 71.031525 70.64633 21.0846 58.90286 33.99144 78.555275 55.64306 48.34408 95.81709 58.342678 51.25014 8.176547
4 88.725235 10.071861 34.64654 98.57226 75.05254 36.5726 61.314194 41.83109 3.5048246 31.707489 54.38022 63.029213 59.06101 36.45778 43.131012
5 91.307495 58.305466 97.18975 27.451633 44.385887 70.03878 68.26827 18.520302 19.88687 40.09565 57.603516 50.958134 75.695404 78.85227 1.2709618
6 71.98936 12.425727 65.96939 49.86458 22.6982 96.47019 27.088058 52.87326 82.929535 37.247623 5.6346474 81.56912 41.587807 70.13672 55.321033
7 49.43107 28.921158 92.97478 7.6310873 81.08177 46.77694 62.536682 67.41321 75.48412 10.784519 14.509374 79.06054 81.432304 68.02796 20.381248
8 7.6284647 98.20163 32.143795 14.4248905 42.148582 71.922935 31.108892 98.42871 52.446175 39.465565 51.52448 78.70358 92.61593 82.305214 86.271034
9 84.6438 22.179335 69.288536 13.383812 19.057083 14.62338 60.967533 5.3218007 63.710506 98.8504 11.157608 55.977776 7.9928875 64.964325 70.78142
10 23.370064 41.00828 96.25077 82.41508 88.59688 87.340126 25.213867 54.086502 85.01264 21.524965 65.70741 40.9317 28.457027 46.12396 34.70386
11 11.751586 91.54706 1.1679411 36.802937 73.09737 88.41072 9.478724 59.478264 0.33073425 35.737007 81.54838 86.14296 37.548782 10.647464 66.71552
12 22.793388 76.04067 53.723495 63.551624 99.23721 74.07331 48.681576 93.71101 21.262772 4.6177626 19.865871 9.870219 40.658684 97.77248 10.1790905
13 92.459755 77.40656 12.069744 59.613537 92.16411 75.86754 24.838358 86.55471 78.93332 34.150475 72.91958 57.95042 54.626102 94.43448 18.190575
14 11.773336 99.3151 79.72949 19.745659 96.52066 32.46871 68.87044 98.740974 12.419855 44.230587 2.486676 10.654849 61.235607 61.21202 45.86767
15 41.197884 33.85477 60.76868 14.217645 9.781588 23.97824 0.64021945 7.4795303 62.091106 53.151886 32.8903 47.996284 19.988596 16.962957 75.90804
16 58.614204 12.093533 18.518566 12.246412 31.827623 56.651592 86.37475 7.5163364 94.18999 4.734671 87.02765 33.47832 63.00882 66.74245 33.103336
17 61.73951 74.39777 49.245964 67.74426 40.748955 59.739365 78.38238 22.704262 3.5757184 89.738625 6.547296 15.709406 85.55449 46.3068 12.618631
18 74.16027 75.40397 28.852337 54.27864 63.746506 29.791594 36.084503 1.3852894 17.58275 56.270767 71.62529 29.300291 23.685492 2.6063085 12.612945
19 33.4408 44.68444 79.09184 17.663712 14.229643 36.353397 14.726246 73.19642 93.53176 62.67092 96.04327 25.94108 48.35214 0.5589783 29.778803
20 91.731964 69.114845 2.1399915 86.02905 85.27591 72.63828 65.30302 28.52363 77.89767 73.67528 22.644169 92.35102 57.26915 63.6185 26.57476
21 78.97854 58.36255 76.01282 5.7632804 63.569714 33.427723 71.511795 30.34882 43.093758 82.34038 30.82295 24.850237 46.033592 26.423573 54.273933
22 46.77589 8.930153 58.595074 77.48299 33.05465 42.666946 71.785324 91.125336 47.064453 36.222965 63.915234 11.159992 16.795307 9.345269 50.792015
23 66.6384 84.17958 42.763306 24.110788 33.189373 20.543926 7.5500546 57.936405 39.608353 51.23874 39.20539 57.744717 56.129982 60.59903 69.98343
24 27.04774 49.701736 67.363716 40.70836 90.098015 72.98365 10.470176 64.43606 99.01152 69.27039 19.751257 45.24728 90.27621 99.77419 58.559196
25 60.44034 60.99671 77.739204 72.8543 70.47873 57.90099 66.01267 10.016459 13.103837 12.198221 21.619629 40.81937 83.722046 87.49049 58.53315
26 28.966671 79.006615 14.325232 24.471176 7.7046337 42.91826 68.41707 20.764763 94.74006 70.1589 66.41371 28.02707 71.50717 90.35434 36.24149
27 71.71337 76.31115 33.75436 3.0139208 78.22018 82.65668 5.4914417 77.25776 36.757755 12.83896 17.816978 52.40152 17.989672 45.38697 28.41112
28 2.2426188 75.82257 25.018465 45.82826 7.183516 12.518376 51.27538 11.194944 47.689377 53.57213 71.895096 77.034546 53.51785 11.945475 18.244099
29 40.978027 33.215515 20.976389 10.859948 73.37253 77.13823 51.618587 15.446538 5.468321 2.36879 67.93213 14.735067 28.814375 14.473319 0.59381723
30 64.715454 39.399 0.71680546 62.57979 49.174603 42.422115 45.37221 95.36202 22.628767 98.6821 99.890015 14.5381565 16.04883 32.51428 30.295586
31 37.673836 63.752586 57.957424 59.158413 86.486206 24.044603 96.086006 79.304794 92.85582 5.2502575 16.781448 27.157217 31.353527 56.407196 14.987129
32 2.7786016 98.15433 35.799767 29.876787 25.53711 50.83763 67.564804 98.351006 34.510113 79.41352 37.640945 47.663452 23.599697 55.048645 55.318516
33 29.380316 36.68399 78.78815 19.577896 64.7191 8.38893 52.788727 23.346848 53.83393 93.2067 16.211636 10.890704 25.866121 78.24463 17.305815
34 69.96538 7.422781 72.96031 42.984177 1.3646901 32.259117 39.484077 53.318085 13.3985405 29.810423 97.772804 97.11534 51.024174 23.147387 65.663055
35 37.687756 91.26181 54.027653 81.245766 36.95007 34.66177 82.91249 86.77788 18.329775 52.51912 91.84855 14.052844 12.126553 30.882889 37.531998
36 11.804748 33.77297 93.871704 58.038776 58.919926 29.058922 13.139462 59.796078 52.13355 59.24833 79.35092 89.3752 84.22089 81.9074 51.105278
37 98.40466 5.737674 94.26108 21.829016 17.949068 8.970207 49.392845 84.749725 82.49837 82.33224 81.3102 98.22829 52.5035 53.966503 2.8323054
38 90.59522 30.227392 98.307625 85.75123 16.400415 6.419003 93.93866 31.416767 19.897907 7.6382875 46.886086 72.75494 50.964146 86.44936 83.76888
39 67.02167 51.869713 42.459263 53.73359 88.896805 17.830992 22.423225 88.2147 82.735405 71.564064 96.290474 61.1699 93.1191 62.714947 74.865204
40 79.02457 46.810486 51.67637 38.25668 45.154583 84.63935 97.61362 4.853463 75.939354 36.88668 90.26422 43.355076 58.387012 43.836136 31.06466
41 28.419096 98.79471 58.1048 32.271255 59.532333 10.143518 36.225098 2.922666 6.405902 66.786865 63.12458 81.74248 48.95031 38.885033 29.345196
42 52.46831 39.947365 27.93727 42.07929 93.747795 10.95084 7.203704 37.706993 19.852608 51.581062 26.888895 36.14468 20.284372 36.9058 50.337074
43 41.912228 5.195856 32.508804 22.389824 29.668982 72.80733 30.439335 39.263695 24.635494 87.10219 27.624369 47.167374 92.70543 55.542244 50.434948
44 77.304054 28.366262 32.916813 11.668629 62.36869 78.30836 18.361872 98.791084 35.18598 67.64121 16.744816 82.235535 96.34131 27.098251 75.76316
45 80.064285 43.693752 21.954138 98.06648 58.34031 73.24992 95.37083 39.35992 5.940199 5.305302 94.61249 3.7256896 26.874851 30.873316 2.419722
46 15.310091 3.898096 56.632214 47.516777 99.13424 23.51334 98.89779 87.76181 25.225628 16.48566 12.012064 12.171114 30.726421 69.494514 59.121502
47 79.59882 19.366867 45.296375 45.263145 33.19008 71.01458 11.195201 37.206387 2.1184683 64.30221 2.0427167 21.396564 22.149235 0.037688017 25.523163
48 81.96224 91.1325 3.7176728 78.04418 72.99087 86.83363 12.561554 60.895443 72.62008 45.069313 10.690128 32.99978 26.969654 53.770607 49.080544
49 80.93168 57.149582 11.482489 72.49154 34.090645 26.682562 20.39032 10.487139 65.98027 65.3982 98.0067 74.870674 47.258995 61.475418 57.23936
50 31.217098 6.2084255 59.676815 1.0868013 81.76266 93.935616 11.345309 30.379974 53.744324 89.22548 82.38994 65.825386 38.50552 38.538593 37.81153
51 29.439295 68.49106 45.072056 35.40585 25.938702 61.896904 64.74219 3.7936509 67.73014 57.53532 61.896103 79.08465 24.080324 18.802982 31.815052
52 85.07288 67.44693 7.9388914 26.749933 70.230095 79.68651 36.53546 76.25317 43.823242 55.1472 41.085762 77.68074 67.70359 54.01671 32.84158
53 38.4834 70.73416 70.56145 38.1121 75.650444 22.036345 60.207237 1.1058986 49.58958 66.40621 35.230835 28.325314 17.808783 31.098484 79.92554
54 37.241398 8.81353 24.986952 36.554493 47.45136 17.257135 87.73143 77.60728 48.751587 19.009464 3.4239113 57.535057 65.615425 68.678566 67.22259
55 48.277645 43.574066 24.280907 8.246994 22.843187 31.153076 4.072982 2.5991023 95.60317 56.569843 11.704922 8.452618 37.77889 75.66484 18.324709
56 73.93988 13.089525 34.901844 97.34955 87.84723 68.28929 78.16899 10.442758 94.25298 33.235657 70.049614 15.715641 83.11783 47.40985 91.77348
57 43.052654 8.938056 16.973871 33.83651 71.28563 14.9323225 96.32772 94.97946 70.08178 38.450974 78.87008 48.599213 91.03703 8.532846 16.723282
58 41.545273 20.568562 84.510864 82.328125 97.50861 37.579666 17.570103 45.127583 47.78105 55.139023 89.03693 93.4363 60.054787 4.001045 10.337114
59 59.740818 74.21067 30.932682 81.97548 52.114075 39.837795 13.555461 51.095806 95.48872 29.729063 20.622772 79.27511 4.861265 37.06007 90.00778
60 10.850149 54.050888 50.69934 31.664377 95.49048 44.68162 6.4946947 47.743988 71.70454 92.17708 84.87563 63.01702 16.843145 20.64727 33.208214
61 74.68614 46.85648 33.8146 40.60382 18.326855 40.04013 12.089878 52.945232 45.600273 24.307621 79.40183 45.44399 66.91659 19.74901 10.54917
62 41.83607 8.561486 56.537373 79.14001 95.17454 6.9197536 83.35051 16.378706 0.96767545 33.14138 60.668583 96.13753 64.07951 38.50919 65.437706
63 36.30353 65.36177 95.308525 64.06486 10.027856 90.487076 99.40773 86.50315 63.2438 74.03334 1.0837376 28.834194 1.9943178 47.718273 49.73261
64 50.353294 30.362934 48.056145 18.667524 15.373832 18.092066 59.92208 18.713177 63.01186 57.568504 36.941338 97.0578 99.87641 29.339403 24.713528
65 41.934933 82.22186 50.58853 10.1385355 98.10201 43.627613 94.25795 60.098637 24.501097 91.12823 70.26537 90.09821 58.47824 22.960615 82.372826
66 1.8610299 62.866188 52.32102 62.85398 46.08779 28.275984 67.89289 35.64136 39.40154 46.08447 39.14156 30.88076 93.83286 3.6477923 24.756027
67 28.86073 92.96354 35.82934 60.00169 28.513891 75.05889 82.42892 53.539394 39.811855 3.2432377 93.77797 88.438866 85.41539 23.137558 23.672873
68 94.20364 55.229233 25.575321 84.81888 86.727615 98.68986 56.29596 84.72651 87.88013 19.64302 95.20106 35.028393 64.09037 83.81417 78.22562
69 42.769062 18.6576 80.72201 57.567154 64.47507 41.898407 42.327286 7.4322405 81.665436 49.56764 96.953094 38.170177 46.64976 7.726395 86.5783
70 1.2962759 39.53463 62.415344 51.324707 60.152596 68.68193 27.721548 59.97608 88.56762 67.61019 75.2621 58.139004 4.6732426 79.49132 52.471046
71 4.9527884 74.89759 46.7702 3.6524057 59.159344 49.015965 16.637295 95.39923 60.248356 40.014397 44.540108 52.08666 80.00687 10.466987 96.866516
72 84.69847 14.142638 2.2777438 72.42267 70.777336 58.0518 70.1828 40.22276 89.89543 0.90621114 86.6019 21.084696 89.38581 59.00228 50.586647
73 73.07108 2.3771942 4.01057 95.11554 9.231525 44.222397 70.975555 72.27341 21.50188 5.5489483 21.532839 46.43051 80.92548 48.302372 2.0432591
74 21.968752 63.318356 4.7682705 56.709705 19.020695 25.655716 14.685708 10.074722 21.780037 54.17468 99.79799 19.73995 6.96587 75.642395 32.688683
75 62.15915 1.792866 81.41994 73.242775 65.70409 72.19455 55.65908 13.840413 54.969585 43.00837 27.81654 37.282024 47.864742 56.363686 22.082859
76 69.86767 27.138597 75.683014 46.53992 27.984327 35.630302 97.64173 29.93263 58.526516 60.04773 89.32396 58.72968 61.58641 32.10945 82.91597
77 9.331715 34.75933 94.3896 34.909294 85.35061 70.34224 27.453304 54.323494 16.131681 74.44101 86.44388 77.34424 16.235262 16.895432 41.076702
78 80.50921 45.36014 95.888405 90.214935 86.73037 0.9180784 45.600933 38.36955 97.64342 60.706013 90.34193 79.41161 40.71667 18.234348 66.8195
79 55.65371 22.98506 98.431564 86.788734 16.705906 47.01748 44.64553 85.931244 30.910528 44.65586 49.901176 18.781895 36.79 85.12373 94.86575
80 82.66201 17.198462 95.29439 13.342863 31.319977 34.457672 9.300566 52.602654 18.289232 50.699936 24.388075 32.50903 64.386955 39.268368 51.155354
81 44.088924 98.391426 55.981087 94.33502 7.5788736 76.41227 14.309239 9.377116 32.56914 47.028076 97.31746 38.666378 71.945755 25.696014 38.1523
82 16.689306 28.020054 54.58451 26.833416 37.364037 77.45831 10.754567 16.311216 29.624397 13.120336 45.988857 37.72242 83.83715 20.235289 81.57689
83 21.333921 95.42044 83.84945 78.60595 3.9599538 40.875107 69.34934 72.942154 79.1245 12.155676 91.083374 19.835579 76.69036 8.773213 31.476461
84 78.234245 3.1697452 13.1791 48.16831 73.29027 11.863351 57.831562 96.03278 77.599014 28.052925 74.96107 38.69169 19.4003 23.715656 9.556216
85 57.37189 57.82529 8.969027 68.6795 18.533104 11.391508 94.33748 86.14582 3.2911897 12.990702 34.91321 50.17361 56.766205 20.803833 20.833374
86 86.22574 92.39675 94.69872 49.795883 10.338664 1.095581 58.06644 48.481285 86.2957 16.801907 88.64328 87.94502 88.60125 85.251274 3.1177819
87 20.813375 11.985594 61.185585 30.27261 8.28827 85.8066 18.1266 68.65674 75.68651 70.96845 24.412132 36.48405 54.964573 99.66525 7.433385
88 84.33338 30.179947 90.25805 65.71523 22.566795 81.196884 45.848186 74.26187 34.035946 26.552408 54.62285 73.874245 94.01956 47.964703 20.885796
89 9.170967 0.40287971 56.509895 99.976616 34.86205 51.405483 49.347202 9.217519 5.297738 70.786705 41.680603 75.86025 91.11942 23.066633 22.364616
90 36.05527 79.463234 37.119083 24.462408 54.507954 43.9115 45.305603 70.727745 20.16539 58.36519 78.473976 15.303188 30.495054 49.147808 42.552006
91 69.112404 86.23999 63.6863 49.59864 49.993706 24.593527 96.59828 21.0666 17.40762 55.220337 77.31008 11.279774 33.6972 78.215225 42.613075
92 78.89617 82.84349 42.750828 5.8246255 29.134666 87.20961 0.7017195 87.255104 52.07726 1.9866347 60.884083 92.10784 36.265152 65.338585 10.723602
93 48.1799 62.497093 14.298111 36.223537 41.025997 2.1844566 87.30923 95.18093 85.64817 6.3552084 64.28091 28.881842 36.140747 75.52502 4.748851
94 94.250496 75.732124 23.829388 40.200893 60.94928 24.808062 71.25778 34.07276 9.604359 12.077654 20.334698 13.947302 40.608257 40.165764 54.50131
95 96.98737 24.328249 40.50994 67.67461 8.805847 98.59604 10.244626 32.471455 45.346687 17.697 95.3211 99.41828 49.749588 37.409443 76.80134
96 3.720355 94.74266 55.718403 11.254114 28.998274 44.309597 30.461544 9.459853 29.535793 54.979355 39.23561 30.99804 61.308098 1.1696815 98.3419
97 54.360985 86.21987 24.975592 95.38207 14.435471 38.989235 18.336302 32.398243 0.7583499 28.938574 14.660109 5.3121567 82.93379 63.13225 63.066925
98 32.048798 83.86199 47.931267 67.06779 71.38413 99.64764 54.77702 21.697117 71.55112 67.719475 26.092136 80.115204 40.351444 95.10076 78.381996
99 19.088577 14.394373 68.03728 13.28293 69.428185 15.621924 96.2413 31.342798 94.62752 49.048786 81.58381 17.209244 71.11342 11.273498 6.7151546
100 14.675403 74.5347 28.496975 86.17854 73.2901 56.511093 23.268986 16.278017 39.139557 98.7055 57.788666 63.260017 96.673325 19.734669 19.19133
101 88.067406 88.36295 44.380463 88.80143 73.63887 38.396854 3.1986475 76.824554 83.88174 55.93713 38.653778 49.456673 86.28018 64.66871 46.354694
102 34.034782 39.664345 96.99091 67.15909 55.831318 19.82283 53.336056 78.500946 47.659332 96.06615 86.40773 67.22924 29.922264 7.0317507 54.836548
103 27.798903 97.49098 22.261255 55.637897 40.40847 73.26186 33.49231 96.27259 85.52691 12.948317 45.11598 87.96753 31.402565 27.149279 33.594257
104 16.72194 47.118546 44.65207 10.361946 88.14045 98.384674 83.953896 49.216103 9.495794 49.679066 50.88111 57.600395 6.390065 43.031334 0.76328516
105 69.508835 12.777954 39.44233 19.760847 86.76499 89.22306 77.745415 6.589776 73.79146 33.92654 32.025272 2.0405293 30.096596 49.706882 82.22965
106 87.41607 93.808784 14.692205 73.35659 86.44496 20.734198 98.54844 41.906578 79.55158 96.46561 44.704628 69.800606 9.840006 66.70171 53.91124
107 66.63743 1.0878503 63.63917 8.8014965 32.267166 57.830173 97.37153 52.703552 59.775032 3.6824882 11.785579 10.122138 70.99251 77.910446 48.41119
108 18.98039 44.792385 32.467865 50.793777 45.36027 85.196075 96.9235 90.770454 6.1370134 59.560722 40.571754 28.904205 21.16837 14.96228 7.3272347
109 89.441765 18.732082 96.8081 16.553968 48.497307 91.42844 61.46614 62.656666 98.52802 37.0636 3.3712804 48.004044 66.17061 63.95195 36.056076
110 1.5678525 60.5771 13.030929 50.56095 62.6118 9.761113 72.14417 68.72665 1.9806564 80.19367 79.35142 53.292202 59.213657 54.83322 32.265793
111 92.1586 52.09095 84.614296 15.860253 46.589302 65.63427 3.6405683 10.147458 18.773258 13.401842 67.23292 46.40732 24.655777 37.584347 0.68348646
112 2.5604904 45.14244 42.427284 33.989315 97.77503 9.907931 43.44185 0.7221103 97.9197 50.615166 32.350468 37.084103 38.076252 47.201817 63.435318
113 77.46834 18.591755 5.166352 33.673294 85.65954 26.251549 11.940879 68.564384 24.168222 62.80544 65.24275 13.771957 68.88622 46.570187 79.8334
114 34.533966 50.899643 58.007603 15.775543 19.277876 13.3214655 72.44947 30.775856 89.04502 27.648323 9.4814005 11.548746 12.331796 23.456066 2.4421573
115 49.670666 86.976166 57.088642 78.14085 81.75704 62.013023 22.041792 37.901806 42.943245 57.306896 86.48384 49.638794 87.85614 85.624565 15.092778
116 26.621134 11.105925 68.07449 84.23363 63.272507 66.70339 51.01886 55.37993 79.648544 4.922962 11.223155 13.335443 53.644306 48.50586 70.7777
117 67.78785 79.52326 45.562958 17.895227 31.388824 20.631813 12.237608 41.813843 30.080091 37.329464 7.582164 76.531 34.760727 83.945496 29.957413
118 9.840727 73.41882 23.255205 47.66394 41.084595 43.142826 97.39843 55.852776 67.16062 78.41111 90.75186 11.747026 84.73034 89.97028 94.98622
119 35.85558 24.350447 94.50473 37.92513 68.50685 75.62496 44.034447 15.972453 49.319153 31.678284 3.23205 1.4487088 98.111664 25.607693 38.1105
120 9.397686 45.516308 64.46282 79.10149 58.076942 11.756706 90.16161 21.534336 49.7779 4.6121 28.091473 75.86181 16.742897 89.68735 78.52597
121 85.40096 5.230689 35.284924 83.04213 80.41517 20.263481 3.2534957 66.540695 31.420368 86.86525 19.31386 38.007236 31.83077 39.83329 29.995096
122 91.620705 68.45483 73.9949 27.219772 10.0979805 98.7116 37.774265 79.84026 49.198906 24.374939 53.57865 58.442337 5.109948 44.5927 94.41804
123 25.204855 3.043443 55.110123 34.2705 4.554409 27.960932 88.10006 43.533367 68.11413 68.04574 17.632324 95.55355 94.66001 93.665146 82.274925
124 37.370926 83.42428 23.392899 49.100197 10.658008 58.39151 72.587166 95.76948 67.1831 48.803627 66.478676 60.504215 38.31014 33.816124 70.22282
125 77.545 97.986336 9.340328 23.474419 9.891367 12.831908 55.081593 11.383027 26.255125 37.36912 27.475363 91.1721 67.61156 74.708466 77.77517
126 71.41077 65.671936 47.30836 37.416786 96.52847 24.01594 74.463615 38.73966 72.939865 48.313915 25.242561 57.273113 25.280523 18.650787 51.53071
127 1.4849782 45.708668 70.86017 26.059883 11.850762 89.06879 89.22875 36.779446 8.352888 29.070038 86.9865 70.19484 84.39257 71.696754 48.52265
128 52.456276 46.23738 82.09356 45.934303 84.68702 46.491398 19.470655 97.815254 86.51926 33.932583 54.534393 68.424286 53.840767 11.994773 18.005585
129 76.651665 99.69536 56.07462 63.447144 95.45284 14.034766 22.923828 28.450197 30.379414 83.06134 1.1633694 14.852201 10.059362 13.265544 3.2613873
130 39.773685 49.324417 21.546555 9.294653 7.615799 37.329006 70.1693 9.92158 30.575062 96.43943 34.479134 99.00284 57.583843 73.69574 9.551316
131 69.29497 23.816305 93.87475 58.14417 22.00845 84.01376 83.03676 21.86268 12.470478 60.947247 83.15939 7.2955847 89.68481 7.4771223 24.099684
132 92.598915 12.567324 18.08141 8.543986 2.6608706 25.702423 18.660141 41.480106 74.25551 83.567215 36.1987 98.54517 79.70046 25.579197 90.86766
133 60.66757 28.260338 21.619076 39.79184 36.844414 0.2312839 45.759117 25.540417 76.60396 47.21318 56.995697 73.94026 20.43245 72.99661 2.3617744
134 39.72413 14.749175 78.7977 37.713562 98.486206 0.25393963 51.862133 32.889248 27.182983 73.82443 11.891395 84.28433 39.80459 87.59509 21.040476
135 62.94683 50.72883 30.204666 52.684193 39.148285 15.59906 88.07028 95.59461 24.428267 52.341473 95.35701 14.026499 84.04732 16.223747 94.30213
136 62.442642 91.63589 99.78431 69.773315 64.76272 13.926822 47.220963 28.252632 62.18456 37.450546 23.673338 29.520369 37.466316 36.913074 12.081986
137 74.651215 65.29407 62.935646 37.33667 14.832133 72.77782 16.494583 41.6792 88.07905 27.566088 20.654327 73.30547 64.09435 86.45707 84.24303
138 57.38443 88.006905 19.18354 34.49818 14.906109 51.122505 81.2965 29.241348 88.57959 78.4476 9.364277 16.970509 49.177372 38.80982 90.20204
139 13.843698 52.082253 41.871758 54.272015 98.636665 18.21534 58.022976 29.03365 74.473785 40.95015 60.649483 79.722565 13.848507 0.052511692 57.04885
140 58.20759 40.875446 63.19495 13.518429 72.18945 31.86958 7.3066177 43.946327 0.59755445 47.56108 17.127163 79.44213 91.7105 83.17214 52.08858
141 61.833237 39.932148 17.16076 89.37036 56.7109 98.51986 6.9466352 89.03783 95.43898 28.671242 66.956764 14.024323 71.25055 41.57736 37.758873
142 14.857179 6.179386 67.25381 27.095396 37.023117 4.842907 91.63995 56.809544 72.34842 32.560993 77.64525 61.7999 88.42557 21.324915 14.11742
143 56.395374 79.70357 72.897865 83.27211 53.36541 77.19197 6.8217697 67.6774 4.940671 81.6857 88.12465 24.71741 42.79875 87.94219 68.68261
144 83.412384 54.36257 98.33719 23.915613 85.95981 20.673203 77.25689 57.025654 26.353867 1.5528023 28.982132 53.369843 79.47532 27.100008 38.274902
145 82.66284 66.216644 1.4033794 54.54346 84.199 40.179928 50.67578 26.656223 5.662513 87.47884 30.073076 69.57438 57.654327 7.9770923 12.846786
146 18.421436 59.921825 50.25096 14.08614 66.90758 90.355835 36.58407 86.3382 0.7449031 60.858715 72.85969 73.374214 92.4545 74.737015 52.346027
147 24.128426 80.47037 15.696931 44.670277 74.516945 85.44092 58.99446 0.9074092 68.905556 31.934034 18.805515 93.39351 54.206264 20.244127 73.2324
148 61.89481 72.02529 95.6217 68.1676 24.971176 52.35399 70.00058 54.918026 82.17601 75.69634 82.25265 83.29162 26.10665 89.28178 19.282162
149 53.81424 76.79491 2.4516463 33.07489 39.7414 69.60467 32.077003 63.39285 64.23214 73.342155 51.920628 36.47216 60.949707 90.90722 21.467823
150 45.21658 40.746643 30.306704 26.499771 3.4249783 24.09323 10.559958 72.46499 97.05106 2.4439275 42.863255 94.72589 59.934265 43.545307 61.816418
151 19.537712 74.49105 20.320702 60.586136 53.98839 23.20733 92.785805 45.184727 50.235283 92.178635 12.630695 80.74003 72.673874 90.222755 13.636005
152 72.44429 59.9357 97.11695 43.7747 48.083263 75.918625 82.2317 40.299606 81.50769 64.79717 44.247673 33.7563 87.529465 88.85133 56.81999
153 34.929108 0.47539473 30.007755 71.12138 37.276142 19.54859 66.54049 20.34629 91.30035 14.328891 6.0730877 3.7440836 44.213356 59.84837 20.81809
154 47.888626 13.665951 40.930187 17.151505 64.06186 86.54367 84.66264 0.7331073 45.272285 18.972105 54.343517 12.340582 91.049515 10.669338 50.882866
155 95.595276 68.31918 42.360912 2.9676318 73.33849 31.998264 88.68696 96.30445 7.4018598 48.149605 48.244297 57.564728 70.04818 8.350956 97.294876
156 9.419775 82.89701 58.184116 62.22335 89.99472 69.461914 11.312735 88.84282 50.474613 4.595381 98.43447 42.740543 27.311235 32.55822 36.46853
157 15.452123 25.915272 14.808631 65.73903 5.5904207 47.848434 78.96286 23.767996 44.185513 66.88847 87.045715 24.789392 99.277565 86.02515 59.76983
158 29.492123 18.921577 39.116512 65.11451 94.11158 4.699135 90.81594 55.188267 20.194942 82.889465 16.25514 61.834717 13.606203 98.74231 39.18582
159 5.5751505 45.117462 74.74527 81.751915 46.478783 65.818825 78.125534 40.258484 91.93375 13.199913 50.622524 85.25788 52.88974 81.80279 87.17533
160 78.585236 5.101943 73.572334 64.76457 68.80559 8.68184 74.25348 31.219309 35.60466 81.62423 74.28243 62.14787 95.25158 20.011843 5.53413
161 85.8886 97.2306 38.695686 53.023453 97.93069 56.89172 46.11597 16.279894 31.861877 2.4787247 10.585785 95.75391 0.6126225 15.69286 63.139534
162 11.45826 54.445885 13.139725 74.59434 84.354675 38.466026 28.24437 47.743088 25.080162 47.87604 87.72953 55.861588 42.84806 32.101418 38.318497
163 7.5513363 62.197773 55.333763 24.294971 17.248768 83.20725 79.954445 77.838356 47.717762 47.391174 57.41545 96.125725 73.02517 46.41355 28.032976
164 3.0877233 90.71008 92.637566 94.151505 42.02109 13.242161 32.172554 20.438648 7.156926 59.878696 34.273182 68.66185 88.48282 89.44419 11.5795555
165 12.977797 91.90414 96.45226 78.6993 34.147793 75.0529 91.761375 21.028107 18.602758 53.121765 4.311651 39.55037 10.158378 25.987785 42.44768
166 42.78485 80.47511 31.132662 7.225418 45.233376 8.932554 61.558254 41.5734 87.907394 36.11822 5.7009277 59.187134 45.064323 78.106926 70.48678
167 26.850021 10.561061 44.427322 68.92747 70.076805 44.6689 82.19194 71.38188 51.460148 99.29419 96.23115 92.710464 96.075775 56.88074 51.957798
168 75.5016 41.284763 10.460645 18.649792 18.386126 97.09635 63.062405 28.23462 25.775932 66.06452 31.731909 13.6693 35.325195 81.94468 41.590206
169 14.619631 27.740622 47.801334 89.52033 42.15445 82.54593 46.017128 35.185802 32.197464 6.8825903 34.101086 43.13873 75.94668 2.8143704 56.037785
170 96.84356 38.61791 23.869587 84.17783 40.650578 92.74505 2.2378385 51.676388 75.29432 33.738823 54.234608 50.884277 46.61901 81.14403 20.017845
171 14.843357 75.26251 24.530018 92.30818 93.403015 90.34158 56.50235 92.813705 4.0403247 55.21496 63.04745 70.5392 22.127407 24.661709 62.24329
172 6.078273 63.35183 5.8661404 3.0250728 94.81778 59.780586 30.076742 45.737343 60.76244 93.49571 86.39616 42.99523 84.01111 0.9655595 46.616344
173 53.094067 47.945118 15.806955 82.15386 36.83658 67.64612 66.108955 66.843864 82.99061 16.230701 69.11146 87.559265 56.261837 39.520256 75.155464
174 77.337234 76.09038 37.16596 54.15362 10.985536 83.9961 86.99444 11.389518 93.134964 93.655876 22.46375 80.57332 44.592422 1.2594283 15.81983
175 6.405467 89.88648 56.635674 23.480791 77.385185 41.399307 8.656049 68.57282 53.516663 1.8252015 74.806114 48.182117 99.49478 94.32751 85.685524
176 91.12022 48.788864 20.186502 94.474365 63.734936 99.993706 17.507816 50.829655 36.00921 66.40256 96.321625 32.799957 13.909656 40.80731 88.840775
177 31.53217 4.274577 98.193436 26.512634 46.967876 69.6262 82.726 24.613422 91.37637 17.877895 25.989897 71.37225 7.246983 48.268658 29.93306
178 21.91782 90.37956 83.84159 49.76069 41.716404 4.393464 82.801796 3.848797 22.683012 73.56074 58.112938 64.60575 64.92622 23.909557 95.25762
179 86.44321 24.323399 92.80217 42.291027 65.26752 31.07016 62.343796 30.820906 4.1259885 86.323074 67.5128 49.572285 58.10951 6.4356146 44.119698
180 38.52733 19.90499 59.5169 80.71557 57.61775 77.4038 93.62372 21.305555 42.498177 63.71124 95.39565 88.918365 25.51809 35.288216 11.989469
181 3.2889366 33.67082 58.62055 76.453926 96.49206 89.629814 82.89876 69.96352 68.49508 26.14405 94.15892 45.41577 8.267039 68.779 23.952341
182 1.6707957 56.089287 64.54291 56.960815 1.1147261 27.673191 3.1762838 1.4493406 44.26502 22.029198 39.2174 53.756638 71.87098 11.986303 23.359835
183 73.18506 39.527042 70.88349 64.6249 51.997448 73.40003 31.107395 95.58028 2.40376 53.528965 42.50946 2.9061854 19.382399 7.6036453 1.7896414
184 18.264526 16.198307 21.544754 40.982693 69.450035 65.13599 61.034977 85.34071 50.543076 26.153273 41.892082 42.097736 40.15167 73.08956 17.396671
185 43.56698 38.297718 63.248547 62.018986 5.3095875 91.10539 69.45339 7.1216583 45.088875 65.78474 52.18531 22.902853 46.16146 40.631886 86.62268
186 78.90308 2.1454096 1.6108096 39.06557 53.70812 96.045235 30.82586 68.44299 92.98105 96.61878 26.686918 90.75114 37.65304 87.56656 81.21995
187 12.067419 4.0603695 23.248487 28.75797 4.247302 2.1647096 55.83764 70.695694 56.87011 22.924822 37.86758 23.203527 0.10114312 21.655512 38.696194
188 55.432873 11.837566 20.129955 48.98203 13.027841 25.073826 59.63298 92.15021 10.473436 59.44131 62.597702 32.127304 32.304825 56.240856 18.359066
189 11.273491 90.386444 86.202415 54.502644 78.17474 26.81644 81.19371 8.9036045 61.32825 40.555717 67.99059 87.531075 9.12345 13.22056 27.160866
190 2.1908045 79.06631 54.77186 81.55745 92.41047 7.9017105 23.806965 25.635767 72.51635 99.96159 67.09561 22.885483 23.548317 12.31538 87.74789
191 28.493721 99.01675 3.552258 86.36969 87.64167 1.6857266 17.518753 21.722157 36.599396 47.70131 46.121494 30.291159 9.356236 85.66261 16.246807
192 2.889526 62.55097 16.911274 67.62203 92.6169 56.904476 43.70769 81.536064 75.4147 25.476604 92.44922 18.04992 81.85966 64.451294 47.10781
193 62.77446 98.087875 67.69345 25.12604 47.39916 2.7423143 4.2254267 14.677774 22.658968 75.061516 90.55885 13.101596 42.879337 12.713379 15.32206
194 95.14296 90.00303 24.320757 29.987972 44.148956 77.254395 74.986496 70.189835 86.363625 41.324055 29.22728 30.881786 28.85126 52.961205 46.85239
195 94.540115 55.27115 52.75456 87.32431 34.103447 34.7439 88.092766 87.42136 56.12343 40.45284 83.058846 17.563093 59.661148 13.543862 92.38115
196 42.48992 3.1501234 90.5133 58.400352 12.208694 55.39971 98.861755 23.991512 65.885254 64.08919 15.656972 29.993034 22.90572 81.772766 40.171124
197 1.2390912 66.4261 17.161333 7.3774934 66.8836 51.732296 20.16207 30.31345 67.26686 27.549273 0.04938841 11.706364 27.849472 77.543076 24.729866
198 78.446266 70.27238 32.68564 58.181034 25.164461 28.760778 85.49995 85.934715 78.095505 27.048046 43.63013 23.396175 19.376492 84.743 83.41162
199 37.610943 20.852411 83.40003 21.434927 73.89293 90.24995 60.08995 82.3509 18.906158 10.258889 71.43638 49.765533 51.053566 70.68641 3.1153202
200 90.991295 97.391014 37.554474 90.766304 19.194466 99.08359 41.984455 77.994156 23.202055 70.29976 91.211624 8.327752 57.567417 49.354137 28.409988
201 31.133896 46.66351 87.129745 85.56522 79.861626 46.361942 92.920166 61.851017 45.727966 6.6122 78.72258 10.34593 44.976555 45.868866 71.89353
202 59.04044 44.883167 43.29797 35.46921 22.556067 37.299 63.06181 73.18247 62.521732 1.0753274 84.33279 50.425507 24.880398 81.37917 35.18024
203 26.565838 58.348923 97.67607 33.833843 31.894773 0.7033467 18.824142 69.336876 93.152435 98.45354 66.9068 99.110916 94.42796 4.807907 17.555195
204 73.87011 79.983 23.67772 97.81409 92.62096 57.211876 40.960514 70.137314 40.697556 31.864244 4.663974 67.72442 22.010141 14.460248 92.83989
205 79.80445 89.586754 32.48143 92.10866 1.1238635 34.286625 93.69213 13.147092 66.105064 65.044426 93.41817 95.327415 1.0221779 11.514706 84.67653
206 17.237509 96.01801 84.43568 21.918821 88.64742 29.5986 24.893724 4.34165 72.24481 60.940025 71.9797 36.061253 78.83259 37.290295 41.6829
207 61.091858 20.420486 75.12127 77.42891 39.464474 53.564327 52.472294 45.155674 95.74485 26.29171 66.92682 70.523224 76.73794 70.94182 47.491463
208 71.61505 5.69604 91.2441 70.72719 22.721672 65.58605 43.032253 91.05494 90.4739 3.9368331 36.26474 4.272193 36.248634 41.813816 12.692756
209 81.837074 53.50188 25.197775 13.835043 34.07793 57.15192 59.4361 22.202301 33.656902 17.563456 67.75742 73.34149 89.65764 13.855368 59.675617
210 24.68313 48.691715 1.5187979 51.35191 70.876724 86.35292 55.598633 59.84123 94.857796 71.93044 72.43242 79.14005 83.93176 56.072468 26.192003
211 15.910482 54.379177 67.43384 68.83176 14.82318 64.23469 65.42149 97.67423 81.09732 38.78733 94.9567 59.480633 24.788528 37.869442 21.505516
212 5.7466865 16.767757 98.088425 94.10096 4.98032 89.53939 40.812695 27.118229 74.266884 11.77367 41.017395 2.4060786 36.48343 58.694965 60.155495
213 49.07369 89.62023 31.606388 4.237354 43.647366 90.903534 9.487247 36.53022 6.11915 87.44827 49.7294 52.04526 23.10027 45.226128 69.9518
214 71.64256 66.16531 43.9975 10.030991 89.59465 57.64251 73.87427 84.90393 76.31181 66.49683 22.2625 31.545008 3.212744 50.304054 12.554616
215 35.31117 89.05185 35.17654 9.132677 94.41979 25.080608 91.238144 49.607616 69.81756 92.97914 97.03263 93.91169 39.57246 56.36143 30.074919
216 81.607925 70.94476 59.712875 93.418945 80.86413 73.54759 72.80338 18.232494 63.808994 57.88963 52.936207 31.364113 98.85394 94.80674 79.91005
217 63.99864 57.998318 22.857153 31.41681 4.776287 69.67437 48.006702 80.96262 78.05935 30.427563 8.512616 1.5383542 98.04577 23.32928 68.78208
218 70.494606 12.639051 80.704414 60.405903 82.77392 90.688774 3.3109128 3.129226 68.261215 13.530434 88.880585 30.115807 66.035835 30.601274 87.82924
219 72.69599 64.31183 11.029995 52.44321 62.381435 64.46578 33.04274 63.98341 10.113615 54.465652 73.15903 47.51439 72.63251 78.98239 92.6452
220 31.02557 6.964141 7.306653 32.53763 89.286385 10.099846 26.782959 66.54405 76.152954 1.0587215 18.75577 76.893 85.5675 6.08176 9.999556
221 98.15258 61.67392 79.40935 78.34433 62.421246 74.28661 26.96181 33.83862 3.1532347 85.92897 88.60843 92.50437 69.08542 10.90157 87.21768
222 18.787354 31.954163 32.00792 25.287687 84.507744 67.4207 24.87964 28.930647 89.84884 56.160515 98.08943 25.910032 18.1274 7.5308504 95.76585
223 41.199554 67.271866 0.5357325 11.139422 87.35486 72.660614 72.69857 8.827424 75.38271 27.870232 56.47884 61.739964 27.589434 30.645334 62.395374
224 37.860596 10.23581 53.780468 68.219444 61.980385 39.176018 26.41722 82.46516 68.4683 34.783234 36.38538 78.7331 20.627535 97.44632 43.596375
225 23.868645 18.965303 46.154995 57.135235 58.80537 50.20224 59.8821 42.659195 5.6145134 38.03965 4.640704 24.12687 19.723595 69.12426 33.572453
226 45.942043 42.365883 58.397198 48.85686 3.5552084 27.751434 38.748085 93.57581 6.740099 72.69953 63.8386 50.192963 48.530453 96.84183 79.89705
227 6.596142 41.605846 50.108135 83.56564 77.59673 94.2581 34.9697 46.413635 51.590424 10.51836 55.574345 61.98663 51.278103 58.207977 59.016937
228 94.278625 31.756104 88.28566 37.908764 64.88821 87.05623 56.652122 73.317345 74.012276 40.804447 82.35918 26.031977 73.56343 71.8433 24.830706
229 27.770687 91.35558 80.50776 17.180342 85.9944 87.333855 65.153465 7.008469 32.860245 26.640022 26.215332 23.246098 14.765602 1.8758476 91.54471
230 64.813705 10.959244 76.789185 2.36516 40.271347 72.688446 55.859005 74.54598 37.50521 5.9874716 85.55599 60.975395 68.14277 56.98131 41.62744
231 63.8916 76.19183 56.77984 57.384335 52.681606 76.79988 9.785217 57.001984 24.779278 65.53309 63.454704 8.193916 42.09292 16.74564 35.990704
232 34.75432 90.38771 41.078056 40.620476 92.42259 47.072105 55.580215 78.44292 23.901617 27.034325 8.153963 56.434696 59.82039 75.00178 2.7680814
233 61.11125 12.692815 25.123108 69.094574 2.3307502 37.774597 88.18085 74.78982 64.42353 77.00547 8.427077 69.60237 24.652994 5.355543 55.202484
234 95.89666 41.202744 9.844708 49.269615 82.16761 76.49195 23.807781 35.49672 25.87692 16.507757 37.733425 87.813065 54.721046 15.686977 14.871597
235 0.17800331 55.560177 40.167736 58.005596 79.932915 66.07621 83.26457 33.1048 13.920074 13.226164 76.91309 37.362213 40.050232 46.22081 45.506332
236 61.285103 89.78727 80.65204 25.744354 96.521965 2.814436 39.145927 72.39128 69.00838 81.78385 26.22286 57.543297 68.39651 0.67326427 8.655572
237 55.333107 13.758326 98.339615 24.346632 47.919357 57.942726 43.136227 13.477826 37.933617 31.008232 4.032135 45.356647 60.897167 50.69222 87.93224
238 7.0030985 44.899513 55.325584 26.553297 68.15033 8.289755 13.930673 14.281881 49.103565 46.320374 37.985653 1.2593329 89.005005 69.46494 9.597617
239 44.149063 52.742012 87.18149 78.25999 66.60112 74.32773 6.7009807 91.19965 8.606619 26.457083 45.285942 65.331345 70.31307 32.537357 52.44039
240 88.377884 23.344576 15.315861 54.68627 35.696293 58.446365 60.843777 76.48986 92.24296 19.869751 87.55365 46.276604 86.952225 97.16395 56.38036
241 63.576595 42.188763 77.08954 61.874725 12.372059 53.02552 20.672113 67.96236 44.660408 80.618576 11.742491 21.266682 97.90305 38.182728 7.7452
242 4.6849966 29.013788 85.86488 15.532666 13.185 57.277798 27.5769 64.00713 10.642015 78.32059 15.557045 71.84443 93.0932 93.0171 40.61629
243 27.465576 61.236065 48.907166 92.78843 45.55873 28.598124 9.941399 70.10279 20.751392 35.86946 3.7082434 45.65732 15.761608 44.79841 76.99079
244 54.872658 45.098297 74.24479 61.68286 67.10371 13.029963 57.968647 87.68434 66.58223 48.304375 29.071367 9.134203 96.436485 30.499481 14.329988
245 49.77612 52.31652 1.7494678 86.66506 44.75028 36.543392 1.0637999 23.412472 14.840889 63.85865 89.99927 38.74522 68.17081 11.498815 71.823784
246 51.392864 79.323265 21.743309 50.60892 53.674007 50.498814 38.13182 61.30016 18.795788 50.00999 7.6275644 1.4462769 13.449764 44.413864 32.08989
247 54.94243 29.074991 68.93565 52.047558 58.18662 53.957474 1.4070809 94.031235 80.111305 39.845295 35.408028 86.2896 75.58797 70.295715 64.14626
248 24.80126 2.9816926 76.91474 46.13995 56.889595 42.737873 26.441097 93.09293 99.79642 6.7075253 82.77047 98.40051 59.18469 24.669987 39.077305
249 68.23127 92.19145 42.709587 85.800606 65.648994 32.376175 70.58028 89.10753 79.132126 72.303406 95.091606 74.28838 60.290874 72.72305 2.330172
250 51.185345 79.56377 26.088827 61.959805 60.093792 43.995934 63.77059 56.005745 21.540474 36.474068 29.617876 36.81538 20.941675 32.4444 92.92844
251 74.00916 67.44241 47.407394 88.34194 68.20908 17.364334 68.41759 22.24803 35.490562 17.836166 35.282455 0.06892085 86.49136 90.600494 4.82561
252 7.9093337 68.885704 64.00078 54.94585 28.783052 12.76142 61.13139 47.565235 17.711634 11.906648 41.522892 62.029236 82.79372 7.012659 64.03876
253 57.02696 78.77393 71.53973 20.443678 1.3764143 75.17041 69.99195 76.998215 96.6209 98.68506 89.43725 39.129223 69.669754 7.018751 86.43423
254 19.475615 46.867226 42.504128 36.546303 79.230606 94.87384 54.874847 86.103874 27.57271 74.39728 15.296995 44.9 94.04148 53.72737 62.343304
255 3.4686446 37.972557 56.63756 95.3045 34.2037 70.627235 17.752707 33.076508 36.851395 46.563793 14.999461 86.37345 6.1806498 27.29128 78.11564
256 97.29073 43.54956 42.576893 2.0733476 9.9417095 60.59853 22.260548 50.156433 77.23709 58.681835 57.444572 21.626495 36.653233 33.480488 76.913414
257 99.52615 8.3931265 92.415794 9.102148 34.130054 65.59006 70.211205 97.43986 63.600983 82.61341 42.750137 67.07275 15.091032 95.14238 24.08061
258 12.515121 64.21013 67.075195 59.1694 11.436134 88.64115 93.698715 14.264828 31.384325 20.701439 18.577879 6.2587204 9.658861 54.635048 70.62313
259 86.32615 66.69709 75.98203 56.602676 5.7606936 89.26714 63.936226 68.396324 93.020546 59.4976 42.40958 80.51139 80.57594 41.473175 73.61988
260 45.33313 53.53363 89.96682 59.27313 16.361183 84.85343 51.119022 31.497448 94.948586 55.222668 56.830173 29.090565 57.03444 80.586266 11.681593
261 97.66865 52.83027 33.524536 60.785164 66.06331 15.730971 13.023174 50.585705 9.732449 74.784454 2.89644 32.870132 46.766834 47.341972 44.725204
262 59.701454 37.83918 31.05911 14.488173 7.386434 0.51914454 4.8232555 31.242144 98.655846 55.941856 50.606567 84.70185 50.802917 14.857399 88.407585
263 60.152214 14.467632 76.40556 66.634224 72.87708 23.012941 60.166393 14.34375 29.603476 0.018125772 56.559433 60.101467 86.04637 65.380646 56.7406
264 76.82277 12.514698 95.99975 87.826546 71.35629 54.037983 81.204346 17.425066 1.8490016 38.238144 26.237947 20.743132 51.76541 49.159927 98.54173
265 99.46848 95.03682 24.75611 44.660973 62.4787 56.97642 21.281492 82.782616 90.335144 66.66121 11.377639 63.696053 7.395071 41.361183 81.33508
266 96.92139 33.96089 76.762924 74.42146 28.499138 25.732708 99.224396 94.09364 91.1732 76.3011 80.707085 56.51551 99.17974 40.688587 12.521672
267 34.535725 40.39353 72.007484 71.31618 3.9132118 4.0607214 69.950775 7.1165266 21.19239 37.702965 47.68337 7.546425 85.620926 31.017326 94.1805
268 90.01585 64.57716 95.784904 61.40565 91.64913 63.150764 31.068373 41.98327 38.55859 59.132202 3.5155475 33.06481 6.8560004 90.35734 18.646389
269 48.586678 39.19261 3.0810118 34.901894 45.562595 55.850464 49.086594 66.352615 53.74276 28.259594 52.159924 9.744811 33.02042 46.634388 68.25942
270 8.5065 53.299152 70.11837 0.40776134 61.01075 78.88964 56.87236 31.532257 87.42826 8.433628 18.971943 34.024906 72.586975 44.218277 70.39339
271 51.82139 99.14707 46.722675 49.923737 22.770304 12.911737 34.316914 20.252365 79.74729 21.106274 60.015255 12.073696 97.44667 4.9120007 90.679955
272 91.60163 17.44976 33.440876 15.509081 51.875168 11.731476 40.74799 64.25647 34.595154 29.24419 77.531654 48.477013 78.50841 1.9431114 71.05499
273 86.028435 12.646002 76.23385 30.793911 97.76746 94.687 39.288757 72.68953 1.3420761 64.58001 53.262596 15.03796 78.503136 96.09831 15.722513
274 26.428068 75.55176 90.57653 73.48692 97.24226 60.32828 50.58965 16.749298 16.633213 10.273713 81.259544 28.36578 86.20911 34.10562 4.2464437
275 12.34228 98.593475 31.910442 96.90032 49.01126 76.3265 5.139536 25.669538 40.59825 66.05915 27.094925 69.415245 8.612543 40.539062 46.803253
276 92.043236 67.83777 91.438484 3.316778 43.690205 35.04024 28.634335 84.873215 40.99633 83.563736 4.184234 47.231186 96.73563 47.75773 84.0801
277 59.92492 60.793324 29.024113 19.092733 38.014275 73.27373 93.81051 52.902065 32.819992 68.05317 64.081474 25.553411 48.617344 54.582466 33.93439
278 21.470142 56.615288 26.978153 48.67435 1.2285888 33.885185 33.76804 21.717459 86.56557 37.15043 96.98555 52.36205 19.209362 61.242348 5.1107645
279 26.270802 30.729944 44.12104 56.669968 8.27682 76.38524 87.01437 87.7264 72.007 48.651253 14.620751 41.18436 96.2643 82.58112 19.43925
280 94.50817 7.8953624 46.220634 11.935717 47.412865 74.075096 14.95707 38.037636 26.16185 72.95696 12.897873 63.80131 6.718832 75.17755 60.23236
281 58.248814 17.119354 94.78262 50.152283 6.381333 98.5865 57.093483 38.486958 40.102463 85.21373 43.500942 23.999548 2.9058874 80.13494 15.116143
282 26.609867 40.184624 40.221046 64.89343 98.03416 89.20491 36.268097 72.85123 76.90515 97.26963 87.722626 33.248096 94.86082 22.299963 13.134885
283 23.229145 56.93297 23.72799 24.213308 97.062485 28.457201 72.76798 83.60837 21.468592 20.354294 47.183437 56.979424 38.851685 47.75428 6.766045
284 7.6533794 24.92854 55.364353 9.880722 97.99272 34.086235 32.599457 49.407333 92.73696 33.867897 47.241318 86.83899 74.913994 73.67964 87.27144
285 7.6042056 29.846186 11.838907 34.603107 28.10384 74.27307 9.464401 83.84499 57.544846 79.213104 54.77265 35.156677 65.274445 81.98925 92.74032
286 17.957342 69.64599 6.506717 33.771782 66.040405 47.970436 14.619136 2.248156 52.90699 52.12493 25.037003 58.207905 86.30175 92.01648 41.06618
287 99.81639 44.519764 43.259705 82.4262 92.9278 44.618668 27.860785 78.95932 9.448165 58.845573 71.957306 41.237705 16.20496 24.06479 35.10705
288 12.505352 88.760284 17.503416 36.42534 42.21309 23.52972 37.534588 37.027733 19.342554 50.455494 31.371094 21.54355 6.0529413 66.41351 42.386322
289 7.5395403 12.770719 95.903885 12.3198805 86.95721 25.087292 65.08954 10.926926 12.360704 2.7053058 42.92865 84.82341 9.96533 19.71668 49.32448
290 14.554363 65.932526 53.8012 65.53615 54.52391 59.952335 86.164925 62.512684 53.68942 36.176205 72.41417 14.599758 29.21781 14.412576 41.869957
291 10.806399 93.07026 70.269135 85.4157 55.40121 29.226662 0.54293275 82.74914 51.242565 42.54962 46.363102 83.34973 40.453117 68.74823 60.929634
292 2.6106358 90.65885 57.225674 78.53027 88.01723 34.170532 37.536507 97.03081 89.1427 10.6485 17.554253 15.210808 70.29735 19.72912 63.138344
293 39.95761 3.197676 42.885704 90.0314 75.049736 87.86168 47.84199 87.91812 34.482086 68.49789 93.86015 62.10161 58.24836 34.410362 32.20678
294 52.231216 99.250946 47.42559 58.391537 91.1386 56.41938 92.157 57.01909 35.360313 43.86022 55.2194 67.251686 6.6617785 59.422695 57.51153
295 38.21795 69.20809 81.74637 69.684715 85.80425 57.393093 23.772467 66.2582 72.02346 6.243396 76.77545 26.435863 17.778635 0.3251791 23.944115
296 78.99817 11.846352 92.826935 0.96243024 50.72283 71.12706 87.66334 55.2733 0.22408366 37.79369 71.79662 60.928864 66.05554 11.37073 19.320112
297 95.12714 95.11669 21.764517 14.071393 71.5076 37.1239 61.92288 93.58271 57.641296 37.000977 45.52369 58.03632 16.329157 49.92193 10.583746
298 6.6399574 96.554794 65.37216 99.161835 17.600805 37.2752 5.5194197 46.734406 22.84674 20.53762 59.499504 72.993675 5.0753775 37.36019 5.584824
299 84.71349 61.920555 85.89462 35.838486 57.21677 3.3917964 64.90319 37.548088 25.442844 26.705837 22.642427 58.829624 80.54691 13.694679 70.777565
300 25.20247 70.57511 25.708502 31.694263 14.13483 51.566376 98.962234 95.076996 96.57937 31.268513 28.294271 63.25101 30.959839 14.665288 42.067158
301 44.712223 35.090466 67.150764 27.260935 49.48507 55.833984 96.226295 37.568016 69.25343 22.216612 50.116425 73.43596 18.21677 74.06609 96.09698
302 40.525032 28.759266 50.433 72.30885 90.017426 58.52157 47.068172 74.41425 2.7633965 74.383965 83.59535 7.9699335 70.56759 44.069283 83.83593
303 94.48915 37.26087 30.23013 68.67209 94.79792 13.884628 45.485138 93.09805 8.730346 64.71551 73.215294 57.492363 22.035622 51.419933 79.13555
304 68.9937 16.478968 12.853188 56.64618 80.09038 99.7183 78.47425 46.479843 47.61042 80.14701 58.66358 12.745529 22.261143 36.34256 9.097737
305 15.4925165 34.312225 59.195953 26.507019 99.55192 99.103264 70.67471 36.43514 83.6487 42.51035 10.262049 80.91366 28.41394 83.60948 87.49896
306 95.198975 40.579044 3.37677 6.1288714 81.90032 19.725847 44.77571 96.81286 91.019806 17.73833 2.9733121 46.267666 2.7592242 86.60249 73.2346
307 71.30953 82.61401 72.295395 78.366745 67.31021 45.52663 38.86724 24.079716 17.943192 77.02636 2.9403806 57.52294 13.088685 27.718597 33.027313
308 86.331696 5.956447 25.64532 36.41845 59.12092 90.77145 55.424698 67.83678 96.40777 85.95498 89.25625 55.337505 77.900055 22.14312 42.479515
309 39.59813 48.9913 12.447238 74.0884 60.160637 68.75167 97.22215 83.18577 26.529335 22.85807 25.723738 27.628445 71.28234 8.48856 51.178146
310 36.941654 67.32386 31.501257 58.032627 22.914474 80.700874 58.07395 14.906168 37.12899 35.456955 28.807133 3.7152529 53.090828 57.037365 70.063866
311 34.634636 93.74767 87.84249 48.568813 33.297443 4.195648 92.515495 86.11456 16.587788 19.535727 84.12011 33.2853 37.489223 73.46927 56.004005
312 47.62945 28.993458 72.6934 31.15335 12.478531 58.627804 52.913113 82.33742 98.9674 85.62134 75.83328 6.24547 23.670937 4.3056726 3.3950984
313 84.8688 97.10716 42.556454 40.4078 52.12984 30.20159 40.757572 3.2890022 25.571495 54.260212 63.057007 98.61879 16.968267 79.218765 32.03732
314 67.45156 14.995098 30.646902 44.115494 20.693356 33.390884 60.47217 25.097353 97.282616 42.994434 63.498657 52.73627 74.41367 92.03727 71.93817
315 80.59094 40.679897 60.388123 65.321365 89.96251 65.91743 67.10912 71.846466 14.549053 11.891514 41.567158 49.553078 86.32988 86.03964 94.120705
316 98.336876 47.040897 45.585644 58.561695 44.97135 33.69376 74.84532 83.33396 67.759995 50.509148 36.89821 88.18788 41.55379 75.27164 8.506459
317 76.29104 20.545746 52.677963 49.785866 55.6347 69.96737 8.261365 7.3055983 17.407686 69.598816 76.76385 59.70302 90.214 54.46041 1.5410423
318 61.30242 17.766893 20.340378 95.17657 33.4378 31.985401 94.65314 94.72534 71.07829 34.0527 73.80036 31.979168 38.88372 81.580826 25.570906
319 24.247938 4.9780188 71.990166 94.575 74.08348 20.589668 29.791737 77.23654 17.15914 81.39666 50.70802 23.999298 41.489117 73.12269 38.34552
320 5.235946 3.9722562 94.91339 32.116455 45.544308 22.831345 93.59424 68.78573 91.89384 28.16193 18.453056 27.693193 64.234314 4.0851474 97.142
321 72.48402 24.044205 71.81207 30.160295 43.996937 44.78901 5.479753 34.725742 61.55014 37.85246 74.43065 33.299625 17.777693 64.23123 94.5099
322 61.28729 77.76941 83.744255 95.093 60.24917 21.729856 73.860504 61.38745 64.140755 64.6855 5.218339 56.84504 77.53435 92.73399 32.778233
323 27.358454 76.40091 26.559645 44.16862 16.692078 37.851852 45.859707 70.560425 6.018424 68.32376 27.17557 82.31318 24.518675 57.163162 89.45236
324 60.208668 53.090103 30.624968 41.322834 3.4256995 69.9293 30.190706 49.302227 34.170765 21.085226 38.157917 22.27947 14.287382 67.26929 36.028694
325 43.19565 56.007206 81.85397 9.774995 89.728195 93.6251 95.97993 27.084637 21.073353 68.189926 92.23253 60.761677 74.27855 47.77421 95.96129
326 39.196278 0.57193637 72.55494 55.83139 77.92472 77.13085 39.40205 15.760601 8.5227785 82.90028 64.09068 77.46414 34.23196 16.406017 21.350866
327 25.173838 31.687862 29.803497 31.028933 15.798235 99.84274 35.27845 51.50652 33.24253 59.65631 18.792713 54.615356 14.516544 99.434395 41.28774
328 86.572044 97.64738 72.9545 70.869865 90.47201 32.610428 11.921507 31.067974 52.722664 72.144775 46.09918 62.652405 90.12405 0.3820181 7.9812884
329 30.22195 69.341675 14.9619465 72.4779 93.10346 26.048315 99.315575 73.23949 44.180576 58.384197 72.960785 87.42823 73.99923 16.51144 1.1846662
330 70.538055 72.62635 6.38836 63.900238 96.89182 52.81555 7.500291 4.5940638 53.39691 87.42284 58.751358 2.2713184 91.77347 56.891804 58.20786
331 75.61226 54.598545 11.980486 16.61023 52.948654 4.013854 68.53104 93.822685 33.23248 38.765907 68.60236 75.51505 51.296837 39.389027 2.1207452
332 34.78015 20.107138 25.87002 79.591644 92.05482 98.38936 4.1781783 56.409855 85.169205 64.332756 63.7955 17.765993 89.69385 25.642574 28.095419
333 57.752876 64.64805 69.0193 52.408398 2.5123358 18.299538 24.43658 74.26006 93.43337 98.007576 62.95999 99.01221 28.628613 63.18938 53.18935
334 18.48386 58.1043 34.43168 7.9247236 15.644354 96.93756 58.99848 66.870224 74.782555 0.9337723 54.538315 85.93207 52.356792 88.02083 1.2658656
335 62.08318 41.77304 66.2206 37.44573 83.31214 97.44087 83.40988 64.361015 94.619865 45.49613 66.044525 2.3932397 47.454334 65.497856 92.18356
336 28.219276 5.777025 58.209248 9.942192 9.856051 16.841316 37.323032 85.160515 88.327934 88.75238 79.82179 43.650234 5.629039 15.302295 11.762815
337 73.73763 73.50186 37.077545 78.900215 16.633106 18.014145 57.37601 79.02037 95.91452 24.210787 43.316216 3.5484552 6.413764 73.031654 33.255577
338 27.326988 88.15658 90.56762 58.150177 88.97354 76.65109 75.48535 28.994673 50.462757 28.488249 93.55989 77.49551 8.1749325 35.45897 14.747101
339 90.48623 32.301323 33.570744 55.704327 98.43555 34.950047 90.637405 93.286194 58.18215 46.37023 80.507126 48.026764 73.527084 14.28746 69.28704
340 43.25428 83.60446 23.359453 2.7308166 19.117773 97.43041 64.22303 80.70427 91.84659 88.405266 7.5773716 78.57191 68.98657 79.83365 65.363205
341 53.504585 59.69551 42.06504 44.544647 90.95887 5.5338025 94.286255 29.533695 70.598145 28.2126 15.275741 16.23304 87.201614 74.68619 43.825996
342 77.39039 58.94164 91.580345 12.637341 67.89741 8.91512 86.58383 51.178516 96.33366 64.916985 17.005169 0.503248 51.01589 93.88111 69.68357
343 63.82766 94.695724 60.737682 72.87823 23.642296 40.544136 74.00849 72.239426 62.39987 15.92496 82.45958 48.65072 47.84195 71.50644 6.5416517
344 96.343925 74.57495 27.369743 95.973816 82.51581 74.65928 79.88765 79.279015 93.56156 26.13036 52.268375 23.785025 33.399 49.233555 25.856209
345 24.80228 73.15849 5.7455897 70.680664 42.42916 82.29436 22.406084 23.54021 63.580425 74.0302 80.83774 75.35045 78.060646 24.643951 34.350048
346 0.89464784 71.30049 29.651339 77.96899 31.867367 86.0397 20.24296 58.495193 65.63946 31.89078 11.719865 33.261036 59.00012 99.27626 0.06322265
347 81.73916 58.814396 94.43999 72.64005 25.77138 14.702201 69.63763 90.423134 99.76928 36.18815 99.57949 19.586748 29.930502 46.045315 6.903112
348 4.0917873 74.77577 29.575556 78.88392 43.615734 61.908882 37.214134 40.54928 65.20057 36.919247 5.0581455 59.458714 96.133 49.17705 68.700386
349 91.07545 80.24558 10.622388 53.1696 25.121498 52.00798 22.541588 82.96298 39.629925 40.99937 12.087899 17.299343 95.44731 23.713875 15.584355
350 37.074734 27.372938 46.81047 95.40168 90.883484 84.436325 94.100555 57.701927 11.255253 99.3134 63.554756 21.162235 91.39419 91.6755 16.753315
351 63.83665 33.693512 31.28208 94.41241 83.78442 49.70464 60.60439 92.36335 56.510246 76.692276 43.25477 23.67959 61.45767 37.0983 10.858244
352 67.1336 3.9154649 76.920876 7.414663 8.984285 46.19573 89.00751 14.64994 14.966095 21.590889 33.441227 5.144101 39.560432 70.497185 74.508
353 40.76566 59.024685 64.598305 41.176437 73.56141 48.64518 71.842896 3.6621332 33.98735 60.23974 32.141846 24.619705 9.269571 66.59883 26.588594
354 60.995205 32.618393 50.418896 17.212492 46.8356 64.65902 28.007502 40.767902 2.7055144 52.27712 15.850848 60.11104 82.18441 80.40789 0.81335306
355 6.9030404 57.650356 80.2362 43.636513 6.5972686 57.70427 46.74856 88.427826 23.12762 27.71635 31.324041 27.454836 28.932482 87.714645 75.62031
356 66.818016 23.757774 91.87414 13.76782 92.068 41.227226 48.958755 96.00358 57.716896 88.905045 80.03375 41.34583 36.593533 29.275345 69.4812
357 55.53223 6.3928366 84.806496 97.75836 6.830311 15.418381 19.45032 33.44131 22.905773 27.82452 36.254436 50.960594 0.9401262 72.6028 31.25909
358 36.19124 37.674583 8.661949 47.840233 40.89691 20.885843 20.719433 93.79339 59.20205 46.646603 4.014921 71.68374 74.092094 63.078213 8.295727
359 57.58779 72.79986 99.46513 47.895092 65.90193 59.26713 35.684265 51.37536 0.2885759 16.177822 49.83279 4.0481987 0.27719736 43.91028 58.453403
360 14.187163 7.0567904 48.778976 23.407751 19.94797 43.417965 76.82251 39.59942 11.507529 4.7734976 14.898634 68.573944 10.883522 9.161383 69.78491
361 32.512314 71.02507 42.884773 14.233971 2.0878851 93.357155 49.049503 71.43706 78.68738 37.863888 43.118477 25.11236 98.03036 7.4196577 52.41785
362 59.521603 37.497097 25.394423 85.32441 84.25902 45.542233 16.105211 55.967068 3.8421988 88.29475 16.558706 57.33391 87.218216 18.499147 46.78852
363 70.64532 51.597565 65.826866 98.159195 73.004684 36.921467 58.580887 44.07149 5.251294 39.19669 56.04512 66.908295 54.51085 34.39975 72.11685
364 36.71727 3.3747077 40.225853 36.146217 80.50819 82.45808 75.26603 80.63991 82.18449 13.122976 17.930204 90.03188 39.62826 40.547977 88.347885
365 45.256607 41.47469 77.540115 62.388493 68.36928 77.370155 20.285595 28.729355 5.742627 54.29114 67.70569 57.501274 91.045364 1.6579747 5.618125
366 16.46468 36.698025 29.917372 80.20875 40.97931 9.047091 82.96401 27.412987 94.35568 25.147646 42.758823 86.02387 91.710075 52.662594 4.8778715
367 63.32732 63.43848 16.6479 23.15141 48.773056 3.1969607 93.38672 98.24961 59.89104 43.20404 60.261772 63.82562 26.939785 79.20689 38.02772
368 60.985153 70.5197 95.08093 6.6898766 20.325201 36.80814 18.328827 55.25001 25.044834 35.693256 42.337822 78.39596 69.71455 80.73217 37.836624
369 7.151234 69.79366 79.6812 17.316692 35.741203 6.068957 38.79759 24.066448 21.460295 96.57454 61.96396 67.78723 8.942384 93.52729 81.01999
370 86.46023 93.55607 73.22329 0.8953452 58.216244 52.09467 68.09656 81.9308 35.493 51.74499 29.217016 82.16993 8.875197 2.5507927 77.933105
371 9.734178 0.89349747 54.098827 32.244926 75.30407 25.962662 96.62389 78.485435 18.175041 55.88361 10.642397 5.2136126 7.6087656 89.29754 0.88226795
372 53.66852 90.84069 15.60396 40.794117 49.046116 87.02686 80.64274 67.23005 17.14999 74.82517 33.45896 82.70066 21.107048 22.727066 55.34783
373 9.518444 58.86343 93.51784 27.806414 68.47021 81.68349 65.49124 82.75329 29.60819 41.02431 46.73441 33.232914 67.29714 61.674202 78.7015
374 6.6776695 91.60445 15.209299 90.4911 85.5978 77.08415 23.487259 55.127747 6.3130736 54.41128 27.469677 38.429024 18.094803 14.406276 84.118835
375 14.736014 69.98303 24.80356 1.98493 42.228592 66.77199 12.524361 44.48363 54.38259 29.471148 85.890015 45.422585 89.31025 58.26686 87.64398
376 22.290003 71.52816 41.00722 89.141754 93.95562 2.7001739 79.95512 74.72894 17.100567 51.00102 40.502125 72.08665 32.79888 40.146465 13.277644
377 65.91689 45.69166 86.35778 45.251064 78.32033 54.161156 67.40345 44.702156 6.947798 73.422714 5.5345416 22.079027 11.66088 83.66958 24.05874
378 55.591846 20.004362 33.049263 84.251114 92.781136 52.07456 97.608406 9.359717 32.19521 24.976646 66.26098 60.025227 1.7143726 97.42594 73.72409
379 90.203026 30.037296 25.40157 45.198734 4.6734867 27.52633 72.156746 66.884056 73.78304 73.18431 10.191125 31.302393 73.82004 81.26008 61.673016
380 77.53638 93.351845 68.16967 97.75159 7.0636806 28.203667 96.453766 89.521576 85.70311 27.12555 64.811226 15.208996 72.60605 13.468504 83.35684
381 53.362095 56.149746 7.5789156 1.7155766 62.19483 33.486343 92.64304 89.014305 75.29202 81.40887 81.20197 32.956974 56.00874 18.710434 48.6567
382 77.72361 2.2574842 18.49584 47.24958 44.23464 92.96375 58.677876 13.012737 22.248577 13.083887 92.43987 38.096844 31.753653 89.33249 21.618128
383 31.130785 75.17773 50.085907 85.16355 3.5203338 35.141212 84.55113 54.05372 44.891827 71.94401 95.26712 1.779604 26.557106 86.90115 99.201584
384 95.923195 58.563114 2.2764862 53.79555 8.033299 29.550463 65.2263 40.779858 44.21953 55.549675 75.23347 90.74201 62.40438 25.57357 14.429485
385 41.372753 20.347124 50.314148 94.47058 90.993965 24.292517 32.628983 27.820414 93.10254 55.873444 92.32563 55.026184 76.80841 5.745244 95.85415
386 71.547264 19.563097 48.948734 87.04321 70.660194 22.643106 48.347824 56.42002 64.73783 84.45895 59.390133 62.70916 41.661667 52.706112 49.17932
387 64.89207 21.216976 92.27204 4.2739034 91.12128 77.04421 93.089584 30.149532 61.529655 1.1430562 80.01945 87.85249 65.573555 92.176994 77.40444
388 43.566437 36.332233 17.097742 34.028267 49.710487 49.79882 13.153446 72.50822 33.44417 37.597485 88.47998 91.14252 43.296337 38.016296 32.578373
389 99.21936 26.846426 19.338726 40.49605 99.88986 63.31432 8.082032 77.958115 71.83701 12.470591 5.115944 99.60444 23.874527 24.933958 7.2592316
390 73.50743 69.835884 74.71293 98.666725 45.96526 67.02578 60.37165 83.27029 98.94055 85.28182 90.61531 90.18055 45.260727 88.3199 39.121986
391 62.061764 74.69289 60.314392 64.379196 91.14184 97.19432 52.206673 36.96388 78.1082 32.023586 40.468597 69.54268 80.37414 6.0427723 30.209702
392 75.839325 83.09998 58.578312 21.658504 92.45156 59.25007 99.82652 29.033327 31.800097 94.505264 45.245247 61.321552 22.315598 94.98832 98.98051
393 70.996895 61.44069 96.76514 98.51645 57.522934 12.926221 77.541504 62.848717 93.73075 28.583014 74.77628 24.070454 73.745224 49.02223 27.78517
394 22.892183 67.806305 22.451412 41.834248 31.920921 1.6393721 86.32491 72.55081 45.191765 53.33604 46.174026 22.35561 61.23027 9.18867 98.42456
395 45.502335 51.643078 29.567444 20.169127 63.466324 73.76572 17.53847 55.98513 81.937744 69.18278 35.108208 88.82296 78.93849 18.979412 86.1698
396 84.144226 50.304707 69.451416 50.65834 40.837963 73.97703 30.823273 63.146122 92.520546 3.5507262 7.4898005 40.98803 53.728134 60.002415 76.66254
397 74.83811 48.901333 39.38571 67.38198 48.388462 51.160877 44.845097 42.031742 87.83213 72.46716 30.116665 75.19954 95.93608 18.192339 75.66183
398 1.4800191 74.653854 55.321945 19.92141 45.168125 15.64889 53.915775 19.403542 95.38194 54.48937 82.13093 90.2601 83.66877 63.97705 53.64046
399 88.809135 5.3438663 60.261707 6.829691 62.580482 87.502716 25.057816 3.4409344 60.6688 96.71477 4.221636 62.652367 41.55481 37.790054 30.77854
400 38.76425 87.495285 75.71426 75.637314 27.137327 1.7932713 8.938795 45.9296 65.755554 73.760956 90.819626 6.2182245 37.303905 86.311066 83.31242
401 76.592316 69.05989 73.5029 93.30747 81.58447 51.85372 15.982973 86.540405 60.39536 33.080822 67.36813 60.224487 60.393417 87.035446 5.8015585
402 35.85754 88.38631 85.02409 94.06521 74.565796 86.6614 10.721946 45.962097 24.424314 90.00336 27.527332 43.70824 52.068253 45.36898 65.28388
403 33.629173 48.27212 84.99541 66.27419 68.68386 1.7799437 16.614044 4.004115 34.69735 19.333225 69.12718 53.71434 31.441105 8.44599 29.377806
404 68.06217 13.939756 97.95713 54.119102 63.857967 87.998726 28.7548 2.3945749 1.528579 96.64608 21.381128 26.510025 85.08653 0.9841919 0.61772466
405 86.666855 0.3435433 15.182972 0.81439614 24.99432 68.018776 86.66278 74.90891 91.84326 17.915081 49.867302 9.111351 61.27292 93.69395 26.685053
406 92.47134 86.9774 4.756504 95.12437 83.45131 25.571257 33.681667 17.175346 45.698463 15.111714 42.49351 69.11058 23.008049 24.715364 58.200645
407 85.30351 83.63031 50.68093 43.606262 37.8118 70.28418 98.02066 10.926008 76.62662 42.256367 58.905834 27.431911 43.0858 26.601595 44.236195
408 9.887749 5.256873 7.596767 87.14854 50.238235 8.19931 67.18089 71.400444 52.710365 63.3067 48.13704 29.626339 62.589325 44.116943 89.30869
409 50.70302 1.4165401 6.0810986 85.32065 58.932186 90.759125 95.13164 48.28359 15.309906 97.11519 65.13234 6.0575247 10.48519 90.60912 43.38305
410 10.147637 95.59821 8.117122 92.56129 59.585476 39.335846 2.1313787 38.392403 77.65171 23.359573 46.368904 6.84433 22.525597 42.675983 40.76842
411 29.949469 26.469517 69.269684 96.568405 92.98436 60.60139 55.954617 97.65653 60.519165 22.366446 0.28486848 89.92314 7.9288244 63.24541 85.67637
412 85.09926 16.792494 76.84588 56.614475 20.234955 55.967285 78.196106 37.760033 55.863064 49.088444 38.73683 51.531727 43.842636 28.215677 27.19139
413 36.76072 45.297104 42.020546 12.253505 91.52336 26.926321 45.31375 40.99442 8.309579 33.81449 60.173843 38.248337 99.1422 3.7754297 3.1068563
414 12.240976 14.801115 3.932333 98.49501 74.69695 96.41458 87.844536 97.35267 27.976782 92.65868 70.85316 38.680393 64.8945 72.76831 33.769043
415 95.38817 10.256791 38.43476 98.48034 50.053852 87.40946 18.184746 82.9854 30.21137 62.80776 30.553139 73.79551 76.25821 40.532284 49.642105
416 38.198196 15.577305 94.50892 53.676052 1.6858339 17.541176 25.772827 96.90519 2.6590407 19.476784 66.32479 13.480234 99.59441 52.4987 59.90165
417 42.330257 89.06979 87.76143 87.3279 91.05123 16.77707 42.845734 63.096954 28.591745 49.895634 79.69771 67.57807 88.15662 76.48408 30.11625
418 41.95015 58.101105 5.970633 62.87738 20.879066 57.33401 41.045425 64.151695 10.39955 8.376133 53.501637 16.181242 98.811966 94.031075 29.623348
419 99.81875 69.10302 78.73243 10.923613 6.387621 28.948801 91.96003 76.30623 60.604633 94.326836 65.407135 26.532333 36.536526 24.778807 27.380293
420 2.252841 95.56989 71.119514 34.587997 5.4180503 12.305051 32.633446 43.198467 89.75622 49.595936 42.3556 25.809568 29.946274 36.418926 81.77554
421 49.575787 88.38167 25.946444 35.175957 71.79106 41.879612 20.519876 7.821369 44.15882 53.743355 44.868755 69.41746 65.0293 26.207167 98.92782
422 26.79391 82.10011 18.019318 92.293655 48.816322 36.32287 86.84563 39.38154 47.358913 93.711075 17.964703 8.64861 85.08588 35.89233 32.599003
423 72.11101 22.174776 55.89044 60.968327 89.38187 7.4108005 23.874378 98.11136 0.4889369 55.790764 72.397194 92.60779 56.00176 65.46645 83.706154
424 9.01984 14.028973 6.1572433 7.5876594 40.193344 9.267431 42.763073 69.279274 63.112743 97.642006 39.565445 48.412388 45.95129 94.62453 58.93134
425 84.731415 40.020023 19.832117 24.713135 40.26912 70.782265 94.06116 54.506905 74.35636 70.8115 86.907814 80.59651 53.73388 44.940536 8.266603
426 19.838154 69.352135 95.850426 70.30398 25.057571 91.24315 65.51504 8.307314 50.932632 97.98956 14.347911 49.75429 6.070071 35.47567 92.25348
427 16.99155 89.37422 16.272486 82.28628 66.3237 36.226105 74.48347 73.0557 26.676386 30.884272 57.273567 46.727097 46.204662 92.38927 12.547148
428 38.372784 72.47755 67.66666 29.068344 13.992291 38.700806 87.10921 90.2816 39.783455 57.674652 63.367725 13.5532675 36.8044 9.9658375 66.146385
429 92.693825 72.17965 71.56161 46.29891 31.421661 71.19469 47.835392 37.334625 19.695442 11.278105 49.073708 46.510853 42.18514 97.83545 62.483723
430 90.013115 29.998285 18.584972 96.23024 95.3745 42.365856 24.425655 12.656916 21.38825 46.372116 14.475859 45.763165 52.515972 9.848666 85.85647
431 47.87871 46.43972 27.919447 96.71349 13.259864 24.268414 17.870289 37.10605 33.294617 31.364172 73.32315 86.51075 95.729485 90.2454 8.235913
432 90.16068 15.714413 57.053585 17.948263 17.156542 91.70994 60.20695 70.09203 80.731766 96.932846 88.734474 27.230293 41.257595 24.86422 42.080647
433 17.94746 63.136143 3.5527408 0.6479323 68.958046 21.809029 21.47203 13.8165 0.62291026 22.429539 81.30424 80.52944 67.85981 89.591934 26.304663
434 56.696014 1.4226556 61.73088 96.248535 17.651207 7.327443 94.806274 41.0779 25.781965 9.060115 69.64773 95.27399 60.31882 45.16374 54.38263
435 35.010178 4.3869915 48.73256 97.81075 63.9368 13.967806 52.914314 98.07631 7.969755 13.755428 63.228355 81.74779 20.968365 39.38467 71.64585
436 46.232796 83.27717 26.59431 25.063414 19.675863 5.665642 2.0807803 0.95847845 10.023296 69.43581 63.655697 42.381824 83.261925 46.900433 18.476551
437 2.5707603 90.984634 57.89594 36.264153 93.71902 72.00097 50.628197 42.307102 4.9916086 70.85767 17.414171 34.499306 89.71393 38.582695 6.5463123
438 35.539574 41.594124 25.003767 4.6525183 50.68514 13.469994 6.4656076 93.94644 72.09618 40.832306 63.08867 35.36839 70.9037 35.50313 72.85008
439 61.82496 29.805988 14.392114 99.258804 50.878567 63.442783 34.07808 40.339558 68.96021 36.262207 56.744488 80.69472 70.43755 42.403084 77.222755
440 48.80173 95.93464 47.640926 77.86828 58.211647 41.75251 87.132 38.823612 85.28924 82.97445 56.04089 39.837273 65.48762 89.064186 53.717728
441 27.943165 34.35194 4.9991846 40.532898 57.515926 84.534225 11.055035 23.46828 7.8643265 93.67069 68.417755 99.86141 53.7844 14.185774 99.30312
442 95.11717 69.35421 20.664995 2.9772937 30.619728 30.514181 25.667297 32.082027 42.438118 1.2535691 94.57472 26.365631 43.724007 27.941395 84.71241
443 48.014343 27.018148 70.73621 75.48859 79.287766 44.14048 97.13573 43.23688 19.418133 77.12954 85.44603 16.88993 64.38111 34.073864 2.938521
444 55.234146 26.142973 17.95767 60.207527 41.512794 73.604 38.204056 8.044553 51.343983 77.274 65.88299 52.11918 21.649117 55.62632 91.062065
445 62.82773 14.455813 40.289616 80.08202 59.576874 14.5203705 57.2708 71.26504 40.06161 34.743286 15.090436 98.40351 3.1385064 90.92481 71.19785
446 15.084046 8.861661 86.68686 33.774067 71.292244 19.12849 61.09391 35.796608 92.69747 37.97668 62.9263 76.11246 47.474712 0.4946828 45.539486
447 62.63911 84.48632 54.982864 20.19521 65.3955 58.186745 13.66831 60.645485 11.8743 51.857166 64.9845 41.12476 49.63649 92.915184 5.040729
448 88.85607 96.58286 57.331978 50.101345 92.36408 79.09244 58.941616 86.15924 81.53447 73.38369 52.023117 29.323244 64.24976 62.63376 69.41789
449 52.85742 98.91444 68.476974 15.115738 57.23856 10.167336 22.705395 10.269374 50.27366 26.039106 95.82883 99.60871 79.69358 64.782326 71.45304
450 94.913376 43.074955 16.17946 47.34652 11.318994 44.61601 9.479183 99.04548 27.596653 88.191284 3.9474368 73.66323 24.033392 87.03631 70.63101
451 99.30588 61.097134 35.97904 99.16626 28.54547 12.695617 68.766495 81.73363 57.472015 52.601547 4.9705267 19.53327 19.956213 68.645226 55.246807
452 13.972205 90.237404 92.76203 85.229546 45.208252 96.450905 46.179134 54.74629 81.449425 59.182335 7.251149 25.8215 81.68275 98.853386 78.08527
453 28.404385 57.08864 75.285866 7.5761914 53.019833 98.6337 24.053074 89.30177 3.5261452 93.1362 74.41684 98.48003 47.608654 71.93724 80.284454
454 32.484097 87.09458 26.221943 71.534004 32.94716 82.004875 93.61628 61.39425 67.01621 81.63949 61.09719 94.78246 42.65014 80.91141 30.218035
455 31.371468 3.8812578 51.4027 69.454605 59.755432 61.612755 22.826279 3.9653838 89.809654 42.81043 73.165764 10.64446 68.89772 3.9328933 43.97066
456 42.99862 83.99067 35.258316 33.156525 79.6372 11.359018 52.59946 41.062397 97.12171 43.923454 17.006462 99.12711 14.241976 94.5623 65.753944
457 94.84947 43.69002 42.940968 67.575935 4.996496 48.37635 60.334618 9.188819 52.431595 14.623833 28.353046 70.13363 34.376537 81.09236 25.654602
458 79.44134 13.135958 60.00499 24.17227 65.205864 78.85137 42.099136 40.90306 90.53251 60.0768 26.311338 81.074715 14.266813 77.05559 73.68286
459 76.96002 59.217728 67.51654 68.0665 37.52675 15.148181 11.397529 16.209501 36.573635 38.556736 92.759514 30.530119 60.40377 40.22043 50.699825
460 79.80619 35.133392 17.677086 30.547737 38.02627 53.446156 0.42470694 79.08004 8.352393 11.312162 26.79658 67.79133 97.60557 57.54233 73.48881
461 44.070045 93.57176 8.998501 60.886784 26.954454 80.95898 18.098343 73.038956 90.27364 76.80115 18.522812 62.800835 27.53113 78.84914 61.64786
462 76.82351 18.787527 83.92314 77.38793 87.25545 26.783144 31.797617 6.376094 76.89342 27.161736 74.98378 8.546722 0.74812174 23.27615 28.364021
463 29.37557 62.33816 39.851276 54.177147 17.726315 59.307373 19.73772 28.075886 27.221388 96.054756 34.911503 78.16385 80.380646 45.91471 45.374863
464 9.9155245 35.847843 1.0316193 9.115589 21.100348 23.560078 42.504005 32.026524 69.24297 20.72823 28.75746 0.7232964 3.2914877 48.31865 57.634842
465 23.38999 86.13173 9.003729 42.619877 6.805807 67.038506 44.236916 30.253214 72.04836 66.31651 11.477179 12.536716 90.332436 88.04018 19.220036
466 82.3941 45.13962 12.300163 74.2818 83.5675 71.15064 43.61465 4.9379644 99.24691 16.245825 16.639297 7.554686 50.881023 34.541534 20.045006
467 1.1066318 73.696396 68.444725 82.02598 61.58925 46.20908 71.209045 30.511368 90.265945 64.267624 71.45388 63.505417 59.710365 16.795237 83.36141
468 32.357914 88.79256 80.3454 24.410975 97.01736 51.5106 56.851494 52.969734 77.85294 99.59233 26.604795 75.07209 25.421333 20.105326 33.664574
469 70.33883 6.1356306 97.24952 9.780735 36.07322 58.26378 62.709003 35.7474 63.80164 85.70299 7.3666215 35.221207 19.3883 4.767638 65.10472
470 58.810352 54.6491 46.575897 38.41094 98.109856 1.2305617 0.87261796 7.4732423 36.830765 85.33321 99.19315 86.590996 4.810357 11.382151 10.627068
471 71.5676 20.127947 33.53173 23.117601 62.11782 43.47607 13.300258 19.829971 67.36371 0.10499358 29.838896 22.798622 78.663284 59.885277 4.336405
472 55.544376 61.087124 81.197655 42.647152 89.92046 6.9096446 84.403305 19.018555 58.95103 65.910286 4.5741677 80.21073 82.27586 17.791498 99.039505
473 62.584324 10.983771 51.634533 35.25913 86.932785 27.63986 31.36335 29.75843 36.816555 60.285908 40.31543 34.608257 78.59335 87.77847 43.183064
474 98.520805 45.721054 31.249405 81.05956 53.439873 69.536476 72.512505 21.683525 71.97153 84.69927 96.24631 39.11546 97.63269 93.760376 76.66652
475 57.211773 99.25819 23.60736 80.634705 91.90089 37.628628 11.40542 23.768436 96.24698 40.1549 91.45596 31.718832 97.75324 56.03307 22.310442
476 39.5252 12.765682 46.48304 58.493633 23.566032 91.95935 53.38404 79.108765 45.38519 52.804695 74.76135 90.029915 88.43044 69.01538 61.165573
477 3.760898 57.90829 37.97904 76.08478 15.592438 62.5064 30.087364 43.269466 63.471966 3.199476 29.044516 30.422432 16.875744 8.831811 10.28701
478 2.3636997 54.61734 7.322115 31.55135 66.84177 88.42764 33.384766 51.64742 46.004337 76.60104 3.392291 72.21743 38.607224 66.13242 41.763996
479 54.577374 8.832014 51.497112 3.9655805 86.856766 2.6681662 50.288307 93.316635 23.092974 71.82284 59.874844 23.362858 38.530743 86.74231 72.440025
480 97.17435 17.269266 67.31738 18.384874 98.74197 28.046816 14.017164 68.1154 60.381527 40.124737 9.43051 20.483446 51.007122 68.01126 95.43354
481 21.228474 42.14696 15.545445 43.44855 98.09839 47.058086 66.34976 92.581436 40.14956 90.22295 58.87555 64.94933 39.090836 73.41646 5.5415034
482 0.43023825 10.306305 35.513584 2.4452507 19.634443 13.042611 7.926363 9.769524 98.431274 43.667866 99.23653 14.5769005 58.241974 16.199993 81.012115
483 63.77218 70.97248 11.577582 23.310339 42.504364 87.412 45.33028 50.885574 84.387436 3.7311316 4.137993 69.11186 17.16035 27.00584 49.79847
484 78.13107 48.613995 21.162039 6.7151604 42.346157 80.93105 57.13409 91.34703 74.255806 50.469917 42.175137 22.117584 92.49379 38.24678 14.027471
485 61.862617 16.079014 93.01193 95.997604 95.61833 4.1482687 83.271866 72.88809 70.83927 63.243217 21.58513 58.28222 19.227188 44.528664 28.97681
486 37.98803 16.298586 89.66588 69.70515 38.715 1.4830351 56.55064 47.519917 45.535843 95.60284 41.410362 19.931847 75.69153 89.524796 90.06123
487 33.135338 73.210396 95.89822 63.239742 78.67551 71.072914 21.312744 45.19079 15.61901 41.765625 27.850658 94.02756 26.083576 28.598625 67.61009
488 61.24785 85.02341 88.73852 30.887968 17.234612 29.988115 43.22481 95.69815 22.18067 36.316578 92.04656 83.33742 66.82098 6.3511014 25.473303
489 49.78661 65.351456 6.530553 22.139746 96.64891 31.247776 67.72666 34.817684 96.69376 74.21729 56.318634 5.376405 59.31954 68.63315 25.966537
490 39.1994 29.609812 7.4841976 42.860657 88.420586 23.186134 44.662296 5.7269454 13.958174 57.619564 67.39862 41.699856 3.7130773 92.428375 31.511372
491 81.29208 42.777424 34.14934 38.063072 1.3645053 49.44669 83.92537 60.830296 70.81163 85.68684 93.61585 31.010485 56.521927 13.980663 76.53495
492 6.739765 9.256506 34.73055 72.29349 59.744423 82.93221 94.257576 56.415264 85.83267 74.22929 86.60098 86.77935 27.549976 50.613247 80.540535
493 95.684235 0.33057928 57.22259 23.354542 31.423986 53.602745 20.398504 5.6667566 72.51325 17.830849 57.00097 7.2669506 34.708763 81.251114 33.463158
494 86.01816 52.177124 76.49027 21.488583 63.952427 83.78935 9.319532 63.41413 13.537895 0.6331861 28.026176 79.87733 49.06218 86.28788 62.37829
495 36.183746 93.37625 94.878265 82.57615 87.62677 68.194244 88.90477 69.14778 74.23644 60.12764 27.632868 99.24266 53.609486 47.087944 13.534349
496 49.55318 88.49249 47.12491 77.82785 74.059074 30.862421 29.742819 3.306806 20.417707 23.892248 27.88565 32.919586 13.148582 30.236757 15.793199
497 93.34225 17.38075 62.668705 96.559296 4.2354107 43.007904 59.69607 35.285927 33.990868 96.349396 3.1661987 5.1026583 72.35183 2.1326303 1.0943115
498 98.950294 97.94659 21.639883 61.437 28.91556 35.933964 78.611275 10.9723625 55.115604 96.85975 69.937904 87.86764 89.7969 14.515245 6.8502784
499 72.24394 30.623055 17.937834 79.304436 51.730896 25.33561 73.37234 13.2523775 29.598516 32.39526 66.51123 50.676567 22.82921 57.229816 96.95095
