250
18
0 14.966744 22.053623 7.2619796 10.012174 5.9854507 71.42439 22.29631 56.634064 41.11077 85.8659 54.868145 43.528248 68.60434 77.97998 47.997726 19.516676 61.03307 49.481255
1 69.506485 37.294525 86.99894 89.27989 70.15995 52.42986 77.232864 89.49436 43.986088 90.052086 85.41272 11.301583 0.26492476 62.68171 99.649086 51.883583 86.905464 94.60884
2 97.98355 23.077656 79.122185 70.42295 74.23266 2.560103 61.296356 70.017365 98.16836 99.4336 87.270035 23.485899 45.74681 41.94838 41.49916 37.206875 15.589607 38.83503
3 34.724373 29.04327 82.20366 44.48961 30.155468 14.512676 64.83076 18.222486 94.47041 7.0947943 73.98908 69.21388 19.87878 11.206854 41.664494 21.028255 44.58062 74.01222
4 21.997982 75.90557 67.46537 26.918953 38.77997 62.01102 74.9557 45.72096 45.996315 72.89025 72.43304 22.745586 95.28196 63.110725 96.42346 9.56918 76.945854 17.100805
5 16.226227 15.88307 22.067183 18.217224 62.293964 51.533157 45.17211 84.83357 23.60177 63.777412 38.639797 21.562798 75.457405 41.129757 40.025608 32.485085 53.5104 46.07095
6 16.010307 24.390148 7.7246428 70.25523 96.08086 70.56314 13.214761 23.0354 45.02908 27.613634 2.348411 14.141666 55.93724 81.39545 16.435677 47.715836 39.837635 14.383078
7 65.52664 32.720314 70.33047 21.212513 73.99391 35.670628 42.078053 75.77592 78.177574 58.903713 22.532595 60.660698 13.715863 50.977367 13.082719 85.28474 75.38957 26.645964
8 5.9134064 34.305073 75.29684 50.084938 88.47378 33.33378 47.686966 76.113495 41.055412 89.31066 15.36696 36.127083 22.433609 41.749256 15.616285 35.895897 91.959015 46.244656
9 88.180046 15.473068 67.36474 39.92489 17.145872 22.909546 29.644335 10.820871 38.146877 15.575952 18.739569 99.36539 25.984795 19.493902 95.85039 4.4119177 51.859863 18.589514
10 4.6474276 91.357 88.165504 84.173454 39.551918 13.283216 69.307045 88.759544 14.878345 53.705685 24.097836 27.655596 34.658897 91.756996 46.649128 23.255932 45.340126 26.799881
11 93.79033 38.857628 38.532894 92.89332 96.23382 35.896553 80.18721 46.696228 64.048004 77.10359 17.84944 41.779156 3.4479082 91.12465 46.246952 63.493008 48.194134 56.10431
12 50.854702 11.145133 34.557922 41.63616 52.160828 86.94751 11.226749 32.93177 13.209539 6.7840457 4.8662243 87.21385 68.115326 48.10981 46.308952 80.921486 68.38346 21.123451
13 72.310074 64.61003 11.119056 5.6871595 32.105297 69.284256 12.955481 67.30915 58.057034 98.73017 75.48993 18.919039 74.71497 94.18132 72.198555 63.284958 72.70083 93.90437
14 88.54792 54.935104 22.815556 6.1146617 1.9685864 95.60806 44.33753 20.694267 77.466415 97.88383 20.119566 56.70668 29.188835 56.118423 3.102851 58.467857 4.8167467 79.56175
15 25.359291 44.291348 55.1147 11.084223 75.676895 86.88494 67.547806 56.839188 86.75355 72.21146 53.083736 32.074642 82.8137 80.47097 56.974636 19.86987 5.273509 46.31422
16 15.600091 90.56478 13.128603 49.617535 45.80681 26.88843 59.012775 28.860289 44.37219 94.15684 67.1772 88.632324 2.3294926 26.340788 89.58034 34.90871 31.31683 21.305143
17 27.285498 36.872196 31.557257 45.159286 70.673294 4.213208 48.562748 93.56203 10.641688 32.527687 8.512515 93.1855 88.84941 6.7626 51.130795 9.614855 5.835634 40.287556
18 99.73759 58.060204 67.00802 43.32105 97.2378 53.76407 76.33305 63.897324 65.73153 42.341377 52.200912 83.67131 8.065451 82.99544 38.297092 12.535572 99.20968 25.177526
19 71.13322 44.73699 21.355164 91.42899 84.72083 75.96723 81.916115 14.554977 29.077507 48.35722 41.33449 48.68087 33.00991 77.59307 36.176086 92.9542 90.912796 14.210093
20 51.250042 9.5532055 18.955475 16.799862 6.4576745 49.19175 36.61307 37.2287 34.176468 96.4712 46.463158 82.42566 30.918772 32.290573 27.748632 70.82625 42.790646 63.215233
21 29.454815 17.690123 53.247673 59.413124 56.426567 87.34448 69.44459 58.75004 30.035383 43.599594 81.062546 59.207916 73.58498 15.362322 94.140396 23.331606 5.3180037 2.622074
22 18.71702 34.36164 9.669065 59.848988 29.904705 65.57655 24.226517 67.33727 89.56626 82.715385 7.4550986 95.61908 42.58005 88.80757 5.144894 69.80208 15.579855 24.994839
23 84.15203 87.14416 95.19475 57.742455 55.459328 46.53195 40.644913 49.020893 27.898294 28.498405 55.842663 22.473097 64.83912 61.283978 67.98477 95.20832 12.385094 16.063547
24 12.398595 45.684784 15.528607 63.237293 31.82578 76.226654 82.57539 63.590622 57.41468 11.195028 24.97291 61.701973 38.776634 44.88891 24.35131 44.31426 42.187637 27.14501
25 28.776186 50.147438 95.34174 98.64998 81.41086 98.0374 50.256233 75.555786 45.29183 92.12675 84.572174 36.53822 23.848152 72.45225 7.4830236 1.4650524 37.069862 89.58314
26 67.06483 64.90987 4.5896587 77.43592 28.393661 79.489426 98.93748 90.060524 59.35231 82.1075 62.22223 18.656742 96.59186 43.41095 57.664497 53.499634 86.183235 58.920185
27 41.73693 42.549984 90.83757 15.265518 63.9664 91.5867 12.274593 71.68423 8.326017 68.56939 97.77032 24.414713 94.0232 13.031888 33.824856 37.929924 23.608707 6.5935254
28 97.279396 64.21164 54.74323 56.689556 50.408615 50.671185 38.524555 57.463646 67.16696 94.12501 4.67695 71.092804 43.83043 6.751168 32.621704 72.85236 30.019701 58.564926
29 60.786205 3.759867 62.09772 77.09856 95.58037 7.0102096 57.09928 60.15733 60.20062 96.540016 43.87953 72.315506 3.5503685 27.409655 51.581234 94.843475 85.64325 44.30184
30 21.650011 15.70971 90.24467 63.903946 56.616592 28.934223 43.38358 63.426952 10.172451 47.699364 50.719273 66.74074 72.45997 74.12813 3.3766687 33.857178 21.061874 50.4613
31 44.382996 12.618059 21.302462 95.50625 72.67302 23.853725 43.871075 99.75898 83.01902 44.943016 68.46718 69.64522 75.234604 80.16168 99.47705 22.078287 99.46337 59.551056
32 94.26976 95.24431 53.9681 67.933495 2.5019646 59.515686 93.07372 50.366436 12.115765 47.041065 94.0874 74.55029 66.084465 22.30454 39.23519 10.832172 45.30145 55.29384
33 90.84303 49.389946 44.52471 39.431934 31.888247 46.41025 7.5037775 87.73868 49.206985 37.62596 37.157894 1.4895797 0.4268229 91.05087 80.090256 8.681732 8.277297 80.30152
34 70.268684 26.718945 5.303317 36.251663 43.148518 90.76741 28.96738 95.20807 32.94056 71.15215 70.29022 75.17604 96.53035 58.966328 69.97101 23.507946 67.44132 46.81638
35 53.58658 36.271973 2.2240877 53.45603 4.044503 25.576002 5.0779223 8.161247 94.82055 30.930508 90.014145 8.321344 94.32364 36.19478 94.411064 16.184801 0.48782825 67.94586
36 94.655716 56.380142 58.69332 44.023598 90.301575 92.17516 46.47894 93.8865 34.687378 86.94426 99.154175 43.171547 59.468124 28.551514 83.08641 2.959448 0.52382946 2.9541433
37 62.680584 15.7398815 11.067545 32.97921 25.246643 22.547657 92.61547 46.679695 30.240917 43.359142 79.266075 43.750374 98.75902 21.322721 39.23111 89.05877 1.4511287 13.031948
38 68.85208 69.3628 91.83851 5.683315 27.814562 6.7486343 53.758877 78.002 24.64757 73.2962 30.595987 67.24195 3.885603 3.0945897 7.106018 57.905464 0.80801845 46.176422
39 56.904064 19.18052 27.099974 64.4739 17.693121 14.120835 87.05713 81.83451 37.594177 12.517792 25.352997 81.85212 57.770508 16.018469 95.48481 1.2091458 75.04428 54.67953
40 54.705585 8.892613 12.3059635 21.721436 23.744274 48.607 20.954586 62.234627 55.43126 72.589294 37.930107 33.02407 88.31551 18.527376 17.472065 67.258415 92.62701 0.14623404
41 84.73632 48.275196 64.960075 58.073635 2.8128505 62.50675 83.600655 76.70677 77.312675 29.317738 82.57365 29.915369 22.144772 14.432311 43.641747 2.538842 87.80925 18.987005
42 91.35016 13.831806 78.73073 95.04712 26.802408 75.41179 10.894937 94.2047 66.50321 71.05817 45.1967 83.733 98.95957 84.154236 68.133766 16.366112 14.747453 94.97322
43 30.276669 68.32424 56.698936 62.76116 27.611214 45.50314 22.324879 24.107647 62.49978 31.134504 97.45604 20.92247 23.567188 17.615599 20.567667 99.0192 9.02363 40.072727
44 53.869026 36.47407 0.34281015 45.598907 47.821575 3.2721877 95.18056 77.59011 28.442467 68.026535 85.12404 93.356064 55.0107 40.57494 28.292292 30.923384 3.3908784 21.905231
45 14.766002 89.96708 36.2065 65.07069 57.921608 35.946785 54.925377 86.53971 3.4076095 96.19919 65.27109 99.843376 23.96769 13.918185 71.266205 29.569118 39.636757 9.176379
46 84.976746 49.891483 53.8755 65.50221 59.30856 38.184254 44.642414 92.686775 25.9606 40.139366 70.71751 89.675934 26.138569 71.60578 6.0903788 50.391777 29.455656 86.496864
47 65.01943 76.470436 38.490913 86.10208 26.385563 17.110842 9.94609 38.544643 64.94011 81.97416 95.758995 87.57903 88.53419 29.391026 21.72702 16.11371 11.778641 31.621492
48 0.3131628 64.52802 47.99525 50.730534 86.805824 98.84436 10.770398 13.512957 72.652054 54.9974 4.7113 69.110756 0.6642282 17.750996 80.74678 17.360746 38.306534 5.2562594
49 95.93438 54.90129 57.107277 40.885662 70.4717 46.62625 8.435446 84.94876 77.51371 65.73773 23.757523 41.38469 44.331337 81.513596 86.69661 33.790665 28.987593 11.632085
50 55.709602 85.49907 65.54172 98.70626 61.246387 28.239006 26.122719 48.360886 56.442497 80.650734 21.152168 60.081055 82.61541 73.069534 73.46973 50.08618 82.293915 79.123215
51 39.86076 67.10671 85.727684 42.425526 79.05498 23.19978 39.632927 41.68666 51.021416 40.231956 87.47485 17.655474 83.503845 62.5412 42.32448 27.273518 21.210312 23.290384
52 80.02683 95.13609 26.69204 18.425106 81.161026 89.76258 83.332794 31.797361 44.45472 66.28093 46.446938 38.323944 6.643838 30.995613 42.49008 60.986744 29.261166 4.063785
53 55.87179 70.586845 41.828377 80.342064 2.6884317 44.532753 74.05826 25.64013 38.54156 69.23582 22.905272 45.44385 8.961696 8.125174 9.902149 39.028515 34.11972 18.665731
54 11.770523 6.2135577 40.591423 93.41367 34.688496 23.317915 60.871304 4.9842477 37.04536 4.725808 22.847092 37.309444 44.532055 36.495884 36.098206 96.763626 97.83845 17.333036
55 47.03212 79.2305 0.19850731 92.74622 10.698425 62.135876 8.000088 82.153206 1.6097844 34.599102 21.426022 1.9439101 29.851978 41.448414 67.69999 95.01843 20.796383 16.747839
56 31.36859 18.078745 68.26165 15.107119 23.86741 80.04001 51.24713 11.363345 18.412716 0.46828985 65.427826 54.769115 21.36435 87.13649 22.3239 7.694292 43.263634 51.874424
57 4.112297 22.707676 52.719498 68.1882 80.92171 68.97307 95.46664 61.01681 33.44667 88.956726 85.83287 35.92267 17.94464 80.84814 95.42373 43.48045 37.066906 68.75268
58 86.26777 15.202009 70.25986 51.09662 45.485313 44.64351 86.20622 43.826508 53.579105 55.074787 29.321611 46.4846 56.841133 41.005283 97.854385 20.258993 59.583813 81.77105
59 25.645739 43.364952 17.704338 52.173306 38.892216 92.89733 10.561389 37.760902 86.92808 37.450363 22.676765 54.772438 78.5359 31.741488 55.079388 70.06314 86.838715 5.1718593
60 53.20357 71.66756 93.47645 79.24367 24.470991 2.182132 11.387259 34.130783 84.66929 95.1456 72.77558 49.124683 23.948515 48.367302 70.24243 43.37471 96.95745 91.081375
61 52.879723 47.09585 88.919 6.331098 71.50281 95.575676 82.19 22.615688 37.04019 91.78554 83.2749 95.12775 60.153625 62.661564 75.88265 26.503103 17.977726 0.20430684
62 44.265026 88.586464 92.80796 44.049133 85.89653 73.04051 27.805883 16.243011 72.007774 31.509197 84.31877 52.35011 57.3362 41.366814 85.0282 2.983272 20.790941 15.784348
63 15.461713 75.268974 90.93862 45.927643 94.85012 90.009865 74.00922 36.634457 35.12673 94.38414 27.517117 57.02822 86.09718 65.44973 74.92262 45.407097 25.31998 91.60163
64 21.668964 68.65113 35.706974 29.122574 41.37616 64.63467 22.76553 2.2931337 54.224777 80.094826 40.06288 77.97306 14.2029705 33.530224 7.010001 80.47789 74.81233 74.492645
65 41.363876 77.864746 76.24023 7.6529207 71.6713 25.880629 23.427074 96.90077 6.774807 86.85121 31.719297 45.16789 92.83593 85.295265 53.046055 57.397797 88.27791 34.19982
66 54.248375 73.941925 96.5977 81.40696 64.09152 10.5171795 61.94675 26.728827 95.688126 48.657818 6.343979 41.072506 65.94504 91.33804 56.789814 49.4286 97.92768 75.19625
67 19.633717 92.03199 0.73240995 20.688408 35.36144 50.873055 64.90062 0.726074 24.375021 72.122 0.2443552 27.169048 81.0139 55.58725 33.137207 42.259766 14.498115 48.283558
68 98.1272 72.08506 79.96507 25.322676 25.731724 53.872406 6.4328966 74.00558 86.372665 4.8759403 60.281784 99.10144 86.81017 13.34908 89.438644 23.317062 87.65515 21.264202
69 64.42995 77.926155 71.41617 42.716766 65.19653 27.039373 13.209438 44.09614 87.21831 84.21217 9.189552 63.933342 45.06409 2.7320087 89.71147 97.72749 6.763154 18.284153
70 69.29441 30.947685 77.00394 13.613462 68.019196 0.81050396 72.527626 54.688984 28.7602 72.411255 68.4373 13.711082 71.64997 59.467896 91.539536 69.61233 86.731705 25.512993
71 56.13633 36.59171 3.515911 3.0931711 71.56764 67.346146 73.0806 40.72573 49.757324 63.24729 5.7074428 68.39543 38.337154 78.53981 71.41336 89.69368 41.730328 61.057655
72 59.010643 3.810978 42.790855 35.877407 13.717437 14.057082 32.958817 20.224916 16.36281 36.032803 13.953102 93.85917 6.719393 11.701411 71.146545 26.671946 87.59555 13.162905
73 93.129814 48.52503 18.486076 68.73501 36.556786 1.1198342 31.5843 14.871401 5.9781017 30.243408 87.88159 10.440296 38.622562 2.9069364 66.317375 98.95026 90.40533 88.098656
74 19.200062 62.51034 6.0647964 44.084843 77.41758 35.778282 0.30779243 57.94557 89.62622 85.07368 63.038403 84.42414 91.2936 67.46817 47.835392 7.8596354 28.132736 66.32699
75 84.31484 81.18562 80.36817 16.844881 30.168951 84.49675 21.005423 40.036404 13.622785 48.860126 84.724365 62.909103 10.723186 41.78648 61.394245 21.734745 11.006909 43.55297
76 67.0311 94.067894 89.23867 19.417864 88.120476 42.13335 67.42808 24.286497 65.753174 48.16889 0.40207505 52.737034 52.426834 93.08361 87.81643 59.216927 75.42104 49.253197
77 26.434803 37.961124 10.440027 91.36466 97.40225 38.609524 62.12971 54.94603 95.51585 47.023003 63.82175 8.6401825 70.387695 28.388357 17.456018 35.533142 64.95549 84.89656
78 61.416405 12.118519 14.885813 48.175144 64.62774 16.02478 55.712257 8.912468 30.660809 9.766894 73.54141 85.95373 57.047783 25.888115 13.1462755 84.35939 29.103167 96.37188
79 15.361965 67.8449 51.171196 17.632748 17.828089 33.57597 93.585655 52.304493 1.0244548 85.94863 93.252 35.062836 59.772594 46.77378 17.476963 55.53998 1.2880445 49.80845
80 32.621796 34.763557 19.643694 61.991882 4.7980843 29.298603 36.130024 67.77565 62.93137 90.26803 71.275955 88.86865 34.166954 62.615074 80.83639 83.39821 97.181 37.355244
81 31.285345 46.32659 15.19422 9.210891 54.51624 88.93232 2.384895 51.05815 33.591946 7.8012047 35.294693 91.235115 66.37273 13.171965 55.359673 80.21494 99.35333 99.30514
82 75.83599 8.75544 45.551414 34.014618 32.396168 3.7757635 6.107998 75.403625 23.12786 83.32306 21.500307 97.52878 12.468534 14.580572 33.85406 6.0880303 11.9628315 44.50103
83 53.514004 34.76181 56.154175 80.953186 80.33931 43.568794 17.25074 1.9372761 30.497742 55.12406 20.58239 84.21013 93.01424 2.1697342 52.74678 32.379906 74.97542 60.908104
84 84.49936 81.06203 60.900826 76.790535 44.954746 50.973778 88.978836 71.3493 86.931435 93.88913 46.05521 45.81452 24.994146 29.243666 73.693886 66.60688 27.948385 89.00128
85 11.353517 52.873974 21.55198 68.36093 39.60245 62.142117 40.672684 63.246964 19.005686 38.54531 43.996803 35.60685 99.347336 2.192986 19.950502 22.714502 32.50302 97.83174
86 16.315062 24.387157 1.6605139 17.392296 84.994606 3.77267 53.63089 72.20109 59.736298 3.7189722 21.433592 26.048882 60.82878 56.32686 65.72886 45.981567 24.74628 81.80236
87 68.372375 71.20935 86.50819 81.92077 34.556305 6.078619 41.643818 20.105505 14.665895 76.340065 96.85924 95.19249 38.922245 41.260918 92.879196 99.33365 70.71353 71.31731
88 78.87746 56.197887 64.6641 2.673906 10.119247 56.718468 57.19191 87.38558 73.941055 3.2429457 97.61066 20.7743 64.31589 85.25597 31.60696 44.842304 82.64267 1.1206746
89 93.84042 75.53924 48.012352 9.837294 27.964348 60.429157 30.31103 8.027256 88.84737 46.588863 45.702892 32.65835 59.305088 82.758644 68.189224 55.93566 31.151617 27.771265
90 50.269264 70.86055 14.591342 23.576557 17.755228 33.83429 90.44388 76.793915 11.348951 93.04626 53.790558 90.25894 13.815462 60.991745 95.52751 84.64584 94.94732 98.12914
91 67.99465 40.66487 65.77119 38.287987 3.123647 91.839966 92.68782 69.92081 25.023926 75.31385 35.852463 69.65587 85.029976 48.915207 43.80153 83.92168 65.203896 53.829277
92 28.13362 52.806137 48.174942 17.172974 23.289108 38.9754 46.866425 72.687325 92.78897 48.662567 69.78472 32.28314 5.6456146 35.7625 66.61482 69.53296 76.31683 52.31332
93 38.18115 8.179307 35.120308 26.550388 95.50587 25.672632 90.35459 4.787904 38.654613 41.57374 20.69087 16.183191 79.03994 22.82579 29.22697 4.598588 13.406622 88.457214
94 26.76329 2.986461 46.213894 72.815025 39.514328 0.738585 54.732574 23.1094 49.065937 10.077959 60.87936 79.59734 33.697147 74.70857 61.416126 57.43029 49.288116 72.51731
95 27.262598 11.886602 44.32764 48.146725 99.73212 93.81369 71.7206 13.793725 30.740261 61.59001 35.1987 84.76661 62.50608 8.318579 80.487595 66.34223 54.82872 38.379
96 21.625154 90.56098 12.353813 12.554634 36.916714 65.09545 65.83286 3.9376795 3.221625 54.60853 28.525675 22.483032 83.175415 70.51929 97.713524 80.7795 79.45607 14.324617
97 50.7056 70.24419 10.509497 58.14726 1.4711797 79.99569 0.77727437 73.62568 27.666014 31.15884 68.251274 45.31966 45.706455 79.896255 6.259489 50.231216 33.855293 2.2093773
98 13.222116 12.650156 68.00668 53.22767 12.476558 79.20591 12.795424 60.593296 8.235847 17.683792 80.420746 84.498146 47.71273 53.84853 42.593185 51.350796 53.116917 91.27679
99 26.522827 40.91493 70.636665 42.16302 95.91897 1.6038656 71.97891 53.41997 72.429016 60.53503 73.20978 77.40122 84.48308 35.604126 86.46623 84.54398 89.61882 99.4539
100 43.86953 84.54542 36.340405 69.57203 76.24371 40.78596 53.527153 36.20391 58.922966 71.10304 53.279667 98.2202 65.22602 7.2636485 38.61053 66.007416 77.60502 80.214485
101 35.104687 45.888527 74.870636 42.094345 37.95436 30.12665 39.401047 76.82913 37.790615 44.379353 54.315376 75.71266 73.476814 16.275347 1.0021567 13.58344 53.298996 16.865635
102 31.223328 94.982124 91.397705 34.904915 4.6567974 2.0189822 60.261227 92.65559 26.905107 59.662407 56.87932 23.150206 39.70136 96.90708 96.7907 51.13218 44.620506 69.985275
103 71.60926 53.31796 44.697178 86.70075 49.36004 94.846214 70.918465 28.40851 38.583862 26.023478 98.87086 71.51337 34.98004 81.526726 26.45641 16.058905 89.46376 9.428787
104 68.44931 1.5276134 77.84332 2.6826382 64.94711 34.941463 71.6116 45.508133 6.000471 43.367077 46.14597 82.504814 46.713078 50.6835 64.285255 81.86447 49.035282 39.71656
105 19.976639 84.93781 6.7855954 7.3987722 56.448006 3.3430457 27.895784 28.35653 6.963044 59.07562 96.5677 76.19806 72.270546 31.53608 72.34904 90.78053 8.791697 23.446114
106 2.7872145 41.93917 74.63789 32.244926 1.3258994 7.6937437 68.76764 88.283844 37.79797 29.000605 11.837697 21.064026 90.88825 8.944357 98.2564 41.551125 51.244694 16.179626
107 98.094475 85.473404 41.77789 18.818766 88.15153 79.25239 34.688663 93.25681 34.7278 48.174274 9.794628 14.135104 60.4365 43.497093 77.99853 67.33568 85.45073 80.87484
108 19.771051 32.198788 4.460973 42.80144 89.14265 35.757233 16.687906 40.331173 57.055412 88.437584 72.7267 68.27955 7.4763002 4.205799 1.781112 39.17055 19.184113 89.41263
109 81.7795 86.659584 24.699247 43.563915 66.5635 82.87246 14.819521 55.905563 75.22953 86.47083 77.366 47.140347 23.021687 1.2550056 17.048466 2.9112995 57.97239 77.28259
110 90.16331 71.08689 97.62846 77.91212 13.781256 58.619236 3.3600867 93.536064 30.126493 15.135795 11.416989 34.269722 49.26066 42.845173 68.37108 34.295536 78.5479 28.231262
111 9.980715 56.276608 17.584764 66.87977 25.754625 78.15526 39.53834 4.19479 73.3215 61.218334 51.66714 61.34843 36.6756 48.57373 82.03391 66.25545 57.83167 89.740295
112 49.20239 86.43135 42.561306 69.06706 55.497925 26.092756 35.68409 73.88865 90.974464 29.67143 50.653137 39.978325 28.64961 42.9812 0.5175948 75.825455 36.240013 50.601517
113 24.191141 88.950035 75.258194 1.6915679 2.543354 13.847095 24.938076 88.551605 65.21088 95.76197 71.373276 73.99617 61.061054 92.43263 77.122536 10.250235 95.60726 68.8567
114 74.31901 27.940983 77.86214 31.271427 56.28274 37.213455 0.42122602 55.660343 25.362087 1.489377 41.110474 44.567036 55.112602 59.418533 96.23061 1.7163455 55.17029 62.708466
115 66.02925 56.387093 69.807846 11.388427 27.077532 34.685028 74.010345 37.360477 66.08607 50.426357 52.115685 59.567184 70.540276 38.421993 97.09114 96.577995 86.35656 43.273033
116 67.130615 25.745033 57.35851 99.6335 89.54012 62.243294 59.360123 39.115883 39.22474 50.296066 69.446465 55.01722 15.207845 5.758458 62.89956 70.80248 38.52037 81.12018
117 83.17937 40.331722 38.82759 87.08426 69.29988 57.256447 45.957367 59.434944 67.514366 44.498478 62.0142 5.2423296 75.929565 10.484404 36.277008 61.941975 29.80786 1.6250551
118 70.16799 8.91645 98.00108 6.7507324 35.138874 50.396122 26.11692 11.74851 29.557014 46.355213 86.385635 95.97118 39.106773 74.23495 17.323357 67.1331 1.682514 17.469799
119 5.5402994 60.973763 35.384064 69.67973 57.5947 75.11649 35.490047 27.836859 69.63434 53.99822 21.948505 99.59808 47.497063 10.784042 57.070076 34.25809 88.57419 31.65298
120 8.131146 82.42228 70.50098 3.1605244 1.1995137 14.5943165 19.86556 81.52099 70.703384 65.5464 58.671467 57.14421 19.407272 90.78341 57.113815 83.703735 51.18071 8.878904
121 1.0101438 40.068108 55.20419 83.26781 11.452371 78.815285 6.321442 57.606705 16.217215 16.558378 98.6995 77.498634 58.302135 20.285685 65.69297 99.73022 60.56756 98.270226
122 20.033342 38.75003 28.603113 73.30618 7.6978326 23.55811 31.145514 86.11651 33.88644 20.168608 21.022774 85.34573 38.596367 13.1042 54.858982 21.764654 65.78556 70.79935
123 99.633934 93.891464 47.832077 45.20793 24.454128 32.462543 75.005005 65.27065 20.168245 55.913235 17.36073 81.203766 54.177742 48.664116 38.57162 44.887745 97.1897 80.52491
124 82.70333 78.093636 79.78521 97.46084 16.212893 81.07497 84.39569 21.412975 79.08798 79.43071 20.267689 26.484919 97.04448 46.423866 90.74163 38.825386 57.314896 84.50142
125 51.97296 92.7359 75.37586 6.045574 96.19832 72.261604 20.87366 35.89664 19.72015 58.691704 15.219593 22.492044 62.68955 74.47707 18.361002 10.192084 24.059343 74.101074
126 40.921818 1.2025416 58.12065 45.013176 23.39229 44.2114 79.00291 86.013916 34.788628 90.24779 24.397118 67.18663 47.969048 80.22481 30.355936 11.891675 31.66495 88.085884
127 23.945623 96.31931 64.65976 67.43982 61.19944 31.049616 75.1297 6.11034 93.48795 68.96289 57.970398 14.269418 88.130035 98.21841 40.302856 78.962 18.68186 2.9697537
128 85.92585 46.11723 69.53647 59.672302 34.21727 14.893091 18.730932 36.484623 9.152889 86.79783 5.493188 57.15649 56.289978 30.913078 96.17899 10.278863 36.64993 48.21447
129 7.777935 37.756313 38.63484 23.012209 63.842678 32.32212 44.948112 82.54529 58.070164 48.886223 88.79034 80.45029 8.199347 76.08363 50.513165 23.942984 52.563614 86.73645
130 25.893515 64.91443 86.53544 54.778133 54.00668 22.631962 52.026703 83.8006 35.412766 40.291153 83.77406 82.61897 29.42012 53.2906 17.77038 66.51747 67.259674 56.86431
131 74.138466 81.11383 1.1145115 61.73558 16.03387 87.59559 67.431694 64.94199 42.671715 13.535756 37.443005 99.17868 15.974319 39.24908 64.29473 57.231857 22.120922 33.925392
132 90.90337 81.705765 89.747444 83.358696 27.196716 16.725773 91.80765 18.327337 31.661732 4.1312337 47.09182 92.48196 77.31018 77.42093 66.844666 5.436844 53.808628 32.010525
133 1.3802469 81.67143 58.433945 88.89627 78.422104 11.430144 81.85276 93.34658 69.277695 25.220585 68.9411 12.579191 8.874762 99.47483 68.727554 92.40581 51.94559 94.74137
134 15.142382 67.479 98.855225 78.263985 55.980034 72.06229 32.158566 25.388409 71.04116 86.230156 88.17605 75.89081 61.831123 58.218445 48.750095 15.579283 19.788343 38.479485
135 86.74721 85.47763 73.44098 30.103874 77.47955 92.22094 8.102274 27.968008 97.523796 7.196474 45.98251 73.633286 55.713814 28.237175 66.501144 72.09974 29.491526 17.66538
136 53.020775 91.50803 37.24239 82.1025 35.402054 28.355711 45.456635 82.177864 90.21543 63.375145 53.09587 40.12264 89.97313 40.60332 86.76949 87.82019 7.5080276 72.11095
137 84.41315 81.36222 75.08217 40.167248 5.0997677 16.253918 33.725388 38.176125 24.203808 52.405334 45.767086 51.46973 9.994274 93.789 61.92489 32.992218 16.2777 34.544796
138 58.360725 20.114332 10.186762 53.34498 83.82699 74.41893 11.664653 9.531033 72.73441 2.4787247 86.49242 17.9959 97.32485 42.665302 75.52293 81.67182 7.0818543 30.198473
139 84.60789 69.016975 62.33049 93.34688 10.835868 93.85907 33.246864 90.365204 57.251064 92.698685 47.11131 85.90474 39.121967 83.00919 12.805491 42.828854 16.8132 9.666848
140 89.7906 90.2312 92.93436 56.438618 51.945198 29.685276 82.058945 78.044556 97.8299 82.1011 30.101496 34.856213 96.64065 18.846714 15.398539 27.514875 22.080761 88.886154
141 75.46159 99.93955 98.707825 63.534134 50.86934 25.190485 71.387985 1.0340512 32.26921 4.872078 58.02518 52.596874 7.2024226 96.16949 78.74596 21.922756 82.503006 54.753452
142 86.542496 72.75633 65.213036 21.753872 90.65411 88.95432 12.97968 40.455353 45.655228 3.186965 64.242134 16.530197 27.58727 62.131626 62.479763 14.280444 80.10422 15.289164
143 38.48949 41.859215 55.3909 42.865097 84.016624 28.692024 8.767408 56.07506 70.817 47.794376 14.931202 55.385612 55.931103 20.417393 35.542583 52.279686 88.96431 48.046303
144 80.4741 95.89353 55.66973 11.387783 11.976952 84.1263 67.10705 23.333317 56.03695 30.4528 30.90527 15.26317 17.381466 42.616093 24.301105 17.305613 73.35134 1.6429305
145 64.08431 83.70017 21.874868 2.279079 30.595118 36.203342 25.094736 86.11057 28.53722 0.05660057 63.134407 12.5139475 41.455917 88.506546 52.69339 30.416315 76.96161 29.886229
146 98.58726 34.961597 81.64067 4.0575624 9.268368 80.951294 86.39124 67.36266 91.35866 31.79806 90.76232 53.484093 35.1912 15.201926 7.6882005 74.68118 50.49988 40.39914
147 24.533218 48.2239 16.235048 76.27031 32.1466 97.52267 73.85108 53.52046 78.03536 39.049603 42.45186 10.311312 92.97242 53.82394 35.351204 60.95294 60.35369 46.714943
148 49.675674 7.4267745 65.20426 35.38388 17.68908 98.55527 3.5223186 52.191185 4.9464703 50.560635 14.066005 32.244873 15.896929 93.631165 32.971764 45.93538 92.1687 84.06812
149 68.79298 88.32441 27.819515 91.8109 61.52863 85.729515 64.96324 23.885845 66.64903 23.43161 3.3491611 99.912575 94.507324 40.852516 59.940655 44.60855 20.152681 11.588823
150 45.89895 81.700424 49.54691 6.6945257 5.518776 95.282265 9.456372 88.48843 46.79343 99.02362 1.5841305 58.395588 18.926495 15.352374 91.37347 71.95022 86.08817 99.510506
151 60.717316 74.68869 57.180763 44.959267 46.723686 18.404882 51.78656 13.80952 78.70385 3.849417 76.5929 49.652744 58.46814 5.7142854 13.504219 40.309734 58.447308 62.502525
152 59.755146 8.600741 24.531126 28.049267 36.33858 63.339912 10.068619 55.008118 88.97765 47.496407 61.256607 12.081093 36.032974 72.03686 57.018955 76.24788 80.79094 32.6218
153 46.12288 15.402561 57.48183 21.389824 46.180145 13.854432 47.398132 80.90511 81.64011 47.88014 5.205518 4.409546 57.011955 97.27467 17.855818 82.31249 36.280655 64.54851
154 66.63032 84.93645 36.543613 50.53029 34.282227 75.54425 32.843494 14.694285 46.84128 74.29439 9.370404 93.13675 36.53549 65.759125 9.829259 95.93539 76.93246 21.812433
155 24.804401 99.364296 62.574608 23.92949 77.203636 54.38831 67.16122 29.178642 6.941533 69.87239 21.1102 61.43376 24.352383 92.42512 50.820427 91.65632 67.64582 91.721695
156 38.17159 30.62182 15.082103 94.05753 5.0740423 15.3844595 27.314442 62.86514 39.86129 62.34254 22.196705 54.645435 40.959103 59.300667 63.77595 35.442513 9.837699 14.801866
157 12.480217 6.412345 26.338673 2.6661217 75.78706 88.550606 51.96098 74.62356 91.842445 64.160576 42.79779 44.7386 4.331696 75.6334 96.05704 20.613844 59.93466 76.614
158 80.30606 1.8310249 2.2893846 4.2348385 7.898611 33.484715 3.7185073 57.976223 41.92792 78.809326 81.02824 96.57891 3.2725632 10.670066 80.271706 91.577614 64.94347 57.02491
159 91.091125 48.28987 20.39631 24.372322 0.54036975 42.894302 64.44971 58.743275 13.381928 49.537754 74.96652 43.10633 27.798193 92.75772 70.84435 19.32202 47.121925 57.99212
160 7.767338 22.261106 47.248695 3.2332957 63.551003 22.707462 81.33486 16.189713 36.034954 57.57907 46.507454 58.432137 99.92693 33.260906 27.732246 87.26917 36.670147 86.95607
161 70.62704 80.42958 0.5014062 87.49178 74.609085 42.4988 21.909576 20.59471 79.87818 6.4997854 79.52468 92.966286 93.723045 71.620766 16.211378 77.297035 43.676464 28.035582
162 3.2648444 18.476707 95.118805 2.7583003 6.8801346 5.5619597 49.84451 33.808018 17.571676 49.497795 78.47238 12.479317 20.350748 72.15632 94.82559 70.630196 10.933601 26.023197
163 73.768425 78.58336 71.07024 7.9576073 47.51533 33.025105 69.58617 76.06616 98.98707 78.275856 40.5612 11.120308 47.05374 20.15729 37.18708 7.4252787 87.9648 62.616615
164 70.51996 20.99648 3.2209873 53.073544 13.155281 22.757387 57.7075 44.476944 95.6972 92.74548 17.00567 28.207672 10.978275 78.56605 91.171715 21.712715 99.8282 22.196192
165 28.46551 94.13976 50.624092 17.405684 8.8938 19.858038 51.02447 93.2795 29.17587 77.760445 77.65124 64.41761 90.83469 79.3671 61.808033 46.227245 47.362495 53.275864
166 85.69216 94.25565 88.42134 31.279205 23.364193 93.738045 25.24054 42.89909 68.69249 42.525703 36.00429 2.1549046 83.60807 44.439213 60.132744 61.60906 44.620712 57.054443
167 30.813873 64.22853 74.30484 28.227919 73.61543 70.01809 73.319664 58.619534 0.9860754 99.94538 43.753033 56.453533 6.2417803 79.17434 37.753456 8.214408 22.34227 81.399055
168 18.434805 91.40723 9.317571 59.03562 70.110374 58.487476 76.345215 74.65767 99.556694 44.2136 19.755405 38.386143 82.05433 0.68701506 64.01714 66.56472 98.54882 67.97306
169 59.209175 48.128025 1.8745542 5.2592397 3.594023 77.32345 29.360126 63.88274 94.4914 52.16447 30.36515 94.18852 43.303276 66.021095 4.7814965 72.06738 32.70167 30.501587
170 1.9732475 76.23525 14.8904915 58.222015 29.048687 75.980736 1.545465 27.731258 78.0864 22.418064 38.384235 24.856346 39.620846 9.491831 82.9981 56.71729 5.2871346 58.403664
171 64.07587 19.853603 27.300531 19.149458 26.769596 52.09247 42.984234 2.9088616 3.8050473 40.318172 55.75519 0.62191486 68.95195 1.0842204 2.0378053 86.78583 60.379517 7.5163784
172 9.020048 97.93833 20.780933 40.22165 38.826794 46.153038 11.321235 79.542366 18.706375 26.911324 72.62061 95.637146 17.66494 94.75068 41.11916 97.25289 61.409195 60.000145
173 79.07928 61.960495 88.55305 45.640797 44.782246 33.908493 71.202484 88.87694 52.59146 60.21401 26.962524 70.43881 44.72454 65.931465 82.12989 63.08794 94.851364 88.65208
174 47.67717 55.4545 72.877464 7.288432 1.2432098 88.45521 38.158863 82.1488 35.67723 38.436775 70.41277 53.228264 14.010609 57.243473 52.04006 25.522429 33.631706 87.05833
175 48.57285 60.453396 40.81096 73.62045 94.43007 24.095678 87.77208 10.842198 35.843353 50.275642 95.750305 32.568066 51.256527 20.825941 81.7525 81.924095 9.066421 58.904945
176 47.180862 8.155781 13.438189 63.499664 81.55853 76.86047 69.08109 74.7423 43.07273 7.966238 86.113556 67.77037 73.608696 41.633892 75.09064 96.39578 43.782703 54.467213
177 11.3404455 92.22981 2.9000223 25.073523 96.195015 17.111052 99.78438 61.252945 12.558174 40.237034 8.380711 22.100145 73.389824 91.40579 22.5681 82.331635 36.779648 29.890282
178 8.690304 17.521292 10.821348 67.91961 23.189037 26.014942 78.781654 28.311687 12.989557 23.543728 31.20079 78.83912 34.835827 41.46921 20.487225 29.325056 18.809425 59.736675
179 37.018784 60.730255 93.31227 5.6169033 8.28498 64.64197 11.680407 32.87081 16.564762 44.2077 22.46859 60.830914 21.205748 77.83187 99.76073 35.874355 21.74406 90.59379
180 60.38871 79.74299 53.678036 57.63672 0.76369643 0.08891225 23.298656 72.56711 66.53423 62.491745 48.009235 22.60099 48.19179 3.0743241 18.276089 92.77355 70.06551 3.8643777
181 63.79053 72.52314 99.21679 55.40298 24.454033 9.470165 55.204666 3.040266 64.09922 73.8945 7.5026155 64.20063 46.916626 91.49506 30.774944 27.023495 31.672764 26.277096
182 70.84936 98.63199 43.091583 56.20397 97.94542 80.35517 2.154851 64.48163 75.74402 63.095974 44.295723 53.48692 12.729329 78.32552 16.064512 87.44241 38.735645 17.586702
183 14.199543 46.576088 37.92923 68.65936 46.314983 68.84589 88.00947 71.49283 37.610023 6.078559 92.99138 97.52774 53.90997 96.85471 37.616657 17.049265 36.58391 77.51533
184 39.62646 69.742256 60.870552 10.679489 81.52348 61.72164 5.1220655 4.620576 86.07315 10.117495 6.4969897 50.28535 74.975494 64.995255 38.558846 90.75295 53.525787 93.24103
185 70.74521 12.180794 76.62962 84.35684 9.24865 58.993137 24.516642 72.269226 6.798726 9.021271 96.48883 87.69869 6.265092 27.84974 84.938065 3.871119 23.842484 63.670338
186 31.881302 94.94114 13.5665 53.968155 78.909225 36.07132 0.59579015 29.396116 76.55784 70.36087 48.444836 5.8346868 18.836588 98.49707 90.33748 17.041094 56.438534 98.928894
187 20.063251 23.190897 31.787031 10.413361 98.95702 27.288515 79.6215 44.903366 96.5009 85.72086 77.686844 0.9338558 78.991264 31.558573 87.973656 8.989024 87.96192 61.546516
188 44.87937 17.924393 84.657074 18.602966 62.95555 71.56608 63.668537 31.164116 14.218897 87.36969 75.56614 25.526434 69.28923 33.80826 20.447016 85.67732 84.147354 73.35281
189 40.10884 1.7490327 16.660154 45.95073 12.12784 79.53022 66.095566 80.30075 33.419823 12.333166 81.85127 42.53515 30.620361 77.41619 92.06983 33.778603 89.38895 73.13443
190 61.539383 88.15064 1.8850207 72.63607 24.429394 73.868484 71.35672 24.395525 19.440811 74.00566 23.014784 69.902 21.629793 96.04839 71.93437 91.687706 50.57571 95.60727
191 20.25057 19.430626 93.10171 78.490135 58.81442 53.514297 10.127044 84.890816 51.993797 61.142426 71.45428 41.824116 90.4883 33.42602 44.70259 66.33415 15.742463 87.8811
192 40.836716 97.67313 93.46349 61.158062 19.765127 55.90719 43.365383 64.790016 86.561035 55.635704 0.8733928 2.0837903 58.578217 24.148972 85.24257 48.33018 72.98397 74.903854
193 1.2987614 37.190556 95.22174 0.23061633 90.53801 32.89689 14.164936 66.32872 36.17064 86.81767 97.0637 2.554232 88.234314 15.58978 74.962074 73.501656 14.300161 10.557264
194 30.531574 43.254017 61.547043 10.413933 28.997398 87.29723 82.8817 83.00363 28.10865 68.90731 86.94983 62.036957 4.317027 77.32837 5.741268 40.446842 64.18785 67.8298
195 78.279594 6.199944 67.591805 55.89284 51.653194 17.141693 62.747402 95.52038 36.254585 98.97772 33.348064 25.244373 88.22369 41.44306 40.77 44.13754 54.226025 90.30643
196 35.98815 97.40025 10.140723 41.883957 37.908913 9.330911 72.09775 48.54424 69.25437 17.201471 4.515415 21.182812 95.1116 88.31741 2.0861387 52.303623 80.31003 63.970203
197 70.591034 92.20149 22.743547 76.783394 72.35629 53.391136 3.7555456 54.86342 66.271225 34.035862 42.211758 19.0103 47.558296 80.413506 34.66697 23.900234 49.720234 18.705856
198 94.16983 5.5628004 88.90109 96.456474 69.13922 4.6446505 20.713287 79.32198 81.09301 5.944866 10.639447 46.215176 85.835434 1.6540349 43.466354 39.14073 52.34427 69.82051
199 74.71298 28.05307 2.6886523 96.05786 50.35016 97.58101 45.80887 29.712463 40.764355 4.688448 19.171446 94.009895 84.19421 74.05934 71.757416 90.533325 54.877113 22.555756
200 46.443676 93.26104 35.812153 43.411507 61.804157 96.87034 17.111969 44.36123 35.208076 12.728977 72.93089 57.703312 8.659279 27.636074 15.283442 11.950225 34.24798 2.694565
201 36.88134 38.393753 90.83128 79.513916 50.40721 47.326214 51.390816 29.133928 4.2097807 40.098553 10.517168 65.56865 7.8617992 68.509026 43.03589 4.6990514 71.79424 32.61246
202 72.625496 73.45864 47.54628 43.892635 28.40405 20.988583 26.101446 21.383827 98.209206 98.87787 96.17943 33.86044 10.311818 22.004526 99.895355 28.295029 96.542336 94.17205
203 25.373453 71.638626 85.541725 47.069283 3.0093372 84.38758 16.656494 49.514927 90.2292 16.71579 44.775402 62.98156 37.71962 44.080894 61.36036 54.596786 84.93776 73.62987
204 94.5753 99.81846 73.808556 16.468721 74.597145 72.46907 44.236668 6.520772 82.04559 2.5449693 63.581993 23.437637 6.4522624 94.00505 82.55742 95.57008 66.57219 11.471134
205 22.905754 36.636913 19.205307 31.378036 16.313965 75.29658 62.43664 88.600784 90.75218 15.7393875 22.527563 52.025177 59.02033 66.64912 71.117676 14.044982 6.7982674 68.96805
206 16.258263 50.755894 13.788855 64.93622 32.739346 86.92698 14.2927885 83.52325 75.14988 6.980962 13.248592 73.85399 52.39364 78.58444 3.710711 28.330523 31.55473 76.47903
207 73.03689 82.22194 98.96045 2.378738 61.63879 14.439308 99.23212 22.684378 31.755363 64.50894 31.566984 84.04973 78.88703 9.437871 34.28756 1.1707127 47.644848 48.829056
208 81.97343 39.308773 1.9967258 41.409897 47.71236 72.82226 10.221994 36.809658 9.94109 91.24114 83.1162 95.243546 68.073875 36.125076 3.7336886 78.582115 53.033848 89.09335
209 94.6415 99.513664 2.614069 37.077587 28.52369 3.117621 12.323273 22.149462 27.069754 25.693249 60.34578 36.410927 46.26895 79.2288 51.11224 57.65466 81.18905 73.11018
210 81.69315 88.12609 65.53179 35.780025 35.061466 70.12296 99.02909 92.85064 65.80485 10.796184 25.186878 0.9973049 8.997851 70.87017 51.92297 11.72058 98.87554 13.648642
211 65.020744 30.24103 88.2032 91.24174 18.58095 53.4119 64.64339 73.13345 95.16435 79.202805 40.126152 20.759523 41.253197 18.18002 61.688023 42.500168 89.007996 45.20983
212 46.230022 52.28986 43.858864 74.62489 61.235764 16.847437 27.860714 43.168564 63.08344 40.339706 32.384937 37.577404 13.885742 69.17572 19.854832 4.6512604 46.820503 35.716175
213 74.90902 54.628445 54.002716 19.164764 0.4596591 88.72747 65.74151 20.03901 76.27586 0.49812198 56.47923 95.714226 97.456314 71.36454 2.0948946 26.974106 20.758432 83.22744
214 72.151985 6.726879 9.339309 36.56936 35.975624 3.5604477 54.959858 99.08543 5.3642807 35.18064 2.848518 26.915764 11.794644 34.631367 22.763664 34.119312 99.99822 39.22661
215 82.69857 23.700094 10.918802 26.085318 44.31521 99.435974 68.75778 45.867134 24.561054 17.6898 92.8498 18.639963 51.818157 4.5876265 34.56542 92.70905 90.96791 0.27768612
216 21.705675 82.707405 56.355644 18.845272 52.642452 90.35379 69.04314 51.827168 64.78753 27.157324 21.996397 43.67825 47.174877 49.17736 78.832695 29.091341 35.658924 39.988594
217 66.122116 21.418566 27.42389 38.569675 1.4912367 56.811584 55.43481 67.309 88.2129 34.873867 44.721966 24.144136 67.69721 9.948879 22.871471 28.526379 53.253548 10.5628605
218 14.002758 58.994675 28.40646 32.473732 16.3684 60.28367 20.474232 24.282425 51.34467 88.76895 2.417457 76.238304 99.13759 79.423996 13.3147 21.875645 72.4655 67.142876
219 58.209812 59.17694 62.565315 56.151043 72.30224 10.355067 56.18712 68.222725 41.130863 35.92899 22.18594 92.55377 18.959177 44.94599 1.5964925 25.46807 1.2434304 45.95038
220 75.706795 8.79333 85.90645 36.149258 97.961235 22.919481 12.011123 54.278248 43.16783 49.504303 36.00583 27.583635 82.41494 13.831985 95.48595 28.335358 35.58905 36.34076
221 1.6838849 50.152714 82.0096 44.256218 85.776085 0.508827 40.353638 9.102088 24.506586 40.991615 23.939472 14.6758795 69.310074 50.710403 69.09371 17.50198 64.62449 26.683735
222 50.572628 21.501398 37.777035 5.7229576 86.99067 48.398262 79.883835 9.398204 94.38371 82.03613 77.610535 92.860756 31.17131 99.17981 45.20005 61.883575 51.963253 61.472828
223 98.497375 4.3186245 30.2755 37.01103 94.21557 32.663662 45.985878 88.5445 72.630516 25.557768 57.2908 15.762997 17.315012 86.316475 79.35219 67.645355 16.288841 56.17366
224 83.3939 57.714455 42.7463 55.37743 66.67545 69.55353 95.814705 4.914111 51.808228 45.48469 60.89711 60.19302 74.866936 10.3292465 81.1734 71.86328 57.581627 11.1642065
225 25.701988 60.961533 16.780264 8.527928 2.0170987 40.280037 1.7077684 54.23811 81.70604 42.232346 19.707567 44.559647 83.53897 88.17667 86.15896 67.65086 20.487011 94.29557
226 33.97689 32.84235 52.391594 95.44672 30.168194 2.240181 65.9383 48.17897 55.98261 57.33791 6.556982 66.1983 17.492306 53.771503 24.341328 41.379208 14.687615 14.126385
227 37.293686 7.921946 29.407866 13.933659 12.206239 39.989716 10.967856 50.86532 76.15013 9.219563 78.83596 86.91002 92.536026 19.547504 5.1270723 92.29721 15.521139 36.04405
228 37.261463 36.518402 8.46957 11.706477 19.491547 93.40989 17.33817 22.746319 38.007034 95.417015 2.1852672 56.75497 60.201614 67.42067 81.22203 68.69957 46.941494 37.502457
229 46.497326 63.03037 65.14883 94.446846 90.790054 63.868046 14.846849 87.37975 96.75286 63.443764 53.464653 28.541296 94.79803 57.41025 64.437775 16.663498 91.438545 76.61292
230 86.048645 85.71341 8.410513 52.25421 19.421774 55.87272 91.33148 25.511778 46.33098 13.622034 39.131283 55.555145 53.007954 32.81132 49.07961 40.079987 15.796346 14.818496
231 51.7892 40.043396 18.916697 33.57968 43.7728 71.89621 49.753277 19.73409 87.46281 74.493256 29.212212 70.741974 98.366615 78.80385 55.41486 83.048 42.340424 62.890934
232 60.174282 34.67761 21.746475 95.28822 36.56392 7.637781 94.25067 91.352516 99.94532 98.774185 81.77063 90.43932 96.90786 84.00625 36.96177 19.440578 99.83306 46.873196
233 20.806324 29.494333 87.68515 69.89475 45.33605 68.25057 54.919083 92.25864 71.07418 97.23939 44.167786 24.734264 48.03962 51.48589 19.01756 61.482613 13.541615 11.960161
234 80.4108 56.65241 28.745222 67.713165 54.048412 23.450851 51.156963 57.16593 1.9320488 35.945435 11.629695 22.086943 24.533527 54.445107 34.891712 84.97215 51.96268 78.241066
235 12.455713 74.05559 74.19402 43.13814 89.35897 99.81136 28.490364 3.0192733 52.64079 13.907963 63.52144 56.16103 33.702232 14.05291 96.52477 28.724432 40.454674 55.49292
236 4.71496 4.4113874 82.999115 78.14657 72.84656 74.393875 20.849823 95.041565 3.521365 73.04498 45.600677 27.065765 78.95828 99.54413 83.41759 26.744635 6.2841234 3.9722025
237 2.6275158 52.110977 42.03769 28.997595 96.57629 24.585163 54.90232 48.68465 67.26988 2.5441587 73.40074 77.3988 5.3355036 96.89925 72.41978 41.36611 73.589554 45.06021
238 69.31391 9.360772 89.84424 95.23523 37.6093 77.49601 37.19721 60.761547 59.95229 45.49851 32.418854 12.304563 58.186306 21.532404 63.479763 39.087128 78.88196 52.04792
239 81.86001 35.16494 19.180983 8.765459 52.97774 36.057396 37.652237 32.334946 35.606037 29.249203 65.51721 51.061237 68.06386 0.2316773 67.9155 72.05114 82.63365 16.450994
240 75.9914 3.969562 80.24953 33.93489 36.948997 77.10818 63.00482 76.20102 99.61368 3.548652 13.246769 49.59538 51.53553 82.78535 3.5723746 42.31504 54.668545 35.263
241 33.339066 1.4460385 39.866596 5.950469 83.59476 90.36798 35.87156 54.440117 15.665036 21.375912 41.463726 58.325893 68.87396 10.445446 35.64313 38.02535 32.695095 64.37968
242 41.070812 38.087933 28.518724 38.347286 61.79015 10.753221 69.48157 73.837524 54.052162 69.52928 14.548445 74.66506 25.780582 55.35734 69.18885 9.76817 8.038134 66.08044
243 41.29166 55.62811 83.31573 86.07013 51.960884 44.232853 68.39226 50.67755 48.89596 52.21049 32.049454 37.417202 30.358875 17.228281 23.530573 79.28059 73.25471 64.71384
244 10.0730715 96.19047 65.40311 63.691784 80.20628 78.28695 73.26915 48.88861 93.17929 83.487686 68.67857 67.6519 18.579542 24.652308 85.60279 56.629246 58.937984 75.83519
245 58.01456 73.092964 22.224403 68.72158 86.94806 99.37586 71.261154 39.664482 16.924578 82.76227 29.181921 24.089645 44.313873 45.578373 40.404068 41.79214 91.2934 5.9336305
246 46.750473 26.252544 24.95566 44.92606 30.24388 90.05657 80.72406 74.0513 34.911335 92.37648 19.307877 31.518608 17.196793 52.893864 46.508198 29.213345 91.119644 98.20334
247 2.642274 95.75218 53.279217 4.389131 63.359142 4.613662 62.647892 24.9277 24.163515 30.416656 49.587967 42.218323 87.84769 58.347248 71.75101 18.821985 65.86684 50.347965
248 75.86898 29.89974 2.9065013 92.3931 63.629456 49.452488 57.721092 56.95206 66.86383 21.903133 24.819738 87.12453 77.49826 48.520668 70.60326 69.0147 36.767334 40.418316
249 26.79029 8.356894 97.027534 60.6804 33.899414 69.43382 29.399813 85.96399 41.477806 98.727615 58.001595 40.123337 40.799904 23.859097 73.59128 80.52161 53.826557 48.11381
