250
11
0 90.395645 57.132565 20.187717 18.83077 43.615246 43.67713 26.650995 75.58243 12.293458 29.765898 82.21364
1 23.555285 24.605268 20.485289 44.35501 62.74041 12.897712 56.158493 16.194767 57.91699 28.878922 77.75479
2 24.26173 47.97216 95.02968 87.54923 63.714333 44.473892 23.961527 90.81745 5.4726124 85.58856 91.45887
3 3.3388853 5.5473566 16.384108 74.10461 98.05186 13.913899 5.669415 33.016132 92.84353 1.7997563 34.061996
4 79.68961 83.46755 92.020836 44.529854 25.707214 42.07624 18.358839 2.1149516 36.607754 6.7566276 64.832466
5 76.121895 62.12287 12.5108 53.54991 18.2652 44.867157 73.87021 96.674904 41.94482 51.132893 46.144287
6 91.49129 9.106189 68.432175 21.352636 81.77113 45.495476 61.66793 69.1641 99.362686 46.31207 24.178904
7 8.4672985 29.40039 11.3712015 41.334297 95.13777 54.64952 91.31373 56.85464 72.57371 49.64059 8.845544
8 88.67345 47.882557 35.39859 86.47421 39.05807 5.266106 19.262201 5.068505 29.069185 34.03489 31.617868
9 96.44074 20.510738 49.45983 9.002191 44.00056 68.62197 95.82813 39.176113 4.6205225 39.269417 0.91241
10 83.23192 43.771297 77.75135 65.70035 78.9055 86.62141 99.032745 21.59196 40.94281 67.36086 86.853615
11 26.092058 43.083267 15.0187435 11.324549 36.856598 53.009045 49.334305 60.03349 50.15724 9.065729 97.95357
12 99.09004 93.58393 64.8464 54.815884 49.744816 62.099163 75.57114 17.837465 59.120136 2.190876 75.87175
13 5.9725704 25.116867 9.455835 70.95505 15.833378 84.72281 71.90954 77.57782 35.982925 9.809059 83.89818
14 54.79483 62.801697 57.189663 75.7358 30.572813 20.799578 61.428417 61.967407 84.197495 68.04506 24.859446
15 49.143036 87.59484 94.97055 73.86048 62.666138 44.46762 3.4551263 1.9593179 34.95416 24.296362 79.36674
16 86.30587 34.93129 50.119972 62.55895 35.90861 35.690952 22.50352 35.869823 38.38077 94.75503 6.693852
17 31.482178 11.398655 24.270397 61.69103 16.907097 19.331629 29.083145 86.42411 21.990866 82.316185 94.09362
18 13.572955 96.17638 21.230053 71.60882 11.546188 5.543047 48.45668 0.37366748 1.9951046 50.98661 20.955885
19 34.192722 57.860355 91.67604 22.978079 55.974316 85.72486 16.346561 83.84246 46.878933 88.15292 14.074737
20 68.673935 97.08267 45.269424 46.265953 3.0497015 19.339163 0.1698494 23.31065 16.3993 26.714302 6.5136013
21 98.69077 63.04689 87.06639 27.060867 36.511368 17.361242 77.35035 13.753486 7.076067 43.028633 46.75193
22 59.55979 61.114056 22.490019 7.931745 72.61236 13.806993 56.65363 17.018604 68.63955 92.376724 26.73573
23 64.98665 19.360548 18.510563 58.18755 83.04559 94.97785 82.46501 63.889194 92.8428 37.32096 37.757812
24 31.947523 96.609146 37.29229 92.70228 88.40474 73.67739 33.327175 81.73808 21.88726 6.676489 15.4512825
25 69.96479 34.706444 14.582825 7.6111736 28.19395 51.228214 89.9284 6.2397423 33.22379 1.5883029 75.87741
26 99.03304 14.23778 28.233545 35.449493 49.75636 16.880482 69.57274 52.565987 64.22488 72.62741 33.538143
27 13.313359 2.6416302 93.80957 22.470707 79.1561 54.006516 10.660964 36.889275 22.902882 70.68378 92.92155
28 10.890561 26.961254 83.34087 67.057465 96.71892 73.5447 87.82219 33.57354 65.071884 2.5734603 52.13155
29 85.02218 54.660194 97.39957 21.165585 22.302711 37.17412 36.36307 63.325943 8.152544 48.936695 32.539165
30 72.365036 96.1263 29.029161 70.664825 2.071786 39.922653 35.495026 42.752712 14.529347 51.04637 40.37037
31 18.734604 85.08574 7.1911154 23.817127 59.865444 50.84305 64.4172 54.680115 67.6123 62.92718 33.509434
32 5.5404844 44.21392 6.1451254 5.4776907 65.05122 40.701942 59.531147 58.964752 78.33063 59.411705 65.948814
33 29.620625 30.83694 19.181114 63.138985 39.87317 44.891876 48.652077 58.73091 68.86533 47.367878 45.27718
34 40.67579 23.846508 97.56845 81.532776 36.791428 63.519573 5.6432366 94.99904 33.658672 23.58781 82.67984
35 12.751007 48.582108 28.161203 16.657633 13.088578 7.8801928 6.2276244 75.55028 57.0053 11.125117 8.839708
36 75.90361 48.756866 71.39629 74.0952 87.133965 38.054043 84.99071 67.79205 47.593956 17.196005 45.758377
37 37.52588 66.20392 14.1187725 26.27539 26.986958 55.27681 38.908226 73.964165 70.63783 57.26372 16.683657
38 40.11985 12.456322 75.77036 76.56961 75.26238 96.968475 23.65781 65.23078 88.52835 67.641785 46.723057
39 97.44673 11.731159 73.44277 47.797604 36.564262 11.599249 45.879208 14.608818 38.31001 14.460415 28.352821
40 75.98678 74.11438 5.748689 49.66331 69.5961 39.33872 28.203583 61.86 84.0208 19.976282 65.107254
41 57.479065 36.483116 43.688034 72.52419 35.98814 1.5518904 40.42595 32.992165 67.75634 16.77069 30.18955
42 84.74797 65.158104 48.15229 94.26971 29.205042 93.898346 5.9481025 58.08221 5.4412246 68.02115 2.0748913
43 62.621414 15.878028 64.35448 42.19609 54.721737 90.67163 56.680702 43.901814 18.565136 39.68873 17.352169
44 77.96515 69.892006 86.96743 20.348888 91.587875 65.64916 41.48708 31.172407 4.26622 53.64295 84.676414
45 7.0665 70.84738 15.270537 55.724823 97.74763 99.01461 88.50512 73.33604 19.321854 45.398838 4.7476826
46 31.551039 29.880547 15.397096 21.482002 58.701454 17.236221 65.274025 80.241776 95.03481 90.52698 73.98588
47 96.39677 65.23803 66.44047 78.213715 81.67602 37.698723 46.355034 73.20214 82.97107 40.170406 76.84949
48 89.11431 70.41508 60.394466 77.18784 86.73565 35.439247 95.59009 53.248207 45.55555 34.70528 23.524815
49 17.956383 73.656044 90.55205 73.65888 18.934853 73.631294 92.73956 54.71338 70.433495 87.20501 32.499756
50 96.60545 79.62426 87.62141 88.6992 43.246696 98.28978 31.63777 10.585422 67.997665 66.39597 49.48454
51 43.23792 6.960541 10.906476 82.98601 94.404724 24.683357 33.679028 59.717636 76.61198 51.715107 48.900192
52 59.243332 90.83959 99.82734 91.09719 19.819801 70.023384 56.20145 7.458508 98.22831 27.348732 46.63276
53 16.455566 18.414146 68.73143 5.544102 72.355446 77.25897 26.838839 89.619934 31.231558 58.02304 59.101177
54 66.01243 97.90994 87.77655 60.826057 15.745896 19.63998 57.558296 70.99571 40.126125 26.170307 60.185345
55 69.648094 91.18332 37.674477 36.77936 66.78242 66.53773 32.251865 19.429047 81.16315 91.237274 89.484055
56 13.289034 78.71154 32.297634 82.02486 40.203415 42.67256 60.663773 45.02601 20.077473 47.538822 46.45512
57 5.2438917 62.20845 4.7299805 79.56386 35.143097 82.19188 97.00226 83.42099 19.730038 20.472563 60.050404
58 96.06256 88.045135 74.8004 51.126076 42.115593 90.36089 43.535007 45.908546 1.1418641 64.632256 21.735455
59 64.31368 82.64832 70.39379 73.1516 64.21649 63.282032 9.178823 83.54292 87.80421 96.12262 52.041687
60 63.193016 59.896492 10.976058 56.604332 27.130062 40.305973 35.13277 48.240654 22.533358 25.215542 49.716812
61 27.889395 65.29652 85.483025 82.61691 38.192894 76.981155 65.42415 26.716864 1.1522532 3.7490726 44.45964
62 64.95296 35.53807 38.68336 69.342514 11.405921 67.48291 35.642307 87.620636 21.53197 79.90099 87.9372
63 77.46297 42.66124 67.83934 79.25364 56.723713 27.516174 10.082537 91.973335 29.688614 4.761177 60.142063
64 63.092716 65.703384 29.08632 50.30582 8.027941 5.0035357 33.212627 84.160484 24.561436 16.534328 91.206
65 29.69868 43.900074 36.17094 18.887716 75.86643 3.2224119 45.135117 76.77789 59.588493 78.19468 93.98138
66 74.3159 32.637318 77.79997 81.531815 73.03986 13.204384 74.58035 87.62384 49.512165 46.023388 17.229218
67 68.36403 56.14622 88.02703 59.645184 20.428455 36.382683 99.75061 90.38521 32.30432 38.102295 82.29513
68 72.312485 73.53018 80.53407 77.21272 6.565523 44.075222 71.56809 84.0727 34.282547 63.92873 27.222813
69 34.912933 39.366005 34.486275 97.519394 53.800602 35.59515 37.9707 64.21631 76.14808 20.280933 56.27698
70 8.352333 79.400215 77.16163 16.455757 88.497536 2.684635 75.175064 94.53959 64.74025 96.76684 62.99414
71 3.369385 16.029972 31.258398 16.716694 32.109077 48.39915 97.88496 88.86373 6.670511 74.210075 36.436497
72 98.926994 70.54598 54.89077 93.816795 31.24761 96.613235 65.16946 21.71244 86.19255 92.20099 30.689955
73 60.460365 0.68009496 44.757484 64.74911 26.661968 88.404144 24.338305 36.96574 71.24273 87.00047 45.12432
74 26.753325 49.569523 66.32665 32.40846 78.873024 12.8084955 90.4949 17.877335 95.00091 2.1421492 16.870762
75 26.299143 73.6246 87.28336 2.5586128 35.46244 86.72661 15.759629 6.629199 10.756177 43.21078 27.837002
76 72.25828 91.314026 0.045728683 87.166794 33.85618 49.15481 8.356601 93.03891 71.05347 52.036346 15.480131
77 85.59594 64.01031 38.415043 29.154253 59.895653 46.940113 95.39471 6.9539604 43.014217 2.0476282 12.09277
78 84.780975 5.4772854 41.407593 38.501804 51.202488 14.523029 35.84286 98.54186 9.81037 52.685387 27.855127
79 3.2604456 26.197851 26.893461 9.43324 61.530704 7.84775 56.984432 18.491995 49.4245 18.980343 29.803717
80 62.22091 41.809772 44.56769 27.813208 78.25 29.565876 21.194298 26.551693 0.83599687 99.865326 81.70482
81 10.91196 78.86561 84.78597 76.66263 88.84779 54.05424 32.457466 51.146233 5.945933 24.042934 5.185938
82 59.494335 53.750027 97.979095 98.52903 83.99692 57.575268 77.48776 24.910719 3.5042942 59.885715 28.6398
83 43.68531 3.3369422 37.515865 29.606634 8.007842 74.13504 4.810858 2.2234976 56.68252 61.36203 30.155193
84 45.79413 8.392507 72.60518 95.69042 59.350437 26.226557 51.696556 44.93175 49.484943 54.886353 88.66936
85 21.439898 99.118195 91.871605 55.891045 4.9563527 6.5268517 20.598173 73.159775 96.0503 71.08184 98.92168
86 89.463356 3.2478154 93.93403 84.8405 84.389565 10.025967 8.903808 73.976166 97.31608 75.475334 55.709415
87 85.32682 73.533264 79.69658 38.098072 35.124046 10.959541 11.244297 71.17866 88.56993 13.259947 2.6216626
88 52.110283 38.779495 20.69326 14.731759 87.15695 77.20277 41.179733 11.388135 65.916405 43.76499 34.745728
89 29.87244 94.27417 64.368866 85.074356 67.80814 24.38907 42.4862 94.34541 65.315506 59.912525 97.38019
90 60.41798 54.856926 63.872166 68.906456 88.793365 90.01711 65.46477 5.516058 82.354195 4.6469746 99.720665
91 43.51657 67.83052 21.603012 34.000134 80.1377 14.08062 47.317146 40.00403 56.6093 79.94052 96.53018
92 75.92881 49.218475 81.50253 77.92233 6.1379433 22.90585 74.70132 93.59598 24.884922 22.940916 20.0521
93 16.24118 74.90059 62.945374 94.896774 80.48776 83.80167 42.187275 83.72999 77.876595 43.106033 79.63622
94 49.821846 66.835495 52.031334 57.551193 38.711304 84.105606 56.148685 1.9815803 5.0628066 76.62449 58.366776
95 2.9238522 84.2679 12.64242 34.69928 62.229877 46.0065 97.84468 81.94976 4.7586203 92.294266 31.810205
96 80.024155 57.563953 72.4303 27.897852 3.305596 85.79427 33.384483 66.57457 37.715977 22.931177 59.747185
97 9.553069 91.122375 80.31737 62.19268 16.473293 52.065678 7.7298822 78.82779 44.135887 96.89695 76.97017
98 67.71969 82.684425 48.87144 5.8059874 0.7942736 76.15578 99.19873 44.66163 55.203896 64.3063 43.172287
99 35.576664 25.778109 66.72114 12.056476 77.31415 15.454125 52.38051 80.2101 5.0864754 65.35692 11.860657
100 47.85172 13.980156 54.74785 84.27086 82.86517 25.414497 77.23296 16.264217 4.106861 52.287994 3.8279712
101 20.717918 96.8772 55.089314 97.688385 2.9764354 25.684607 75.22753 98.06673 73.22154 96.354416 68.032
102 42.45044 25.219881 79.16929 53.96164 22.525305 40.360027 36.39073 38.03553 49.822002 47.795128 64.57972
103 72.650444 45.422943 8.237225 17.051327 23.902374 21.280855 82.39897 81.06695 45.201134 21.439558 32.455425
104 53.5543 21.100098 74.22342 93.7217 57.87934 58.406822 32.31093 46.844357 31.166882 18.158453 59.126736
105 41.32915 59.63111 81.11364 46.33568 37.633247 60.151344 59.019352 9.124679 86.10422 75.789604 24.856276
106 20.69859 80.83519 36.037064 66.16457 83.84247 69.41772 8.300358 27.82768 40.924667 65.32007 53.561657
107 23.58443 41.30587 68.21749 78.39783 61.09967 90.31384 14.384103 18.81554 53.513573 21.839321 39.869434
108 83.90377 23.686707 68.86607 74.58147 53.440495 46.348835 56.08986 96.85353 51.694046 1.3461888 35.991974
109 62.16513 87.17448 19.276905 15.661311 93.31274 46.518444 12.934101 34.214123 44.691307 90.601135 85.87817
110 9.31583 62.97168 16.987293 57.685852 62.099422 88.17385 8.653969 16.336107 90.29777 21.087217 82.29218
111 6.967783 3.82303 18.631994 17.241442 55.87027 81.05715 31.861788 89.10732 54.845703 90.04955 30.956781
112 40.300835 47.623634 40.498013 47.145695 97.121864 53.242504 60.227226 27.728754 32.654972 75.4739 95.849304
113 42.27339 83.782295 9.50777 19.926197 85.95127 55.2373 2.1013021 36.353863 10.52382 94.078186 16.897987
114 38.511986 30.621016 43.567413 28.133886 19.193436 28.964096 99.583176 21.766895 12.23036 40.63922 97.800255
115 39.30436 69.415634 75.33051 72.4673 5.191016 25.690228 24.77417 3.238839 40.291153 65.101135 58.120316
116 24.825346 71.30661 80.76595 83.217606 23.891687 96.27936 86.60717 20.212246 11.420118 89.809586 26.101034
117 13.734651 98.472466 16.265547 74.446144 90.10338 44.8182 35.87113 12.679976 30.488932 8.180934 15.743989
118 84.205574 84.24431 25.899792 7.1472883 21.345455 38.331585 78.670525 90.64963 48.888546 8.974255 49.85317
119 74.61163 56.672955 45.674862 24.799358 19.296926 59.151276 71.20224 8.017999 41.616013 78.27539 5.028123
120 46.07793 84.54162 50.137115 83.24995 69.32097 43.884914 45.39509 41.85599 33.168076 74.50587 39.95406
121 39.166473 91.55076 22.075098 83.551 69.625496 51.35423 76.94557 99.31538 47.344696 82.348595 38.08257
122 43.043865 91.74103 25.599373 29.701841 44.460617 27.41341 2.544272 86.45508 8.282399 59.52304 63.614594
123 27.666885 36.19711 18.149155 80.346695 73.06883 34.1787 89.46839 18.312407 15.307987 36.74935 97.54591
124 83.90154 94.65412 31.271135 42.73722 9.080476 13.031322 23.076826 86.20058 81.85804 54.80516 94.768234
125 35.14346 92.5039 35.530853 80.41795 90.81653 6.840247 94.78531 74.36722 76.88282 97.48039 60.755646
126 3.0409038 45.897247 25.097544 0.73969364 11.485947 37.81449 17.1143 99.24237 10.529476 28.596365 7.112658
127 72.85283 28.45723 96.31941 80.3417 95.29795 47.40495 54.210163 88.57466 6.539798 40.269653 57.590412
128 9.930218 63.880615 71.482445 7.9429207 8.878106 40.935333 73.59912 20.66623 10.313773 30.015915 52.083076
129 32.34524 15.188587 75.74569 20.160574 32.603592 18.663574 91.19754 93.07067 69.219864 24.11865 43.954414
130 21.819424 92.88861 95.663376 67.461 67.65468 49.809013 40.18709 54.923344 83.43752 61.520664 28.648275
131 38.681686 1.9983828 37.72198 40.4886 90.10648 36.088394 80.159035 69.08271 94.13677 72.89433 55.331028
132 48.37938 41.8948 28.061962 37.304626 28.794867 35.484135 91.11636 66.25833 35.488533 35.036015 3.9888024
133 95.69601 14.950877 81.049416 26.530504 44.09611 10.993838 59.623997 43.4494 52.931255 92.44392 16.675716
134 93.64453 30.646824 79.854324 74.828476 69.593895 24.783808 24.189318 26.378757 56.99855 75.73952 77.57112
135 13.336218 5.582881 24.762976 54.758667 14.663654 34.64687 55.07328 18.051933 27.90088 52.07028 63.176292
136 70.85186 1.5975356 74.95383 82.55813 23.283268 73.44934 82.48408 4.2833924 93.29769 31.595755 57.024067
137 69.26808 38.76859 10.868221 4.521215 1.0878384 29.590052 87.36752 18.310362 32.390945 77.0695 51.89497
138 16.057772 73.89543 43.40797 41.580288 44.289654 24.453663 73.29079 38.463814 91.586075 10.974604 78.134315
139 10.540223 64.57084 35.621758 80.97925 64.407524 71.32515 47.486454 5.079329 96.54966 87.3952 20.015776
140 84.660034 2.591765 89.31148 22.309155 53.931625 18.590498 70.21342 10.757345 56.113136 96.35961 69.06173
141 21.463245 22.900522 34.59596 67.87023 17.85183 35.49669 10.589618 35.809822 91.55167 59.08028 52.81117
142 21.90112 48.03422 75.552414 14.721495 42.855347 46.96014 45.757835 14.606648 54.542397 46.349342 47.382713
143 87.779335 86.220764 0.52073 32.702454 6.59672 9.279269 35.507053 69.66763 93.7231 86.60005 18.923355
144 97.916725 26.028358 36.103695 20.94761 89.69386 74.38476 50.49131 41.367004 34.895092 80.14425 54.126804
145 37.071903 14.19701 46.796448 83.44134 2.7746797 18.127155 47.58699 36.78817 33.235806 60.77193 71.89357
146 17.490143 71.35273 11.399799 67.89979 55.62685 36.87742 76.48527 82.376755 32.188457 44.35766 48.393185
147 53.79225 87.42687 85.54053 49.327778 18.9421 93.97181 45.64029 33.132362 40.07806 36.522408 89.57707
148 20.27343 26.140331 12.20935 33.869286 79.047554 93.054756 49.145596 72.95603 88.96563 1.8007934 11.906343
149 61.292953 29.712503 4.583949 99.9226 40.875603 94.430336 77.25733 52.823914 19.48052 81.771805 86.24378
150 11.971104 39.770138 43.719368 29.538786 82.69007 70.69083 61.1345 60.663563 31.525236 7.8227577 56.016342
151 91.23753 98.2112 91.348595 87.20255 19.513803 15.611386 62.23913 87.491425 28.945457 1.753062 47.565346
152 96.71933 80.613304 7.0212183 33.3075 3.0700624 6.947279 83.84606 81.72429 88.76461 30.228 64.67565
153 34.6645 65.28485 39.28723 32.078964 13.855153 95.48889 80.87482 89.44647 54.205746 17.508442 60.375637
154 65.48111 51.857353 79.3715 9.806776 35.599606 60.72498 49.11928 11.977726 20.152855 60.58672 7.10299
155 68.84413 26.247025 47.63481 43.531193 52.72804 66.689316 61.40304 52.63409 72.32945 97.54171 77.01673
156 26.52126 45.239277 22.852642 20.982754 37.499706 76.72292 80.82283 44.767685 51.91981 65.42534 35.98312
157 41.03315 25.21782 62.717293 94.516 60.754894 84.47979 8.834153 48.799713 79.00147 48.379726 18.740332
158 58.31598 26.66021 65.62216 39.586575 29.52556 13.954353 61.989285 3.3259153 61.02708 98.58975 76.75748
159 38.943394 42.68445 21.50994 84.67532 33.073013 10.408908 41.54435 47.012947 62.573475 60.44905 37.0373
160 10.592789 2.7752578 68.472984 18.490374 87.44808 8.271498 66.08221 67.294556 49.14456 94.79203 28.898281
161 8.040648 72.22094 29.174889 80.79747 57.259285 77.09736 75.84526 24.581438 11.649132 28.671001 1.4550924
162 53.275387 31.111807 68.231384 11.164368 62.810074 93.74299 42.913395 70.009186 87.107155 4.163873 99.35504
163 48.265266 73.145226 96.36001 35.293354 50.853645 45.59729 5.9824824 18.332178 35.637276 18.821615 83.62881
164 10.928452 64.722824 65.64245 64.040436 99.71092 45.225437 66.322235 0.82399845 44.57028 12.800419 32.813232
165 71.93234 6.6094694 61.83372 29.756063 77.74785 16.14598 82.563194 18.301392 6.526804 23.705637 87.43815
166 6.7658424 66.83452 73.594055 89.39171 55.054726 64.38252 25.493378 83.88684 0.91505647 82.642624 62.987648
167 17.903847 35.20723 59.338146 96.410904 43.577595 81.85123 1.2961805 32.442684 25.89258 43.822227 60.39266
168 25.011396 34.441654 69.01514 85.95373 85.93671 13.300222 5.0013185 51.825165 53.038757 12.925667 37.263268
169 27.529877 35.918625 38.83717 5.5721164 65.95997 72.08722 36.652203 33.49351 28.66299 79.46821 87.654045
170 78.853065 73.06481 25.465084 37.0523 62.21164 13.317389 1.7681241 54.901684 76.4035 12.577325 90.94916
171 31.502068 44.9489 14.427805 92.78025 12.064499 29.202574 15.186537 91.30806 64.3583 83.53871 77.63861
172 48.271976 65.628235 1.3605714 96.25355 3.7887633 66.77662 60.482906 20.459557 14.716852 0.944227 69.25154
173 97.63733 17.202217 16.30891 90.98592 3.0545592 29.09823 28.077639 16.865993 17.19888 15.810436 59.01488
174 0.7077575 99.399445 99.27311 10.978442 24.218052 93.08855 52.90861 29.186148 40.88423 5.689192 68.30746
175 66.48926 39.801033 3.3789873 13.812399 64.76934 68.185875 86.64465 7.0732713 65.50511 70.371025 0.6877005
176 57.90184 70.18805 10.534197 39.76332 83.40126 55.026115 91.748085 26.140398 72.43985 22.501738 12.066942
177 52.578205 63.212322 46.894436 82.85965 37.358444 67.07449 51.703007 0.5414784 38.63355 9.304577 86.68327
178 11.911136 41.110657 87.25088 51.442917 48.68816 64.155365 56.851715 24.505716 58.353775 42.85166 27.199638
179 92.587234 7.3732195 19.289572 61.172516 58.43771 37.229836 12.576246 78.73569 18.744957 72.90321 45.299976
180 32.959892 10.799736 3.510636 19.250948 60.792 0.2735436 13.401013 2.2627354 98.912224 27.71775 53.202812
181 4.541379 36.42989 11.253661 19.905626 50.563683 51.588177 63.184784 5.2836123 50.635574 39.00846 72.53958
182 66.69609 23.89921 81.31048 20.270199 43.935837 46.670914 97.26236 73.22951 62.31217 91.5012 15.072757
183 74.174484 24.088692 73.60404 70.22846 42.763554 47.84229 42.950695 22.657644 94.50334 94.930435 8.32032
184 77.27834 96.34524 52.271835 80.214836 88.55321 17.435413 75.84423 94.36133 35.954994 17.495697 46.032505
185 68.43594 89.75853 92.383865 27.128674 38.856007 0.87847114 73.28817 43.366165 79.52125 64.198425 42.302887
186 93.89955 73.07303 30.676735 80.17345 91.71422 60.726147 2.2209346 31.965864 65.72959 57.469032 96.714195
187 51.295364 52.066338 74.19371 44.53035 34.342747 86.86819 21.18942 87.332016 59.808647 18.049675 82.80728
188 23.912287 21.630054 72.29305 0.68534017 54.38046 46.94979 43.512897 2.7329087 45.23626 84.53751 33.381226
189 82.44266 95.015236 88.47473 48.456436 3.6726475 58.47522 1.1113405 93.64654 60.775654 61.045956 8.565617
190 51.383514 14.119416 42.86023 34.674847 79.77645 93.22018 40.566288 96.42208 32.493835 80.7986 86.792564
191 39.392776 6.1105433 73.268166 62.161922 37.490696 66.61457 39.00102 17.764313 91.51665 31.738926 43.0174
192 30.683702 18.649727 77.36107 73.65669 9.29243 44.54419 58.558228 36.767155 15.389788 4.6544313 54.742104
193 89.76795 67.75021 27.326637 55.908596 80.67302 76.20208 11.761438 47.272408 65.21534 80.98402 65.58344
194 42.824894 73.28055 31.888538 23.689169 86.62773 28.969198 92.73187 9.334874 32.470573 37.089783 45.17448
195 4.9343586 27.975279 93.38405 52.114723 91.43856 44.982964 62.259777 24.10227 66.953125 92.33529 70.523
196 75.84977 25.71702 24.74367 60.143997 16.400326 33.828335 78.67679 19.353413 52.33931 77.088776 55.99805
197 6.5547886 4.1886272 35.783134 72.923645 3.1747043 11.417543 0.6667137 56.782925 82.486946 90.03951 31.264055
198 18.644297 84.78408 81.29152 51.962738 45.28173 13.487559 2.2287488 21.305162 29.921467 50.654922 55.09139
199 16.139072 15.011591 67.941246 36.953365 73.498055 20.745731 34.797565 93.44903 90.6718 25.656748 99.24708
200 98.35931 17.1309 97.24943 7.9914513 96.653076 82.843414 14.898336 7.19527 93.412926 5.9228363 9.195167
201 8.722342 90.18215 51.156734 63.250088 49.809032 87.967316 70.26842 85.35563 18.427717 80.79712 28.063416
202 98.695244 58.498806 32.815384 97.02013 83.769394 25.548046 56.877075 10.325914 10.829746 96.58322 24.088299
203 81.57505 72.3297 80.40111 26.31266 92.88283 55.25216 54.063107 71.04919 94.39544 17.761063 16.04119
204 8.02415 52.262966 68.1007 89.99197 6.1484394 92.08069 1.7613292 99.03427 19.05082 56.394684 77.92319
205 17.868334 87.148384 81.722084 1.933986 78.475266 28.161848 89.082245 97.47569 79.18245 9.191376 16.509485
206 72.10884 21.592367 79.068 29.472477 1.580751 65.58168 65.877 60.422665 31.746292 59.928566 21.567171
207 19.510067 48.83654 31.076313 72.73021 10.328239 27.343327 21.359652 27.33593 85.68108 84.753 82.28913
208 93.883865 4.9163284 60.10704 90.10268 8.582902 55.26993 71.80156 46.959442 93.3654 81.649506 83.634056
209 19.388271 2.4089038 21.905725 27.9001 98.74412 66.06873 65.25976 62.931854 19.614904 31.472528 70.349815
210 19.014662 59.815247 90.30917 84.31752 51.840828 58.572525 2.4389446 66.27715 43.845146 11.836153 83.800095
211 16.010105 89.76333 39.717686 57.693333 53.22967 68.97184 20.604403 37.95699 53.505157 40.57879 69.50173
212 52.929543 75.97099 21.375107 19.982534 51.625515 75.137985 96.721664 85.39814 93.47835 67.14723 21.90063
213 6.694317 84.64684 70.14999 49.62137 92.544716 25.618464 92.45959 48.02767 69.14626 4.1149735 41.81861
214 84.05137 48.810802 45.617737 48.48033 47.20818 10.6413 1.7468393 65.55756 88.40701 45.619167 58.880363
215 46.794247 83.07946 30.183346 19.47791 26.929289 85.5294 54.996864 94.33034 98.32373 86.01354 92.52874
216 32.21183 2.5000691 79.41528 52.098892 55.03987 32.49623 96.75131 53.22251 1.5945792 75.08124 82.00061
217 76.84279 65.11581 47.33871 37.279808 4.0642204 32.749634 94.13846 31.177986 68.312195 54.985554 88.63447
218 16.646158 69.7806 37.1023 2.0140946 36.305965 91.23162 12.478232 98.95345 81.06173 17.638832 28.73754
219 47.096222 90.69087 75.08437 15.475678 60.668137 47.435337 38.31659 59.177315 96.18093 71.869194 3.3400357
220 53.41158 80.99241 17.38447 18.55182 26.029604 40.012844 9.9916935 22.777557 39.52617 31.632328 54.808636
221 53.92753 74.652794 58.352234 42.207573 91.03426 13.537818 60.812706 24.269032 43.603527 48.795563 73.90517
222 86.67008 44.281036 35.271473 41.2448 29.704035 67.88941 36.113674 78.066666 63.632347 46.318012 73.788246
223 4.025817 63.420074 74.25997 97.531715 55.664738 63.074936 75.40506 3.6889493 35.512 73.83253 87.74616
224 65.608864 70.75698 8.404475 15.7855215 30.51858 81.882515 87.091705 17.592037 46.384666 1.0192037 93.98496
225 47.131413 80.577446 14.412517 72.513756 53.649815 61.621624 24.379068 80.611404 67.03285 6.9486437 57.399265
226 24.646885 33.192455 23.928421 68.286064 17.50797 39.17374 83.1806 70.23602 45.838078 11.6550865 45.9385
227 29.372257 22.030294 32.980614 78.817 5.304307 52.326004 89.27368 46.535408 59.246647 88.97458 9.300852
228 36.84561 34.155846 94.17062 29.67136 32.057648 90.77915 20.243519 11.061078 2.1413863 45.881264 74.74041
229 56.14983 98.48218 48.468685 62.591858 37.87607 82.10791 73.613365 79.013115 26.77533 21.77707 46.352886
230 16.271984 19.223053 55.975468 97.78876 71.60631 70.30575 77.93036 27.40543 30.622696 52.065796 87.59264
231 8.092201 5.2388487 11.587297 61.603374 39.480167 33.991867 35.70741 38.05253 79.93386 88.23486 27.256393
232 52.923412 74.59953 54.856373 19.170338 19.123285 35.860558 95.71672 50.41437 15.621781 20.748037 78.60043
233 74.546524 76.20681 17.477697 73.29394 86.39958 96.53998 88.3198 50.136005 23.53025 40.428265 89.25956
234 74.33969 10.86362 36.467857 76.9826 76.39659 73.74075 43.462963 32.05118 92.35727 96.065315 95.34423
235 42.958885 4.7085705 66.46117 45.836044 61.115997 98.47349 51.628292 41.041748 11.587781 53.141678 98.06493
236 89.68445 21.259176 70.75657 71.96473 50.274105 55.520153 47.16298 53.67034 50.349365 69.85734 6.8410397
237 54.150288 22.60545 25.012272 73.26632 83.45828 27.671349 57.55102 44.252228 87.24184 14.107746 73.521736
238 94.72198 59.60807 87.4893 55.907345 73.85838 16.861988 55.90372 69.17275 87.188736 74.95052 36.598225
239 61.53568 21.038288 57.33121 34.649086 20.64597 42.653393 83.206955 90.299675 26.940315 86.43759 57.71051
240 76.94936 74.66157 59.010334 35.077637 70.68277 29.819607 83.59722 27.824629 97.77295 61.46233 79.5664
241 34.462284 55.90248 94.57205 84.272316 95.66761 44.113396 74.56694 71.85407 24.740166 85.97574 22.44541
242 83.92024 98.54996 89.47047 71.551926 38.358437 16.306597 18.995058 70.06578 29.621696 6.928235 12.1607895
243 73.73383 33.11131 83.45728 23.1629 40.009487 10.608631 42.06527 21.035313 24.361801 17.578352 91.23155
244 84.679405 11.631036 97.608185 76.50103 75.87239 37.293644 26.8627 60.969776 9.26947 45.53674 31.371927
245 99.77136 86.53143 31.117058 32.97146 47.11026 96.0145 40.893723 3.044808 90.893684 64.893654 97.29081
246 85.73877 77.14496 66.15789 11.190498 39.43833 63.84586 46.682938 95.11894 83.97211 1.673156 36.682095
247 71.11543 4.80774 42.5965 96.45082 1.2344658 79.48589 12.136805 38.709354 94.89577 57.393158 78.20192
248 58.326702 66.75712 44.90935 10.090553 94.15666 14.74017 53.769547 42.067074 17.575062 51.40327 42.503082
249 53.754246 80.57982 76.953926 76.96091 16.674746 93.56835 10.564089 15.691418 65.11504 33.770126 62.846535
