250
2
0 49.693523 43.16796
1 84.90351 54.902428
2 4.305446 25.330395
3 95.547646 11.379069
4 38.93902 84.85504
5 58.22883 85.597694
6 16.389816 82.07892
7 82.34794 41.13521
8 36.8231 93.16357
9 51.617123 69.41087
10 46.175552 15.891594
11 14.593029 16.22758
12 86.87069 66.96953
13 87.91143 81.95622
14 19.353367 22.254187
15 89.23273 72.15798
16 95.19674 8.656395
17 57.831097 78.03107
18 22.137993 62.354362
19 62.05488 31.116676
20 13.219714 22.465546
21 95.198425 64.45911
22 73.92832 9.14222
23 30.61099 22.201937
24 28.317839 18.393522
25 19.398218 54.7964
26 75.886505 57.581688
27 41.426003 70.03952
28 71.54956 1.8390417
29 54.411854 47.553528
30 30.348938 5.5165825
31 63.890182 71.629326
32 33.298546 88.675934
33 66.28665 64.21635
34 90.53244 97.61051
35 1.0632694 64.93788
36 50.066204 23.025387
37 9.046167 81.10144
38 5.175048 38.979877
39 1.0779738 29.57182
40 88.62341 90.72384
41 32.81636 89.96158
42 68.5514 27.424366
43 91.912094 49.808693
44 7.346302 15.330285
45 87.337234 26.260143
46 72.72858 23.56953
47 87.00533 13.328207
48 18.799072 95.489586
49 49.049026 11.162579
50 85.9791 76.77119
51 99.52905 15.178001
52 12.490416 92.56599
53 10.5865 63.546646
54 48.94335 51.29153
55 59.074356 85.824814
56 22.218042 5.683613
57 97.78466 51.7124
58 88.43469 52.041946
59 46.1056 64.58303
60 38.529396 77.6585
61 21.19335 70.97646
62 97.70634 32.097824
63 46.73381 95.2793
64 73.564735 59.779263
65 26.618105 52.964222
66 21.549488 75.22564
67 83.19626 29.702877
68 82.91208 25.991308
69 82.34894 35.16755
70 14.768523 85.82285
71 93.88564 86.20841
72 37.09186 67.7619
73 29.508358 45.21429
74 13.379413 85.956345
75 20.854229 25.778502
76 13.902372 19.75137
77 26.344412 83.299965
78 69.30345 14.59505
79 12.425476 75.92046
80 52.095287 63.388096
81 37.314068 18.360878
82 51.37925 47.668
83 63.87756 53.962727
84 66.713974 30.54284
85 53.446865 48.82176
86 8.191604 9.238714
87 0.120300055 15.632886
88 76.91552 82.72039
89 81.74816 17.129921
90 21.516682 23.872358
91 50.869106 82.24069
92 38.210636 72.53433
93 8.295954 8.791983
94 53.10874 68.18205
95 81.02641 80.35582
96 2.793944 3.7033677
97 22.204758 11.257905
98 2.1044254 15.57597
99 16.81329 61.561584
100 54.000378 93.405174
101 85.77444 55.751163
102 45.496323 32.38695
103 51.6508 56.68211
104 73.91187 6.5465984
105 49.911644 16.022665
106 29.928482 75.85164
107 24.872822 58.8221
108 6.751484 75.356445
109 43.305756 92.01004
110 19.492113 64.816055
111 41.05901 22.624414
112 74.94067 39.68007
113 8.861149 63.5127
114 81.25067 42.580055
115 38.108574 13.342399
116 89.558624 43.45224
117 21.531618 59.247143
118 7.8991594 27.95285
119 18.132751 38.640106
120 72.43084 1.0477841
121 97.97285 50.02566
122 35.263504 55.37726
123 26.825619 48.47505
124 73.18718 3.556949
125 0.32296777 41.30581
126 11.271179 37.890373
127 4.1801987 93.984505
128 21.368534 69.5051
129 43.940987 9.986573
130 12.575668 47.72346
131 32.248615 94.98773
132 1.0237515 57.13411
133 42.077274 3.0813277
134 85.19254 98.50412
135 74.10225 77.53311
136 73.227295 46.085434
137 59.21992 91.776505
138 6.3060703 30.308931
139 32.22972 7.860178
140 0.5612254 65.17239
141 99.25529 53.388733
142 25.83099 44.224804
143 54.317802 67.213486
144 46.843292 89.90205
145 24.600536 35.862232
146 48.364685 6.6125927
147 79.69203 83.13609
148 35.246296 58.504505
149 88.11051 44.70202
150 58.841133 44.926613
151 50.651222 57.187336
152 48.442226 58.450363
153 60.830944 80.61756
154 78.4983 86.72882
155 9.511786 6.4706087
156 45.517708 16.78443
157 55.56432 47.655224
158 61.696945 51.446568
159 64.38502 66.923485
160 52.14594 87.076645
161 78.73443 46.22693
162 8.679223 90.45822
163 34.5424 90.01391
164 52.86325 63.388855
165 91.18005 63.196213
166 74.53131 85.250595
167 79.68103 1.3023496
168 77.28688 67.378494
169 22.277855 72.06191
170 0.41524768 55.677963
171 76.48347 79.2717
172 25.723766 48.50821
173 61.18902 60.283543
174 79.56078 0.76195
175 30.573029 55.8925
176 23.858559 9.302849
177 44.043667 7.921231
178 97.55877 93.00721
179 2.2978723 36.583073
180 31.072092 17.693048
181 66.52174 52.017277
182 54.173683 73.86766
183 80.73409 86.54002
184 52.430122 96.7072
185 77.55851 84.52493
186 82.19333 52.783405
187 61.88011 32.856453
188 20.495247 88.12141
189 51.797306 48.094223
190 27.759678 95.11851
191 74.221695 87.4112
192 19.853163 71.14947
193 95.93175 13.653356
194 46.17573 95.36494
195 47.678955 4.2042017
196 24.607927 79.85272
197 17.224228 46.47823
198 97.35883 71.13829
199 40.4037 46.62919
200 7.088876 3.6723256
201 71.25685 93.32146
202 95.91172 80.775856
203 21.977592 55.116547
204 54.625374 74.33391
205 10.365736 52.17624
206 82.208534 62.757927
207 61.268448 73.64536
208 0.4837215 39.347523
209 74.2289 18.379223
210 32.94349 18.708282
211 82.53436 14.815426
212 34.92384 97.423294
213 99.72271 36.010647
214 22.266071 13.390022
215 34.321915 17.485851
216 12.821698 24.345802
217 78.43123 21.928638
218 77.92701 44.89804
219 62.287228 78.42894
220 15.416676 49.19802
221 57.08738 71.27867
222 50.78533 46.159534
223 89.275246 20.01394
224 55.48132 50.298153
225 58.74445 97.94805
226 30.5775 14.8892765
227 83.82505 89.62688
228 37.574284 27.810478
229 0.6208658 11.189211
230 96.02543 33.306225
231 41.725624 73.34904
232 98.025505 75.71388
233 98.330826 80.514336
234 83.16087 31.203604
235 14.328891 46.35818
236 52.91593 19.659447
237 75.607765 94.96806
238 92.16965 66.37437
239 92.03369 75.5827
240 76.55241 9.221196
241 43.647312 80.01363
242 30.109627 44.92936
243 91.68635 36.33075
244 17.801643 53.141563
245 74.840836 95.52184
246 4.5326767 80.705536
247 2.6006758 3.9323628
248 37.13538 64.39601
249 71.9402 1.7312229
