500
18
0 3.122151 23.935568 64.30405 64.03796 75.89142 16.239048 54.311687 38.843792 0.12865663 32.946373 56.57243 15.203458 70.7066 78.86234 77.68192 20.148785 47.091805 70.32981
1 56.08055 38.71316 94.46558 38.828022 30.324274 38.365215 36.368553 17.550732 64.71966 44.04745 4.55122 74.74934 25.961483 1.3655901 82.737885 2.8902829 85.65428 94.17626
2 52.945457 63.942284 28.456408 7.378811 97.58066 37.84982 56.576355 90.759224 2.3196638 59.5008 76.30861 18.953026 66.11641 46.85479 29.36412 3.742069 10.765606 83.52488
3 34.386105 84.795296 6.2521577 88.72352 46.014603 54.483288 85.45079 78.374985 29.255177 1.4833331 16.21198 37.213623 15.112782 40.548794 66.9079 3.2360077 24.178106 25.11096
4 37.354057 34.931137 63.120564 72.441376 7.718545 36.809193 55.180943 14.120352 68.445496 59.985497 20.412659 77.78549 52.027657 48.610794 80.55021 8.89051 68.15319 47.99582
5 3.2565057 16.867043 5.6253138 31.141155 92.699615 31.092787 73.62254 93.401825 69.82742 44.931473 10.258794 43.098194 3.5549045 16.390854 44.753986 13.505226 60.870205 51.272564
6 0.38837194 99.844376 42.436813 77.753624 16.150564 96.26518 83.76244 2.8982997 25.776052 61.496563 98.87943 33.466347 1.6981244 68.594055 62.504734 21.438705 69.09743 11.292916
7 1.9029737 23.866331 50.352978 15.747333 55.557262 25.965029 74.19239 87.301674 51.967316 83.89613 95.95011 54.37414 38.461853 81.51801 27.621407 29.071415 12.16436 34.758568
8 78.70833 11.892724 58.833168 3.3972383 3.8697302 27.482635 21.164625 7.27427 41.59703 93.07758 97.57208 80.6423 92.84271 20.845879 12.015289 11.983853 20.8426 21.092802
9 12.049055 98.64054 77.221214 63.201416 8.093971 26.603228 56.590515 24.67876 94.52459 60.424866 16.796917 1.8109143 20.354706 80.132 47.102875 5.7969866 52.21861 28.979218
10 27.082926 39.991657 88.45941 74.731316 57.85902 62.76064 4.2099895 38.748104 10.296148 28.728926 92.47026 1.4287949 75.54036 62.725777 94.742035 53.550488 8.233404 25.912302
11 11.485452 73.77482 66.11871 54.391117 42.529266 80.22721 98.61422 85.57708 20.932882 24.765646 56.13098 86.85176 81.3054 82.60521 49.13897 91.191666 1.1931062 86.66533
12 6.7108154 53.775005 98.121826 78.74043 76.81169 26.81749 76.80523 0.79978704 91.0617 13.413954 42.800705 45.90546 34.00299 87.877686 17.716312 84.9629 17.793816 44.447292
13 64.46589 2.4166942 57.278854 69.306335 11.866808 19.76561 64.91053 85.23136 29.219902 83.14979 70.19724 33.00984 61.86174 2.0758212 2.218461 69.77323 86.804344 76.47108
14 27.075005 48.857533 67.55923 53.63791 83.54857 17.581093 83.47582 44.31656 21.153467 23.828453 31.115133 66.0274 84.41377 56.521023 63.34909 4.2788086 57.641834 82.47658
15 61.354435 9.287441 45.59204 57.90688 61.10329 12.816298 9.793252 38.53695 60.297268 30.910498 58.612156 41.272533 65.2172 52.07843 34.46931 2.280128 46.249207 24.269617
16 95.232506 62.623535 22.793484 89.34334 22.574389 1.1327565 5.0727787 51.17053 39.74176 34.43786 64.55175 47.694736 99.29207 52.11708 64.089 61.886852 30.273373 38.28296
17 51.71464 99.31766 69.23178 13.822389 51.51481 67.85732 53.314198 81.63924 85.280685 68.67211 22.39436 62.906624 38.42429 87.16523 64.20086 19.367373 72.57231 11.807394
18 78.291115 85.53641 59.928745 0.9867132 25.63572 7.229972 15.966738 20.208866 47.601902 47.709 77.602425 30.386066 66.11749 79.97533 74.36222 82.82271 33.433254 10.059852
19 76.13809 67.1523 60.67007 49.71397 49.20149 28.283304 77.538506 82.54451 83.7983 69.81309 27.366215 1.6662121 63.76884 60.87161 80.78771 72.29381 68.43563 66.528114
20 14.880991 23.831594 36.9968 98.36194 91.72578 63.9765 88.686806 90.25573 28.673416 44.72882 1.1629164 17.668331 62.23312 86.16362 73.402985 8.402788 6.382662 69.077354
21 76.62664 15.080732 15.103949 59.473843 61.46028 99.109314 6.638789 95.13959 96.150925 91.884995 54.782932 92.68958 58.80174 69.38582 19.726068 69.4151 66.37252 83.28977
22 79.55199 91.56855 59.89405 6.5125585 43.400265 84.476166 64.62972 58.837044 21.13446 71.73549 36.73917 3.4265518 92.64955 53.9564 95.62557 35.852177 45.98506 21.824318
23 20.163197 1.2632489 28.302114 5.051976 74.29936 63.993168 1.4593422 45.950836 85.31182 47.78663 96.121506 13.367641 58.798473 58.587677 79.6076 25.631279 6.113654 79.1325
24 65.3944 67.53728 30.587404 83.20032 1.5136421 80.422295 61.929916 94.10632 44.003517 91.771515 7.5002966 7.7517033 95.89988 73.842995 63.69078 5.2184105 25.59175 73.33247
25 79.9376 97.514435 57.145584 6.5499487 16.525894 18.705536 93.66192 38.908512 80.42743 20.440418 19.916498 62.27099 51.228558 16.979568 67.31978 98.959236 32.416298 95.52749
26 80.279175 23.664099 37.85001 91.26007 23.856062 32.32409 75.423706 43.31246 26.474672 55.0526 41.302456 99.58919 74.47711 14.735049 30.589558 41.08153 16.451746 56.898106
27 91.056274 5.9937057 1.2311578 4.3470325 53.162773 30.017895 53.810543 32.907806 14.84918 90.250336 85.541306 84.99688 16.624159 69.260284 68.983604 74.832985 29.781796 4.526848
28 71.74416 33.62478 86.90601 82.72513 8.28169 62.30049 93.2564 93.11308 12.646514 22.139465 74.5656 98.54896 69.85786 95.42938 90.92262 84.52221 38.350517 85.98116
29 97.78893 38.136345 2.693826 26.51996 79.12554 11.433971 74.46144 91.73402 49.746216 72.05297 2.3885965 33.762474 5.3093076 13.268291 11.280071 14.362365 40.0893 23.382013
30 95.82998 84.698204 1.4107883 28.618628 91.69524 90.99279 72.2766 65.66599 5.75552 70.0755 82.48519 90.34127 42.230194 52.636623 25.93006 32.185276 25.76009 49.77862
31 85.63751 94.78799 19.05986 47.845276 36.573334 26.078194 16.483128 41.667545 52.790623 28.485752 78.80428 63.013256 3.870201 96.68667 54.509365 1.4517069 94.90305 0.5088866
32 12.516779 12.891573 13.876229 26.515198 26.942657 87.13114 74.95621 46.855267 0.523752 21.846771 30.83672 55.319912 66.663284 75.07347 12.363214 44.329548 55.636234 41.498566
33 99.70826 53.098316 65.9548 96.455345 42.408222 95.752975 22.741604 53.591583 1.8507123 42.129295 89.48757 92.58215 60.90737 25.760614 93.89721 88.30459 23.231178 59.716766
34 31.571411 45.50997 46.489304 57.013214 79.7858 47.67298 27.000814 47.919388 27.141178 26.4288 80.72552 20.342434 50.75615 61.398148 70.450035 54.302513 31.114275 18.42646
35 79.79754 89.16454 23.660374 18.03999 70.1171 28.627628 26.560385 12.537408 10.470218 18.439024 24.312656 8.436298 98.2197 4.3982687 8.5491 46.391212 87.84714 11.514968
36 99.63271 90.16573 88.598526 61.310448 17.592186 53.310276 42.716682 34.399628 88.40018 31.968397 41.006523 74.90939 64.27283 16.366816 2.2536635 46.29981 85.03476 25.260967
37 38.84701 73.13353 94.955055 76.69407 49.424076 17.728174 46.92993 56.2308 37.358196 35.930187 97.39238 28.25691 13.647145 63.03303 2.6065886 16.466295 36.761456 93.75685
38 34.60525 42.322357 98.10112 22.90153 15.316046 92.6781 28.035057 3.5353184 25.573046 4.0302753 67.51607 94.20252 44.710255 16.78887 87.744576 6.5051613 62.08674 10.7501745
39 4.379243 19.476992 27.81024 76.516556 2.7558684 1.426971 62.53448 77.319756 91.185356 16.449982 69.74221 83.54902 25.675875 98.71439 15.442884 16.796267 91.69626 49.129765
40 94.57391 71.505424 97.5112 56.328285 58.272648 17.011738 85.13158 16.376091 57.072235 49.102547 25.303782 36.644833 70.268074 13.008565 53.793793 61.260933 57.31606 65.291626
41 69.39761 65.0138 32.08559 63.3416 36.838383 85.1115 31.8372 52.604286 77.510086 15.351498 19.477308 74.26866 40.731567 83.81668 17.324823 2.5435507 0.925678 95.86747
42 53.48141 80.011 40.39538 10.794407 95.91764 92.57856 41.89986 58.90242 25.37195 79.55078 14.121628 10.959238 34.72112 28.149569 10.754985 12.85891 51.04635 50.84251
43 30.04353 63.0951 26.425308 85.06207 16.169899 71.335495 86.579765 11.850887 42.285694 14.230376 22.762215 37.74683 72.80936 34.828423 54.351242 74.48714 60.870213 88.92838
44 28.029865 37.085075 86.70887 63.744427 87.44731 42.301674 31.038702 8.847827 86.02351 57.84601 70.72523 67.97157 98.974464 35.700565 94.85704 63.494335 50.45278 70.25612
45 49.882282 7.8844967 22.462893 89.48885 10.801708 31.775475 76.28664 2.8176725 39.586437 74.413795 49.719364 56.703545 75.48363 65.78802 7.456642 54.216362 18.455374 91.6887
46 13.288135 69.9846 25.7473 13.207823 64.96193 81.00576 71.89854 64.7657 22.104496 57.142162 99.090385 72.71884 58.65788 34.72875 52.607082 77.08491 60.976303 81.113556
47 95.680504 48.1094 55.873512 47.233982 89.7557 27.54978 7.204628 76.16361 16.20342 90.98018 40.491165 66.16791 79.98822 85.50472 0.9555459 81.96723 46.358532 99.449715
48 87.23501 23.970598 10.153395 33.389038 29.920704 35.123028 21.02481 70.80981 57.653522 83.17629 94.2769 61.474545 53.355175 63.68222 28.95229 89.774376 96.64408 38.417274
49 55.399925 76.848175 95.75694 44.43705 12.291187 70.78192 71.35629 71.252174 46.68449 89.67959 86.25301 24.998034 74.352875 62.753082 47.92385 47.787678 85.579994 43.818058
50 6.183052 83.09979 33.70391 67.77117 45.713074 21.035172 69.865074 65.8914 34.422092 94.110054 53.02623 21.34497 43.639435 50.04136 55.02339 17.333984 47.659855 4.376745
51 27.133936 31.229527 38.591843 76.05494 98.68158 47.14954 41.1547 62.83331 36.11889 74.22205 72.11759 2.3385763 19.73188 59.71841 84.406334 46.192276 56.80435 5.9164405
52 48.259205 8.708554 77.28181 31.588013 15.741939 24.092632 78.5182 47.091335 62.797707 94.48172 47.717552 33.93877 9.986239 49.72637 87.653946 72.223076 52.1451 84.23234
53 66.937325 43.29716 24.186945 28.754913 69.56999 40.556263 48.74217 49.608906 9.205604 52.071022 37.792442 14.736271 26.08472 78.231094 99.05593 97.43368 94.098434 22.611486
54 55.72989 2.8189301 22.15671 41.15804 60.134346 49.405434 48.654793 63.75951 35.507095 45.118504 56.296627 62.64672 41.164345 91.94847 3.11836 47.214214 32.762836 90.978584
55 95.83947 17.237556 97.59217 6.098628 65.548615 22.563816 33.615726 63.227093 30.412525 12.750662 17.103725 96.7898 3.0997336 34.449093 56.712635 17.574936 74.76682 56.258488
56 59.125565 28.501814 55.910343 93.08316 63.053482 96.463455 95.5966 26.504522 22.495579 39.953606 23.31651 0.23007989 7.4699583 80.95288 46.053516 25.232203 19.565796 54.372948
57 91.495155 86.74906 2.0614862 64.653656 66.36928 72.95436 29.237837 23.846727 16.664463 74.939575 38.942604 22.23792 49.332382 60.88506 86.29487 46.353584 38.61228 39.17681
58 37.331604 21.728653 75.32182 70.07195 39.882362 72.30314 75.59336 1.7058074 38.311203 34.54877 93.18241 21.208841 80.10303 73.75382 43.53044 66.96638 69.517624 30.223173
59 60.433716 24.17444 88.42963 83.95401 49.973972 67.449974 41.56541 3.6613464 59.13622 55.034775 15.002722 27.448744 36.4197 66.84347 18.190998 72.10873 72.19591 0.06300211
60 23.868757 51.717007 81.35296 42.093807 22.89878 96.139824 38.9699 71.271965 75.8268 40.152145 30.782784 45.03127 6.319368 24.476582 8.743179 16.021084 37.791107 33.170765
61 93.04893 26.318157 0.54036975 35.95035 75.97855 14.450645 17.439396 9.33302 20.328993 89.743484 29.345821 53.58615 12.198549 82.81293 22.405397 81.57985 0.5425811 33.2632
62 26.601273 35.573036 5.9405446 78.21109 34.387398 45.040504 0.24396777 24.689411 38.947178 5.794483 84.433075 30.822962 70.28261 72.336105 31.61422 54.56096 53.514145 72.62789
63 18.4735 13.378626 74.82081 89.902954 64.80822 6.481558 96.54932 98.88253 5.444014 94.47663 52.158726 84.581764 70.681694 86.09071 94.64388 28.030277 84.4854 12.26551
64 97.50993 83.5666 58.317726 53.83647 76.67772 42.29373 62.554485 48.08342 34.123505 22.780186 66.7919 13.847923 21.64756 26.691526 20.423687 75.8402 95.78767 68.839645
65 81.25965 21.45943 25.221354 39.80056 23.637856 12.242592 20.52328 87.99963 69.71899 85.3173 66.161766 46.780373 85.025635 95.4047 37.244953 61.807243 78.69629 56.503582
66 2.6879966 53.11471 12.569862 74.95227 33.906113 33.675896 83.622345 16.740673 18.395472 88.560776 29.27305 5.420595 93.007545 33.183064 62.810413 0.49415827 67.52914 29.95652
67 70.11167 96.56255 68.33718 65.61919 52.71757 11.670267 40.206497 18.821806 45.25441 89.12435 55.422176 73.16305 46.56513 24.608433 79.61261 25.09917 8.426934 92.71323
68 77.41274 71.03118 18.413479 91.197945 35.239822 31.915165 84.63767 43.572605 67.98026 37.047016 90.43128 11.202007 28.921015 67.90347 92.43604 14.396715 83.30069 86.29758
69 12.368286 61.251163 43.705685 93.41604 42.456753 35.757973 16.307348 93.893684 89.13578 19.472027 19.554132 54.858677 6.210649 69.286934 18.135798 38.32197 74.91815 67.34618
70 54.375797 57.42282 26.914835 6.436038 54.04626 25.47477 50.38356 98.14803 64.11341 70.64505 87.61157 53.474606 34.097916 19.166624 13.331116 12.189174 51.375652 73.51144
71 60.907703 3.3041954 62.462246 47.79379 42.5068 33.100994 68.54661 66.23378 39.373283 87.74969 43.50107 78.76572 39.339626 36.51583 38.3511 24.359781 85.97012 50.17284
72 67.59816 52.435215 12.994087 42.76119 12.530875 47.53987 49.83802 77.57159 75.22167 45.476715 50.404747 88.560196 7.587332 60.057926 64.348465 83.76969 63.807766 90.0095
73 4.852891 59.235565 55.47217 53.143684 81.54267 40.8677 58.794098 9.235597 44.165184 32.543175 46.658367 20.11984 99.90269 14.817757 17.49543 42.959755 22.75843 58.01515
74 23.199326 24.596607 10.861611 72.800964 72.5014 27.081299 80.524254 71.57153 0.18519163 59.21208 23.540741 95.02763 49.89016 59.99559 25.94204 24.163204 55.4308 97.82667
75 26.908546 41.64703 16.789734 35.815346 30.827898 85.33787 29.28068 17.615105 13.888634 96.644684 22.68222 49.419754 49.772125 67.87471 19.092285 69.1596 22.900486 34.921688
76 99.33424 81.56197 78.58692 8.012241 36.259365 2.433014 48.899174 36.191875 75.35042 53.61327 82.98093 27.2978 17.563211 14.470995 38.18705 99.89915 43.084747 0.9946406
77 61.196484 96.71608 47.19026 70.567085 9.102547 99.048645 88.00823 51.944614 52.490097 21.507818 50.930386 64.98521 34.148174 47.661793 53.619278 13.994283 67.10613 65.96902
78 69.870834 29.468859 78.20193 46.506733 68.59674 64.36858 92.788345 41.52453 7.326823 68.23658 12.1633 14.822107 7.1335974 12.505209 27.89328 88.49919 69.80022 96.688484
79 11.7170925 11.943335 88.25279 52.980507 1.8141627 92.26324 90.43389 87.708694 6.855303 2.057302 45.394825 55.354042 69.69347 87.8078 31.729816 84.23376 69.37937 17.752361
80 13.68013 43.791412 10.296816 23.310316 13.224924 19.667185 12.812132 33.597343 88.98732 3.7974715 13.440394 72.87826 99.36946 98.7556 31.980806 69.67437 10.352021 15.989715
81 16.50871 11.413842 13.028407 30.701792 27.989388 6.806916 5.1789103 57.56436 38.368874 90.420975 10.827184 73.575615 48.380913 10.165781 15.373153 30.955172 63.382267 82.57995
82 67.988884 44.493286 21.996952 26.002104 91.73558 76.15788 48.233913 95.043945 72.360756 73.57129 83.37395 37.44808 3.8291574 98.290596 59.94443 86.66552 20.003683 31.320858
83 62.472733 39.642204 63.01284 95.18327 4.6989384 62.740154 38.019115 38.934444 62.11993 21.87751 97.4518 1.137054 74.021904 62.3578 34.213577 78.82558 57.746716 25.037502
84 49.651752 72.46685 17.346323 98.08218 87.75185 58.81867 31.84253 76.276 89.42793 28.03815 48.170273 55.431694 50.125565 47.54566 98.99846 89.71348 48.207897 23.731947
85 4.7633767 10.514652 21.564764 90.89126 86.496864 61.863865 84.18044 83.61895 15.780145 78.17516 4.445821 39.739017 10.111028 83.57218 82.04125 32.597298 66.15692 60.1354
86 12.29977 67.80533 25.110458 36.434944 75.94916 75.34529 19.313414 22.873528 30.701023 35.00882 38.424706 40.9913 59.795208 44.66361 27.949524 98.35553 84.61714 56.607693
87 39.500393 76.41482 14.999986 98.628975 57.62273 67.24323 65.72607 71.247635 44.593376 97.00164 42.79287 80.45386 54.81053 53.82948 12.758244 62.098225 52.069782 29.442692
88 35.290356 67.54462 14.307433 34.70566 18.096405 74.41584 74.746895 46.683575 57.67864 26.972998 39.57508 39.04531 54.667046 90.15618 49.386765 79.11756 42.41906 63.423603
89 44.058914 97.39171 78.58311 65.66983 23.16246 41.923134 15.633333 92.652664 11.504162 77.96616 65.0482 12.049228 82.249054 28.549355 85.68862 98.59094 18.948608 34.76765
90 77.70868 99.35577 18.648148 44.668304 24.490917 35.446503 27.338863 80.113266 54.940212 95.74078 27.937227 34.355606 63.108414 17.510487 61.6118 85.77302 20.48195 10.38438
91 92.841705 80.82624 5.0849257 98.84179 34.60193 11.481256 90.38146 95.21122 35.35987 47.74431 33.166485 82.60433 17.280262 57.361008 53.38991 74.50252 13.627827 63.941933
92 48.15282 15.552914 21.59977 37.676388 47.747486 13.808656 98.79365 44.323593 32.198395 17.011803 41.61685 77.33215 43.72487 9.977043 91.876854 82.79903 73.12626 63.66234
93 93.57802 39.668316 68.33748 82.64488 30.921513 49.2788 21.180994 1.5538573 6.305337 4.3518248 76.32484 74.20675 94.70821 72.08337 75.13551 84.974785 39.48381 27.54594
94 79.788185 20.052094 30.872143 89.55766 10.779524 48.168343 49.348396 33.042156 97.80547 33.777786 23.48165 10.249883 71.55614 0.35007596 78.78782 2.6681066 76.8933 63.116055
95 67.96367 29.70413 38.475864 97.081924 22.027016 57.039112 63.361515 11.4784355 39.719276 13.733554 84.42599 81.78044 2.8193176 43.59966 79.40656 87.30127 26.854944 72.98149
96 96.6063 9.984123 9.474402 77.90521 66.21598 38.78864 47.161762 21.644896 20.060652 65.977776 50.06718 16.223543 9.406555 55.183804 84.80734 34.42549 35.136803 56.46924
97 26.817513 72.78867 54.795162 67.36005 63.161606 90.09075 32.195652 19.236588 79.90022 33.419556 55.801422 60.307503 16.760332 17.467916 88.00399 16.011673 17.839306 58.71939
98 67.707596 18.002188 37.616722 40.26094 79.983215 88.33816 34.159733 14.700354 18.551624 57.178993 48.923855 50.771446 96.84989 42.74038 8.114952 16.43265 41.605103 70.690315
99 2.6474357 29.421377 17.172039 97.26158 1.0775089 21.195381 50.188805 93.41729 6.590706 66.91623 30.978643 65.27795 89.574936 61.61095 72.00402 24.110668 61.220013 38.95434
100 73.79792 74.46741 20.972431 66.37332 37.208927 85.07359 26.871984 29.578983 27.363194 18.91005 38.44841 76.43469 32.14481 78.25867 47.919827 98.58649 16.713625 20.519274
101 98.17875 27.89368 88.917854 1.1368036 32.05878 40.845062 99.53023 32.350845 93.53966 39.33236 79.968056 18.605703 20.077335 90.94519 0.28588176 50.809418 8.659148 10.978174
102 26.307339 48.240547 84.31322 85.29425 89.15137 16.369898 46.791077 15.820736 8.285093 5.350238 62.44995 5.58393 43.5878 73.15352 17.755795 38.692482 88.539795 71.587135
103 67.39192 92.50089 59.168823 26.546366 23.085535 98.32588 18.221355 96.268654 13.662934 36.61725 95.41475 85.020546 47.53242 69.52907 99.61969 13.10429 66.10514 24.588871
104 52.283512 97.41597 51.24148 7.875413 21.010452 56.68162 47.612484 43.106026 73.451904 0.16329885 58.16059 67.68162 62.829994 92.8501 39.214558 20.482224 63.63399 70.2764
105 53.153687 95.55278 98.21733 35.05161 68.03407 16.33352 88.9214 39.415096 32.80332 76.40175 75.51147 4.6818914 6.4729395 53.4919 1.4940381 61.91683 3.0329525 6.604081
106 75.46845 7.727069 99.439186 23.112988 93.037506 45.418476 80.44909 69.82867 81.76323 42.204697 95.50878 83.87933 34.81728 46.537106 33.697754 95.08818 89.767136 21.34899
107 82.62366 19.267405 6.59765 6.05132 96.149445 83.68229 5.6425514 96.01481 19.25904 13.037432 51.45677 48.122257 91.871086 1.960516 55.472332 86.43546 7.9505444 52.42188
108 19.037651 96.31615 43.113304 50.210537 32.441998 88.254196 79.65305 70.92966 75.88783 65.53796 69.435486 34.48155 59.01877 0.65977573 44.610943 98.24953 68.27915 73.45816
109 46.111042 87.78145 30.62216 35.491287 18.250864 93.42776 20.262093 77.61258 62.599457 9.840155 37.456696 5.3378463 49.065556 99.31124 37.69738 85.07767 10.641521 20.51062
110 31.977982 55.943817 59.53898 71.18883 67.62108 0.4714012 35.92844 50.882793 20.88936 3.6403716 60.870403 0.6301522 31.537449 75.00253 7.315236 28.314728 12.616867 62.05935
111 17.586714 76.71227 11.097235 94.38867 93.19333 46.839035 43.886288 94.04559 19.089645 1.1413157 15.107262 96.68624 85.90657 52.78166 42.32667 4.469055 61.766304 1.2173355
112 97.93067 42.42311 81.98982 16.933971 55.950523 97.548065 57.498695 65.157234 31.075096 68.897255 8.528423 9.247952 94.911736 58.330452 62.23979 57.981853 52.129715 48.102505
113 84.08159 39.778316 86.117966 82.139206 61.78073 62.989925 28.200132 33.465195 16.38227 80.47414 37.075054 68.074646 60.915955 33.78275 74.60339 24.422926 68.42047 36.426647
114 41.766876 13.075172 96.91977 34.870083 63.823902 99.84961 69.53674 92.308556 38.42466 91.57376 38.5803 95.079 44.5939 71.42839 8.796787 19.994473 46.715755 82.44772
115 37.99336 97.30396 66.4509 86.29683 24.187977 96.7304 70.18249 9.7441435 73.901245 80.57766 71.23733 64.636345 93.07291 49.724854 48.68764 96.57373 62.568092 36.00869
116 69.74636 92.35056 36.8547 12.662447 85.173706 92.601006 15.015739 36.823524 69.080635 1.5748143 75.95323 52.395023 51.21903 24.718792 87.901 54.5665 54.279495 62.481934
117 9.961283 99.94429 96.67466 37.780094 9.397209 78.45318 56.383057 78.6967 52.243584 98.95373 50.091427 37.670868 61.149998 72.938644 58.340134 25.604498 18.261904 66.85651
118 98.69768 22.542011 62.70927 79.753876 0.030076504 95.936905 52.553333 49.279987 79.36384 89.679276 35.796474 94.979515 44.156994 20.239895 80.5588 36.586517 95.290665 35.27488
119 22.348022 29.168081 55.88804 11.177927 88.39319 2.9537022 97.08408 22.27481 92.48317 89.091675 30.845726 40.099747 66.16795 23.026735 31.42979 77.51085 6.3762484 3.3841074
120 78.427605 91.8895 98.621925 18.92892 65.757324 93.486626 87.47048 51.162296 30.414772 59.84946 50.58511 91.29557 43.083256 52.47218 23.552586 42.653595 98.44409 36.207973
121 74.195114 92.000336 7.6496897 60.971443 36.914253 43.92184 48.157234 25.819557 59.805424 3.3720016 69.02441 81.16255 55.1588 33.97645 92.70288 60.72093 63.168888 98.953545
122 40.00531 72.57075 70.168274 31.86537 33.75685 21.430088 67.749794 74.23429 91.97216 12.019026 94.32823 33.793785 94.338 77.22283 82.91208 52.289845 20.25473 42.811577
123 10.3145485 55.877316 94.43622 42.09384 36.250973 88.89343 1.6369939 15.140563 63.578648 86.82955 17.831993 5.70724 91.47969 24.416065 56.29298 18.866562 65.12444 16.700172
124 6.4753532 39.36395 12.052643 55.712063 97.250565 77.108505 56.252525 22.721546 97.40524 95.86116 95.1008 30.190145 61.90529 64.48879 36.65391 61.387848 86.428764 19.091463
125 20.274586 96.399376 72.15711 37.41472 72.567955 37.08226 62.642796 54.327286 93.73424 80.71305 62.418682 15.43718 82.67584 91.88426 8.369094 3.3585846 18.796951 98.07265
126 48.044704 32.51309 45.98324 88.63032 0.1868844 99.99962 91.64484 46.25762 80.65746 84.90791 88.152695 39.867775 78.48557 90.95316 3.0169606 77.77609 51.39459 38.50987
127 80.578354 69.03312 75.32328 94.61825 24.953735 91.22502 58.28087 22.487663 29.95259 77.002174 3.3652544 76.15009 75.43094 34.847595 49.72659 28.508598 45.156376 27.101273
128 12.289506 20.928722 83.115555 69.01943 92.58084 55.144127 43.011856 54.73472 13.285279 10.565144 19.494993 91.523964 90.21883 85.62517 94.76804 53.97544 57.133167 5.671859
129 26.275753 89.73154 93.818184 63.76951 21.147299 92.78195 26.844238 17.847044 42.217316 47.175343 8.279842 37.68874 15.36243 60.946274 71.94839 9.669394 25.461239 98.521515
130 93.17514 73.7927 10.721207 60.443886 68.2608 95.97322 74.93537 96.5594 98.651184 4.643965 12.267107 6.548005 34.318573 32.27126 77.55733 27.592056 56.40261 63.37561
131 80.362305 19.887192 73.66763 66.91498 46.73096 87.48589 66.618675 74.67036 88.20065 54.566364 40.793655 2.4300933 72.024254 9.642178 83.239975 17.709368 74.94573 25.537985
132 47.728886 58.437656 69.93637 18.282312 1.9104779 50.03427 81.52085 69.60141 38.229786 53.668457 11.306256 65.6923 97.68584 82.926 87.035126 98.72486 56.90924 27.801483
133 2.1847308 0.45111775 42.85997 28.689205 60.41153 81.82593 31.819742 5.2046356 11.8864355 5.171317 59.19768 98.141266 3.99009 21.712803 70.722725 62.128597 74.457664 36.909283
134 23.411715 12.63997 93.71132 77.58001 43.642193 96.50241 37.940502 1.1562943 49.898632 9.14411 13.941974 20.2686 87.28934 15.202016 99.58338 91.20073 20.548523 59.08645
135 44.087334 97.442444 20.557785 47.510563 44.54251 28.655273 17.869377 92.24858 78.841225 28.898357 4.5277476 65.462105 0.6383538 48.07229 44.71781 15.362507 54.25695 48.419518
136 15.28036 41.857742 32.375717 78.82405 81.60347 41.82368 7.7794313 57.89775 23.311985 4.966193 23.705637 90.80382 40.835358 3.685689 21.960836 61.891903 89.45129 55.268185
137 40.90171 87.00729 25.704044 0.016766787 88.78906 6.3556967 93.92049 94.07688 24.443077 45.683098 92.44453 46.73333 84.390305 53.960194 12.5451565 76.4641 31.940884 37.49484
138 42.90017 32.18631 62.324238 90.251945 42.10545 41.644848 42.914368 69.01609 46.60922 50.060715 57.77213 69.829796 55.43483 92.82022 40.61746 32.883644 2.4608135 76.55938
139 44.62539 79.78935 36.110626 95.451546 6.1362505 77.06328 2.1184862 82.37688 2.813977 18.8757 2.4440885 38.03612 95.62209 40.9361 50.08474 21.629662 34.17121 65.101364
140 80.965836 52.67763 22.794867 44.292618 28.58116 19.693768 11.713552 32.027817 30.715942 24.09209 35.745247 56.82532 69.3443 89.81159 59.42081 94.475365 51.386112 25.162584
141 59.584435 20.339792 8.988357 44.36422 37.434578 98.11754 30.724716 4.753977 74.634445 43.65798 59.761314 30.866194 51.049294 54.232574 99.60377 19.221252 13.621336 41.066338
142 23.322266 15.024561 10.952777 60.826057 66.76009 42.892807 90.72854 39.16541 11.593157 53.61428 46.879875 84.404976 99.46143 14.782894 20.386833 34.106308 15.789098 48.457325
143 17.174894 82.87514 1.2111843 78.88466 44.32208 41.45349 82.40719 49.452637 62.71568 49.35006 13.0941925 53.618355 61.651398 44.2921 13.254494 79.38979 25.234009 9.100956
144 31.478786 22.356533 48.71293 11.702049 5.521643 86.18878 87.27428 7.443917 91.529 71.421 62.833904 29.35003 87.4594 89.243935 93.86413 85.05158 13.343918 14.543772
145 47.386307 56.7043 85.39105 75.70999 84.428154 48.993294 45.52939 33.50703 94.24878 1.2563467 78.59463 19.85339 97.557304 12.748814 69.620804 33.524685 74.18827 79.13705
146 60.014427 44.002193 10.954231 96.50735 48.013706 58.900826 15.694123 13.64423 22.812187 13.163114 44.2063 50.254917 7.922393 39.598 98.4419 8.452153 35.444252 57.03424
147 82.99548 86.46952 54.37498 42.570908 28.83414 20.652462 51.25143 42.927315 79.93601 86.68492 96.36656 83.068756 81.959114 50.28007 22.474426 81.02342 49.437935 76.75041
148 52.0305 10.582155 26.828808 57.60637 53.158314 29.42133 1.8267274 49.30511 71.051094 21.708233 99.9015 17.235874 30.585278 80.597595 55.405964 48.802055 75.52921 67.92993
149 55.66399 18.921673 20.675766 53.183002 24.23234 24.358332 74.12561 20.153683 2.4430573 29.018545 99.22382 83.36974 4.079187 98.77438 48.5452 23.821688 26.635159 33.621853
150 17.8833 8.799261 69.39668 98.25667 46.288532 28.51324 19.1881 94.69407 71.4973 64.44046 50.034054 36.694355 39.08521 4.1717234 44.437744 63.85966 41.66404 64.75346
151 78.07106 50.78227 22.537226 62.441914 33.29742 15.05307 40.358192 29.344065 82.313095 37.84852 39.23839 86.07471 40.317352 76.83342 66.97727 20.34918 60.83616 56.93679
152 4.9994287 31.95405 77.27576 67.933395 22.358847 98.95394 80.425224 15.509563 5.79648 14.023572 24.732899 65.488716 94.114624 75.725975 35.831356 79.08015 11.674148 91.238045
153 27.373909 64.39856 39.053745 24.86275 51.479946 9.147442 23.072397 82.63741 98.985794 18.396122 40.517998 55.98294 23.594725 55.999237 24.91002 6.7388716 98.55831 88.662445
154 11.127657 88.753044 81.65883 7.2657943 74.24548 95.665054 90.26835 64.19557 44.737442 55.425392 94.71669 20.5472 88.449455 65.77406 67.001495 59.65096 95.32771 64.274124
155 60.22717 49.004208 32.56147 36.029835 99.58447 40.99799 75.106995 92.95064 91.01055 2.4938047 26.866467 72.94874 72.04632 77.09133 19.277578 44.94045 59.289146 73.64697
156 8.715314 6.681299 76.99581 66.13485 60.716713 94.58812 65.90297 98.22776 86.22653 6.63532 74.597305 40.019577 94.25184 66.567566 77.48944 12.178982 15.745014 27.019405
157 63.646465 6.6462517 87.25889 44.20986 14.7475605 13.951355 19.796413 32.783657 73.89204 50.59682 10.988659 77.76092 80.86456 40.029335 37.764557 94.656845 65.01938 75.89813
158 25.326782 68.42665 90.76469 14.008177 67.6322 98.32699 9.605801 41.125076 48.619003 36.973267 99.046936 35.143345 13.864029 47.28514 44.87756 6.7192497 83.74376 46.685593
159 27.310646 30.98457 3.8736582 51.44953 1.2426436 87.153114 51.790314 39.64638 60.024864 10.523528 73.505226 84.41013 54.343212 76.448616 5.501109 62.584816 12.17925 19.2253
160 50.572937 60.981274 1.7659128 94.56306 56.062996 3.952551 71.66164 15.38021 84.74057 33.72246 35.56798 84.283905 48.882687 37.420715 84.63909 58.404255 81.88594 32.185555
161 67.42143 73.528275 66.65765 68.651566 83.17663 24.03238 1.5838444 71.86867 64.44733 6.3215017 21.354336 11.98358 50.909435 38.79063 67.45423 41.205143 70.70642 37.2333
162 20.631367 81.578865 84.79185 56.69939 21.86044 34.388596 21.832275 78.67888 58.79643 67.61713 38.77805 84.851326 28.805876 35.43234 8.437276 88.246254 87.56093 82.28031
163 28.746765 1.3242185 91.86566 74.58468 7.6915445 84.08986 67.65752 2.5574982 37.063946 98.830124 7.603085 72.06878 81.86939 80.43459 88.81143 7.3094187 79.88478 30.568754
164 19.158905 56.088673 37.677296 42.363327 72.6072 4.5675397 90.62822 30.944359 69.565 92.14062 50.822098 69.31456 40.468067 71.70248 29.014229 33.121906 79.82197 88.8916
165 86.54753 30.096233 37.266476 85.88178 46.636135 7.8395605 92.893616 52.234566 88.761795 88.72523 50.009422 5.147356 27.247297 3.461045 31.509632 43.6024 67.89832 80.03124
166 50.593536 71.47785 72.77355 75.94284 15.030956 61.220592 90.79656 16.717535 21.80038 46.36148 24.519747 59.20743 68.62056 3.7009895 64.65899 35.449856 96.50326 56.690002
167 93.120804 41.355556 36.575787 94.22676 11.535179 18.549078 51.482697 24.194681 20.494736 80.21631 80.91669 40.551346 49.803307 59.99152 49.298393 75.18017 12.387175 12.9259405
168 6.1877546 81.1319 34.763836 79.675255 14.341391 78.9725 61.053764 88.54215 1.9192815 20.940178 61.72995 28.28942 62.49074 43.282444 24.20914 80.14223 35.30729 91.84177
169 1.8935442 66.627335 77.72514 2.595669 38.57792 13.419909 58.409668 81.90691 23.76523 47.813522 43.590252 71.736404 24.215382 82.48704 16.519238 65.6142 51.13147 78.66812
170 92.59873 0.9112239 79.222496 10.4026375 57.362812 32.63052 22.241234 87.31154 32.440342 60.825 73.56184 51.893467 44.388496 56.699036 44.32926 78.11585 44.305676 6.8710384
171 25.388224 28.796274 71.641975 68.13887 82.60261 12.238389 25.677418 19.932598 83.63978 34.94374 62.5956 93.55837 83.46146 12.2269335 67.61924 97.9933 46.592056 46.532204
172 10.782396 4.606247 7.9949617 52.56483 14.892864 77.53881 17.660213 26.450808 86.20059 73.93263 43.687214 64.528114 56.15986 96.64263 36.940838 16.618134 88.19224 71.00456
173 69.78812 53.355877 31.075441 72.663765 29.817516 71.06366 72.863075 43.018402 74.94835 98.48876 21.257156 56.644367 82.41079 94.308 21.098877 16.873997 64.48728 83.50959
174 12.91247 43.780403 87.73561 14.536983 41.846806 27.02331 49.05696 81.42386 80.33467 64.748795 6.1361017 39.13147 24.568754 20.978678 76.4853 3.0469 41.52763 56.209427
175 48.89971 11.305677 64.636734 19.363802 54.22556 1.5183032 79.8954 10.460734 24.909645 10.923725 85.92873 10.6129055 11.109119 14.343107 9.233779 34.01256 86.77679 20.00503
176 75.99677 41.77136 63.99309 15.863246 83.18634 2.750361 75.098976 3.9960682 30.917221 26.32373 87.4135 47.69162 14.878708 87.39973 87.32792 43.57695 79.29639 27.572739
177 32.499725 92.394936 77.62003 37.160652 91.180756 88.58804 17.893261 91.81536 5.175191 56.590622 3.3620775 51.665752 61.61553 95.60311 44.934017 99.40999 93.0637 33.62679
178 82.0314 41.827244 45.096672 53.741707 21.431429 73.801094 25.540756 23.143238 91.90161 78.67223 45.208805 99.50546 25.685661 38.665707 62.01328 95.06538 58.847828 55.926258
179 79.63407 70.738556 91.63099 41.568386 29.780966 98.96188 50.62668 46.890213 80.090294 52.25485 37.806553 68.85933 74.72696 36.200756 61.250774 19.065697 94.03433 21.239943
180 0.46720505 61.022686 45.605045 31.967354 30.077393 81.01927 99.76687 9.228253 81.71416 0.27990937 5.835068 66.96198 70.40693 75.13611 65.032166 59.271378 11.513048 82.97563
181 55.48791 54.47334 53.18737 97.19864 63.288105 71.85541 1.0806322 8.121145 50.535828 77.52829 2.8470457 19.136112 11.528939 1.1915267 34.359394 10.443288 26.463408 32.946976
182 14.328241 14.825994 8.87534 84.69526 4.162759 41.38421 68.97912 64.38663 93.07068 40.48835 36.103153 62.78641 50.061787 54.71999 25.836777 4.835969 52.994038 0.99953413
183 22.864414 73.58309 96.19761 84.81404 20.670897 90.526146 81.45482 41.361584 1.5612423 87.62949 18.942017 14.993471 12.269396 52.853138 94.70364 38.59898 44.665207 81.48873
184 96.69202 21.134705 40.851574 42.660286 62.5446 33.514507 25.731718 35.84823 7.072467 41.266853 16.68902 92.108696 76.699356 34.021114 53.44124 83.72665 40.433918 65.84942
185 35.80135 73.36704 73.80426 42.176926 2.7059019 27.4378 92.77154 65.353165 52.478523 70.481186 1.0196865 5.5855036 7.212305 89.15837 86.05377 71.870964 99.02569 41.03814
186 29.906385 70.4839 83.72829 59.262512 39.4381 9.707975 19.39637 7.6174855 82.52464 18.62595 30.08334 59.028126 80.96417 26.247984 75.27405 85.527596 32.637657 2.9784858
187 75.93968 39.885647 46.05324 8.865815 90.6819 22.952635 84.45142 58.283443 68.30263 0.07198453 56.50574 86.252884 24.344975 2.3904145 11.499125 51.698715 42.176308 11.368216
188 11.677379 3.2459676 97.798515 28.140026 59.078842 56.016094 60.85252 13.541442 52.127422 27.096903 61.630733 3.6019742 75.07923 73.36444 10.027838 52.177406 75.27078 90.09325
189 52.267975 84.28267 36.078453 10.841757 95.27568 6.781864 92.42937 98.538086 77.3545 77.648766 78.277626 11.179632 23.357689 80.34525 17.16581 41.319447 69.04888 49.356037
190 26.130617 71.32896 44.44011 99.0065 65.89649 12.647581 61.453392 86.88108 35.45798 39.765804 94.48855 1.0181606 33.51879 23.01104 80.912415 66.21327 32.383545 69.35167
191 4.9459877 77.90671 79.15076 10.000104 86.06028 65.0183 34.60784 16.742151 40.256317 67.53792 20.069843 76.36875 58.2686 66.563225 87.333534 21.623737 82.877495 88.738945
192 85.55049 76.55407 22.537691 2.6974022 32.583694 69.46804 10.135567 50.19489 26.538641 44.844635 73.896065 91.31203 57.704426 40.028374 97.60273 62.52923 11.964666 8.487022
193 95.01677 33.955276 36.51941 70.46349 39.639717 31.793844 67.98427 57.24231 77.028534 52.65885 84.904465 16.758507 99.32484 15.035611 32.550407 47.25207 97.39456 61.535526
194 1.4760613 80.02326 87.19892 74.17327 4.4573784 1.5459657 66.25111 88.33641 53.63869 75.283485 21.08752 73.10937 63.36174 32.120842 25.742579 83.910355 99.4114 59.540154
195 37.718887 24.818605 25.272638 49.243683 75.65948 83.3869 6.254995 3.1578958 10.937923 10.095477 76.617836 42.478645 3.0799448 11.908186 39.546955 84.05314 81.02376 57.71011
196 99.2297 14.910847 13.735258 59.863895 45.40186 7.687998 14.950264 96.91307 58.458755 27.137465 98.464165 87.83754 45.211063 7.5360656 98.38614 67.54599 77.110825 60.81913
197 19.39044 59.85095 92.57608 60.47144 6.8130436 0.45636296 59.016865 42.932423 67.35259 44.99801 17.235767 59.44233 15.347362 61.481373 57.783108 81.33682 24.634193 72.187485
198 95.13848 21.82595 84.68319 85.95683 8.632088 49.86726 65.18782 70.46867 38.985832 76.0214 4.031217 17.523825 54.233765 26.885902 38.315105 78.292534 99.375725 61.1225
199 81.010124 4.9471736 99.03904 35.074562 11.160046 59.064873 3.0979455 94.922615 43.154198 3.7258983 20.866186 52.221783 90.39199 17.477047 32.186462 14.038688 56.032955 75.467705
200 53.354233 62.85628 4.0996075 71.35365 65.008316 66.60198 68.9354 77.31551 28.385288 98.80107 1.1863589 97.1353 58.969826 42.74787 70.65388 86.15581 33.691467 73.07024
201 17.452711 33.618855 53.346592 61.047615 75.10919 7.904667 97.59997 46.00313 65.06976 98.20615 10.294456 90.05975 59.390926 80.85906 60.23348 75.128136 25.293583 42.666157
202 92.274536 73.339325 45.243828 93.917114 28.471035 90.97106 63.038994 51.29462 94.92616 43.52796 49.11318 5.412668 40.588074 9.870827 36.3261 63.358868 15.847236 56.558163
203 25.569057 66.37573 85.73249 41.837597 43.632423 83.844574 41.792393 50.540363 94.261566 23.221869 33.256733 76.5864 37.828033 31.775099 79.47525 35.561325 71.515915 99.19007
204 27.41456 34.10176 36.640495 63.752968 38.461502 50.40761 24.258446 31.289822 94.04396 47.43667 76.49113 1.876843 98.56569 80.138275 26.17178 70.08479 87.59638 4.921663
205 89.06352 89.81646 58.71514 14.465612 23.808933 33.331722 79.235405 16.557766 28.109884 98.581665 69.42034 41.06351 13.85386 41.309612 49.716545 85.089264 37.769985 4.400831
206 96.791756 10.207576 91.79727 51.615738 4.372877 56.100452 33.07259 65.1276 52.469063 77.56175 57.0042 54.27135 71.769684 93.45263 58.308273 28.724033 50.8793 30.461174
207 49.481304 84.17135 82.454475 76.47571 99.607216 17.621935 22.916424 29.701025 49.609352 57.228725 49.717106 43.551254 54.32527 46.14328 23.435413 53.626556 93.68808 39.005737
208 90.38783 13.071299 1.7357826 44.664337 18.87989 14.229429 45.347794 10.190523 30.43971 97.230286 77.04462 83.83701 30.913078 25.990719 15.713948 1.9688845 37.524677 86.70487
209 23.889935 14.935207 42.097515 47.3711 43.668324 36.157757 10.561252 24.998981 89.258026 68.27218 40.46994 82.13394 31.631964 19.907957 35.10484 10.079342 29.141151 80.63966
210 91.28338 23.097015 82.00245 12.850451 82.47008 57.89926 13.282543 54.84761 76.23936 44.443913 94.710014 5.7516456 90.437775 37.505997 52.99851 89.69789 33.208847 0.38628578
211 67.31391 24.059671 13.867479 40.6499 27.337105 57.10398 62.74141 67.753105 85.64262 97.16503 74.64977 80.16108 49.72719 44.572426 41.587776 77.99357 5.1885185 14.765388
212 72.17082 20.831913 99.791374 25.891125 98.01184 20.115084 1.2995362 25.415648 37.82499 34.141518 43.14091 70.62306 58.84381 60.238194 9.667426 19.160908 30.09947 33.880913
213 75.73997 53.88318 74.027214 15.735364 87.69443 76.09135 70.368355 93.58522 58.821342 81.87996 60.837883 42.330635 2.026862 55.724335 13.771719 68.6519 55.355328 5.832261
214 87.0043 41.07244 87.87654 48.310627 34.41857 46.121807 39.71763 57.12559 29.634016 68.75197 31.707596 8.47786 79.6409 23.322243 28.472221 99.95137 5.1518917 40.124565
215 0.44866204 44.065952 14.139259 72.91923 72.079155 64.17613 64.38166 43.201942 77.59712 38.575363 31.59861 86.398384 54.857094 90.81695 86.45306 49.917995 69.41436 44.34081
216 58.716434 0.5919814 73.67478 95.25297 85.39249 93.63127 12.867803 95.359024 14.57342 2.5919378 4.615325 29.181963 64.05614 2.2122622 51.05778 53.641052 16.890352 77.236496
217 21.251434 1.3348877 11.490017 20.873785 41.57403 21.025545 45.95297 8.330816 98.18959 99.0899 41.85244 32.43807 28.558958 19.581186 86.84998 69.85939 19.185453 38.381664
218 15.709967 84.39401 40.21152 68.04268 71.15773 46.670967 10.402382 57.68048 67.81885 61.883556 70.047905 59.166187 30.318058 5.4641066 36.279606 63.319515 89.42964 3.6659837
219 62.441933 73.4565 54.69451 96.37439 27.995842 28.077675 77.703476 44.14441 50.800484 48.409523 24.65502 3.0616999 62.65904 42.679237 70.00435 78.6986 90.18585 59.230305
220 43.01777 74.919 75.12208 20.750505 26.632393 91.85355 85.27935 56.927975 51.80983 68.87124 63.719177 61.777477 11.989039 58.223503 39.287346 52.755547 60.526974 0.2060771
221 46.236958 83.7375 51.21569 24.705982 39.72287 34.153896 47.945816 51.975597 33.0788 47.331917 7.023275 9.060854 52.953167 46.675552 25.02805 20.730759 10.85071 7.1252403
222 29.73091 4.794419 20.98537 78.80552 62.569767 82.69817 71.491325 41.400867 82.45764 65.178696 41.16972 42.162567 93.98703 48.98135 79.58824 32.17164 32.961975 50.27134
223 62.331627 48.255943 0.9922445 40.966152 43.667507 89.53796 33.799774 59.961597 49.30095 44.788857 77.90413 57.833015 46.012424 40.464718 83.271805 43.353092 51.888943 89.441444
224 48.947357 26.926004 89.9626 31.052542 71.058044 70.20413 64.07028 7.132369 82.13625 24.701458 43.663467 23.50734 64.48664 73.68164 74.459694 97.94967 3.2001078 31.07677
225 94.8812 4.2664824 84.06112 25.344795 90.12967 37.25768 63.496162 33.22224 82.767456 58.1186 50.170338 83.059616 62.397724 36.928493 56.969345 26.186853 39.352776 4.6578226
226 56.83142 60.456093 55.41899 17.212772 12.956315 67.221375 56.067215 38.042522 42.86659 2.5742888 76.25147 72.45591 13.994569 28.259785 88.731125 58.7821 86.09074 16.50632
227 28.518814 0.682354 0.785625 56.742798 28.228605 37.154633 41.887356 98.12607 60.87714 7.011861 30.074669 98.81481 93.470795 1.8618584 83.97598 16.408688 56.19968 83.93826
228 45.4472 60.898346 48.275387 4.657036 82.22555 65.37718 47.724937 17.692417 5.906659 85.74767 4.4336915 71.93499 70.0433 70.373436 54.371094 69.227615 92.585144 97.30587
229 49.50577 17.652708 12.1701 40.136147 99.00154 30.807049 80.052635 25.037449 29.778862 58.452576 82.638626 89.07856 10.633254 64.739334 15.428638 52.881104 26.3438 41.489494
230 2.2015452 15.193629 14.411915 89.49957 95.863 50.56489 85.3887 68.216736 64.71287 8.174783 81.634705 90.28967 72.941414 35.748924 2.57864 73.26456 2.7462363 79.62539
231 46.183575 96.03339 41.184116 84.30799 15.784663 96.54929 4.159689 52.64029 93.43904 82.86736 87.04461 53.039635 30.444962 68.879814 93.36737 21.577835 93.07647 35.38169
232 84.67856 4.1803656 87.48557 16.581715 33.754253 94.501076 78.103745 21.178986 25.241339 24.335844 84.9975 79.03907 90.97088 60.55195 69.08158 11.763197 57.58592 11.778074
233 81.7617 24.556976 20.770813 82.43231 4.6743035 13.33521 99.97096 65.53565 43.232918 44.577343 9.604305 0.2010405 67.51138 54.764038 54.752586 47.30055 38.737743 4.034132
234 1.3574362 46.75641 87.79676 16.818583 21.021193 2.8976798 62.412144 26.513226 89.42687 17.658108 66.1852 76.68655 53.75827 23.911154 29.79775 96.886 39.745945 8.353567
235 82.15179 84.87335 62.32622 2.033639 97.03624 71.21461 37.428825 30.40831 44.412815 87.76535 75.9677 78.80315 60.24522 93.98071 17.375124 45.00014 95.91341 58.458096
236 29.478954 21.61401 18.928957 36.068684 47.478096 6.7222953 7.4790773 0.89166164 38.335426 63.23653 29.171436 83.43773 82.00546 93.650734 81.43551 47.901707 39.28545 26.552523
237 29.879152 26.04668 92.27258 10.665888 39.33307 82.486084 69.79198 18.81149 98.4852 19.34895 11.90344 92.17946 86.369255 73.40335 47.689774 20.434952 81.29608 16.553963
238 4.775959 97.701836 29.184622 31.160927 91.0394 12.244022 48.056976 98.85552 75.17346 89.096054 73.41455 58.517075 87.39727 81.958 40.330784 62.956215 91.71538 1.8992305
239 42.71144 90.81223 81.58434 25.909435 18.93084 60.471024 89.31575 74.75254 41.90867 95.76162 1.5245318 15.1437645 66.91671 22.172243 46.718967 80.76623 33.580017 29.78255
240 82.83685 26.419222 71.556984 41.541527 11.088056 12.555861 9.4550905 28.496159 84.604004 48.095478 91.18253 36.72405 55.67137 8.721638 15.983272 42.73477 11.102933 58.497036
241 10.9982195 57.733364 11.7495775 73.70236 36.79588 18.202465 67.27157 40.06012 5.6905565 56.63483 11.865473 35.221123 43.898277 56.877823 79.29904 36.419403 56.06345 92.43899
242 17.764956 3.9496183 4.1304646 91.314255 5.964965 81.5636 11.953545 99.565475 83.52832 48.553513 67.76703 49.18477 51.216652 30.286688 54.321278 8.991784 22.04671 75.94112
243 72.08415 84.734245 63.961494 97.383965 85.683365 74.58022 1.2995064 11.322916 64.30343 6.244004 77.16495 69.39006 69.94683 23.580235 95.81405 5.599719 85.5294 34.17957
244 95.08281 87.12847 50.224335 19.93211 58.24001 58.632267 60.129623 83.38408 84.81986 9.940004 96.35502 1.7522693 56.146336 36.10522 3.4630418 74.49623 66.39516 63.18
245 72.62461 30.258793 39.949734 74.9839 94.94483 44.712875 24.107504 39.422054 70.57324 66.40026 69.309166 17.971819 63.142418 46.08311 81.23307 70.77845 21.798552 73.579414
246 27.37177 90.912796 94.92974 90.711685 89.950165 14.845294 91.30676 30.1174 94.93138 38.74104 11.68384 26.56632 88.8747 0.0028312206 53.233326 23.483103 39.861576 65.36812
247 52.08965 5.0248504 71.70297 57.14938 67.64981 89.815994 1.1109471 80.80579 63.326218 31.864285 92.19683 24.41957 9.692823 56.89979 11.0991535 44.858665 30.239403 77.08562
248 3.1093538 49.035603 50.395565 46.498383 5.5279675 10.881132 65.56311 55.784447 89.637794 26.162708 52.37199 92.843864 15.42241 15.377837 43.33339 82.21876 11.603415 8.487606
249 22.898144 38.07108 22.642862 29.637373 82.34637 42.292023 12.79642 92.21162 61.954754 72.52139 87.15971 88.123825 76.843544 25.860619 90.78741 35.247494 53.439724 98.092705
250 22.057932 35.011196 27.564346 9.591526 45.994957 91.63187 74.02862 6.1914864 0.53991675 85.03056 47.88862 83.53726 44.912296 52.512848 36.0559 78.34643 28.120321 77.710365
251 6.9979906 70.16164 39.134377 68.54481 38.309063 37.172443 2.7578712 15.125048 24.8178 93.24126 79.18971 91.12032 71.77243 98.12743 15.844565 12.427622 51.957756 15.884089
252 50.169968 10.591584 16.126919 98.38327 17.773563 57.726795 51.951782 81.847824 34.76324 88.48147 67.2065 8.136236 83.23292 73.27951 52.80461 62.40719 78.53542 77.65711
253 55.631783 61.81128 63.42302 93.50489 50.18442 32.210827 92.16734 99.53628 52.48555 81.868126 5.0713835 26.985628 25.55818 71.88452 75.84353 0.6197393 9.164619 6.296253
254 49.41917 49.408333 89.148155 22.579407 92.101875 41.990334 45.436974 72.38978 98.27983 82.30398 69.79516 98.2296 45.191628 84.89215 82.25268 54.02198 48.820625 48.485355
255 51.64622 94.97576 47.350483 23.10089 14.001531 97.393326 53.894077 59.238083 1.041156 24.026936 65.399895 78.51911 28.679884 51.105614 60.546673 80.60721 36.054886 34.17473
256 44.670834 20.277727 13.82392 40.418713 15.758294 46.53144 65.859055 83.24028 1.5106499 89.59779 31.085718 92.6756 5.516517 35.11218 67.39874 63.925774 60.484974 12.764305
257 2.9733896 81.1348 11.005604 0.9649098 72.83704 88.85862 87.87674 62.78621 31.545877 17.82875 23.990917 61.38531 12.8022375 92.05813 39.197834 86.66487 60.747604 92.57007
258 62.405266 66.97282 97.67943 9.620464 95.16715 49.665348 1.587677 24.857067 66.69433 48.38966 22.020525 61.109497 7.97199 60.583107 62.512917 68.18326 37.654335 20.093143
259 45.603348 64.957214 17.618078 32.720802 66.09344 82.134995 97.29568 39.16451 38.75286 86.119125 26.786942 4.1380644 87.534134 66.66485 15.692121 62.767666 79.2445 32.29611
260 41.857315 87.70932 20.544905 35.057682 48.825974 21.30624 53.44147 86.22585 97.61083 46.622787 61.746906 87.359795 75.11539 26.007574 45.275105 85.8634 83.6304 94.176025
261 6.061882 34.420902 1.6107082 59.447556 93.25928 41.711563 81.51293 98.0715 62.425846 14.202255 34.77258 55.440117 57.93703 11.128462 3.7564516 28.887897 31.688171 36.633255
262 75.29536 60.75058 69.98936 33.131016 97.54486 30.000824 36.701572 91.05292 1.6150713 85.25207 22.693455 64.0293 39.641827 1.9491255 58.377945 51.151215 52.541996 89.42949
263 31.499445 44.168335 2.218759 88.090645 10.879719 16.32951 5.883682 28.545498 8.201939 69.120255 13.67982 20.363987 84.1357 35.527832 76.97514 71.31836 87.51448 34.860992
264 73.41052 34.070408 92.51508 69.82119 28.708447 37.62149 99.81228 75.78242 4.8644485 88.812836 94.76284 63.465416 92.955086 54.499733 5.3904295 16.831833 47.516174 39.076256
265 92.194 9.57737 52.199917 12.707567 92.79203 16.637451 94.94648 82.4069 69.66421 16.263126 19.75662 17.009663 96.5924 87.1698 83.68955 75.7448 16.978174 1.7615855
266 87.10999 62.644215 8.483005 37.305325 25.459797 51.187378 57.167404 73.04991 77.73155 37.634773 39.580257 2.5999367 53.989445 81.30906 12.462902 71.3612 58.14048 46.04637
267 41.591824 91.64675 26.946306 41.134666 58.808254 0.19347668 9.03281 70.81698 9.804827 0.5833447 83.264244 88.96224 55.40298 86.64331 51.977463 46.45532 71.81752 21.630823
268 6.7074003 41.453087 87.03546 65.27589 60.478615 91.681496 12.517834 98.98768 87.602264 49.754993 23.859417 15.247703 58.129646 59.996723 98.01957 65.96855 6.4101696 92.89698
269 85.78752 26.026499 21.13455 2.203828 39.09865 30.968845 85.1759 92.291626 96.81989 14.807379 57.648773 99.06037 78.1292 66.65287 65.87651 16.903639 28.395187 69.60271
270 32.19183 14.531159 92.60104 96.7045 78.30767 92.491165 60.24633 45.987274 39.810257 40.517307 83.00733 67.54573 54.383163 50.298737 32.26235 2.6093245 11.719823 52.474068
271 53.22303 38.619934 30.58635 50.678635 21.502567 20.831806 51.83211 71.98986 97.452095 24.153025 55.800915 95.33994 54.778725 17.247004 61.870956 37.18392 79.40292 71.74713
272 87.86121 98.27233 59.11525 24.311947 11.710376 14.690411 26.559204 68.72783 18.901003 19.864231 59.91733 83.980515 51.116146 48.031742 65.24471 25.857353 16.942638 81.332634
273 59.821136 71.962326 39.249092 26.344227 90.63819 99.842606 9.156895 67.30463 69.96984 46.11737 89.08889 74.70409 99.97599 81.00816 60.83713 93.238075 19.853867 91.49905
274 85.363014 12.712288 16.887682 90.57108 23.369556 61.341953 41.873093 16.68752 36.616104 1.531601 0.14136434 3.1453013 34.344833 53.754128 12.423426 41.308872 64.731094 1.2295187
275 61.032856 34.420372 53.444313 14.957171 32.57971 3.0146658 18.513823 90.06589 10.234695 11.400151 8.847779 56.760567 48.341263 3.7003517 21.879011 55.274136 17.128134 73.15391
276 10.647482 78.650055 42.92611 9.36985 31.72601 50.920242 92.4731 33.723377 60.116924 33.902813 81.744385 15.807557 85.768684 32.58372 98.728355 75.64594 46.67082 87.589645
277 54.450874 93.09798 66.3844 20.88998 51.41598 32.49538 77.96608 6.432992 37.871372 26.03699 92.97305 16.333687 99.6314 61.908108 32.831985 92.462364 98.61675 74.6078
278 82.36769 86.36788 64.13212 6.754172 61.580894 22.506344 64.8436 88.94837 84.514175 72.39365 67.39553 91.428764 83.73914 83.78308 22.889305 26.616156 8.938086 19.070482
279 11.617994 2.681297 49.3511 2.198559 36.40459 36.459877 6.442767 11.277473 47.834515 59.965664 36.74772 44.43511 43.125378 93.03686 60.033375 15.090734 32.170464 88.98647
280 57.033886 37.509663 57.570927 88.268456 69.23734 58.302505 83.693596 73.93271 23.5376 90.20447 96.72454 12.905055 82.79265 53.2927 42.41689 78.8315 23.076862 19.620163
281 50.14747 89.37585 46.10101 60.473656 75.70957 96.52117 95.13879 83.07421 35.996555 49.72766 81.89377 14.064008 96.705894 4.9341083 84.92848 90.66494 20.060326 87.611
282 15.234196 83.60802 39.258022 84.69634 86.73364 27.044386 26.198042 51.650303 87.28075 24.441444 80.56179 79.49239 35.164143 42.290653 33.460545 89.03935 76.16121 78.21551
283 14.79072 61.20988 33.56392 81.24322 37.691475 92.83169 57.859146 20.625591 58.90591 95.57037 31.25614 8.262181 53.55168 54.149807 95.18897 17.651295 15.266609 90.768776
284 74.27058 50.09524 46.679592 71.41577 38.737625 43.899952 24.74786 51.58545 57.81548 23.383755 15.094334 22.70983 60.07589 37.055542 18.779194 54.501373 2.9946864 35.311867
285 83.9684 64.492485 14.593702 10.970259 19.049889 5.5381594 65.13376 46.00045 38.540874 80.179436 48.989136 26.596176 39.58364 41.861145 56.56736 59.470154 96.21186 65.43763
286 26.741999 24.739521 17.467482 90.62514 32.853275 66.34558 10.753375 3.5746455 43.828285 57.530212 35.726635 4.108876 48.116947 95.94527 9.091335 54.022522 46.48291 16.534592
287 4.669303 48.87563 32.593327 47.9997 84.25793 49.670982 42.99362 44.599323 36.482174 38.51375 83.42159 64.96242 6.883085 74.68405 22.309994 35.799652 81.9396 64.4524
288 88.36105 74.72678 71.98848 73.43773 53.67709 73.27528 97.79637 97.41417 21.33531 80.53371 67.86672 23.345734 43.554073 28.27248 78.76617 3.2575488 58.574722 99.95324
289 39.47327 89.59351 68.75411 45.370872 18.944443 41.278755 64.61559 58.04568 20.027887 68.180504 88.04227 68.65891 64.117134 90.48383 88.527794 21.155357 21.417046 15.173793
290 58.354336 21.531845 78.60294 79.90818 92.480835 17.263096 6.5083027 54.70564 46.34999 38.82128 78.10948 82.752266 7.1216526 26.420832 14.632135 56.00106 31.189495 64.12572
291 73.54043 70.918594 71.22557 40.51463 75.25617 70.60073 40.224182 67.49637 29.772615 16.476423 66.69542 85.450005 24.27153 24.948137 45.71641 9.042841 68.12966 69.64709
292 4.2217374 70.82603 32.330185 70.639084 77.75571 72.55853 31.60994 39.094276 49.780674 82.2624 65.3171 4.8853455 76.21342 19.925457 87.884476 49.619938 7.633996 59.76641
293 23.31022 87.1233 12.879205 71.84365 66.661804 54.80798 91.60943 11.874199 46.27603 94.20218 63.84816 3.3403873 15.22438 37.724197 23.177332 99.77342 32.267868 76.21564
294 1.7784595 53.549408 8.772612 41.472443 92.20339 88.21236 87.03871 97.794 7.8149977 88.41091 70.670135 33.22331 4.245019 0.72261095 12.749851 75.55377 73.77535 22.227705
295 41.765564 20.273125 16.872614 35.53082 47.851013 51.404526 76.62014 99.42356 87.67331 4.7573147 36.735016 95.50693 90.22755 73.54258 59.28068 61.38467 48.22787 84.83382
296 8.951748 60.594624 71.354294 92.21453 44.59259 74.92531 14.283049 84.46833 80.90307 84.39186 0.46571493 15.712565 42.384773 78.70404 63.609783 21.394957 63.60192 27.897436
297 64.64611 13.567686 83.69902 11.826933 99.85304 3.391844 45.570427 52.91176 53.263466 98.53556 30.666178 24.909342 16.340405 76.70311 36.50645 85.17815 73.31481 66.72381
298 65.74077 38.02806 49.992 37.254578 31.01455 23.073112 36.020756 26.08835 59.796482 2.280736 99.663475 55.25231 86.288445 11.502194 24.401129 97.53045 55.011032 42.079628
299 57.960594 56.819416 1.8706977 22.630299 96.5834 29.95481 75.519394 3.8419485 45.89632 52.517773 74.47849 85.17317 40.239918 30.903255 96.49038 13.399214 45.718067 1.9180775
300 76.37269 82.199486 69.81975 77.757164 60.582214 49.233013 98.814926 55.822678 71.86052 93.74039 50.135113 41.005836 29.658676 71.55509 72.82167 23.312218 43.260868 94.97628
301 37.38227 20.707058 99.19784 8.284431 4.868436 69.478676 45.023884 33.368046 51.82109 70.01965 83.0017 88.134445 96.381935 61.523426 42.685455 98.82278 35.106968 55.56705
302 96.61537 28.308397 68.92606 45.840675 21.949982 69.83156 99.66354 83.39471 29.290373 29.711432 90.27702 56.77293 72.43337 65.48961 47.503925 1.4130294 96.37758 6.122637
303 45.259647 28.916502 60.461365 58.406723 21.552921 74.4715 6.7108154 75.43077 56.82926 9.171504 5.8066726 6.738603 53.792023 16.588425 62.84314 70.822586 59.46488 42.17224
304 68.36151 44.917316 91.44371 56.36498 35.92343 87.722404 89.1469 33.30025 32.48071 32.131767 14.9309635 6.2405643 21.55196 68.31745 82.02443 77.173645 49.09342 95.2068
305 9.492504 4.001081 88.12899 39.66285 67.334305 76.32287 58.6702 18.252092 16.103756 95.83 75.01167 63.64587 99.216 64.70439 71.745125 25.29971 66.748146 34.196472
306 84.219986 27.499014 96.77368 93.77009 27.931196 74.1219 4.102749 71.00336 36.48333 2.0866096 52.068497 35.001816 89.230255 29.518307 96.346954 36.672134 30.095268 21.849846
307 21.681494 2.136749 48.927273 12.584323 84.072334 9.220332 49.34451 95.08023 39.069397 98.7506 53.47178 28.820282 38.16623 93.8914 18.216156 36.10174 72.14258 52.432358
308 41.48785 62.4135 65.061516 53.5254 84.60797 21.977013 3.3265233 5.4752645 1.417011 86.62296 68.889084 52.61312 50.482147 15.513033 27.825272 93.8256 37.286957 80.91925
309 68.839386 3.8550496 34.173946 63.62702 49.88719 60.971844 10.7121105 64.379715 74.433876 35.050465 62.504284 75.54343 6.580496 21.523422 96.47043 51.811684 41.42664 26.270908
310 42.39414 8.827793 63.91806 10.419596 48.864044 14.1742115 66.70114 2.5261402 54.354404 42.92391 11.128015 28.02543 26.559729 78.091415 31.796349 5.509639 43.525707 99.64531
311 25.448614 18.813217 64.7183 30.598099 71.59139 9.514546 57.868313 77.98272 92.03301 1.8941164 14.960539 4.73116 27.196974 91.24 97.6532 6.62393 41.38154 5.3562284
312 96.080345 9.177774 40.246727 10.961479 95.58104 81.74305 10.176039 43.18159 11.404162 30.914093 59.550877 13.417906 42.656643 49.900806 40.47306 13.45622 92.309044 83.61584
313 60.469444 10.772103 11.372292 16.30819 6.9194913 89.65344 21.649944 96.59479 22.38136 67.12994 4.8039317 7.240522 1.9863844 22.962475 75.71011 39.112877 70.27083 64.35774
314 77.9003 92.049484 15.173787 72.95032 98.776794 53.148247 62.7214 92.31605 35.54556 75.00546 13.721317 36.286674 90.5577 24.03519 0.50311685 73.1321 10.901994 0.11307597
315 69.566284 48.82789 43.391926 52.872734 37.457233 98.76201 67.08991 73.07766 80.12329 95.04728 13.572383 7.1940956 98.52795 33.84766 45.437916 93.76074 98.91612 70.61581
316 49.085026 17.111975 48.559807 11.752314 4.3371973 9.747648 26.174837 8.878207 24.683464 53.00242 9.874165 30.662655 54.159676 47.060646 9.218102 0.03629923 54.455803 67.76234
317 96.65739 38.774033 95.750084 47.58597 67.77262 3.0424893 61.90388 11.773813 19.838398 82.82952 12.6783905 44.443542 90.33873 74.52297 88.04326 31.930668 17.402256 82.66237
318 50.739334 36.313004 44.293236 16.491413 9.145784 47.43054 81.98131 85.89521 42.111946 79.64013 4.627502 75.1805 17.484592 54.508446 90.08482 51.578476 96.14237 3.6827087
319 34.050865 7.0098877 90.8049 49.885307 85.472694 9.30416 83.88944 67.515076 40.646667 64.52581 39.232056 78.42772 32.948093 41.210186 89.373 20.395868 98.34983 45.088623
320 71.94182 4.362786 38.238716 38.29442 86.89078 97.31341 40.222454 88.151405 70.15575 77.36461 24.655746 89.586235 30.820477 80.05856 24.835337 3.1637192 87.88835 14.926493
321 67.864075 72.97765 11.9995775 80.83492 32.021015 59.45139 27.360498 50.65593 16.36691 29.89466 43.07583 60.20136 65.845345 71.86431 52.107048 4.476577 67.20261 22.49359
322 84.14761 74.052155 29.852104 71.55089 7.545066 15.194625 23.870695 91.695984 9.563816 55.37501 92.46688 59.908928 16.131985 38.484222 36.64913 57.12958 46.928753 75.68759
323 78.90369 5.579466 2.2316158 54.069485 14.233744 25.921768 90.15849 98.33809 9.9997225 59.2911 80.41904 44.728195 0.0259161 6.295824 99.86064 31.265753 58.110607 29.429144
324 10.193724 6.714964 26.413769 54.049213 56.360508 10.352362 5.5307746 82.39497 79.93363 26.29928 96.03664 15.246982 23.372215 96.15571 71.860344 6.137699 33.41099 10.336584
325 90.29235 66.8424 13.614345 46.60145 23.322088 2.6814044 93.30424 90.13808 72.241196 98.440704 21.595156 36.11976 89.23912 56.037777 67.87838 27.377628 33.579998 23.050827
326 3.3435524 27.748363 88.71576 55.5853 49.369633 38.371964 33.504383 52.42383 38.03743 68.88379 14.021397 41.812557 25.598436 18.792688 91.04668 23.455805 2.2821128 73.64762
327 26.25882 81.26471 29.94805 94.71668 21.87152 16.13667 24.217056 75.24501 93.60589 70.59848 49.084465 47.893757 55.530857 60.655422 61.680115 80.22749 42.751152 15.842414
328 92.65644 63.208305 29.824251 91.526245 66.33415 33.232666 0.10123253 32.275772 4.7028484 24.534399 35.180355 69.978645 53.96176 5.5580974 70.91972 62.780483 62.60786 41.53108
329 73.8696 62.35894 0.059491396 53.837353 41.764473 18.087303 66.18257 24.397766 6.377858 31.919157 19.413937 56.12083 94.42208 1.0285974 66.81521 36.206905 80.415344 74.123245
330 68.51759 21.82454 87.99544 88.72646 24.620146 43.153923 76.80447 1.4796853 30.483425 89.29491 99.88237 11.586648 10.129327 51.91202 60.884983 62.913193 3.5425782 70.147995
331 16.09013 86.03464 86.307976 70.25221 98.0943 64.81725 16.260845 73.07655 26.662916 29.12224 16.539675 52.186413 78.025246 46.18318 35.28477 41.478634 12.956285 7.448906
332 44.714355 92.11424 92.533264 48.58015 14.729542 69.04644 10.07455 50.283783 84.66572 13.801789 30.359406 13.264715 60.24632 15.364504 89.994255 87.3407 37.943245 59.49318
333 83.25515 32.32714 45.357437 29.60112 38.72876 55.349777 31.267023 22.053576 6.7394495 78.53577 22.823895 4.537499 94.34621 54.38583 28.001816 78.76483 42.38816 39.41961
334 19.610065 25.463898 71.734825 24.854862 21.60039 79.24258 87.95026 85.13329 90.43656 48.882397 24.716986 59.106754 63.204063 11.916363 96.60502 6.777191 31.962849 44.490986
335 86.44506 57.83332 10.451942 23.612017 97.31887 72.09972 27.316994 60.583923 84.9695 90.72748 10.038501 94.998024 54.529762 58.887585 98.99078 27.788347 52.45124 23.320652
336 42.672432 81.00549 27.28212 42.853676 97.04415 98.96738 33.697968 27.481915 65.82807 9.803754 45.454304 36.461113 39.11365 34.15502 52.535404 1.7538071 87.04383 96.51153
337 93.86548 97.87607 48.89555 78.54849 12.982094 89.516174 88.510475 68.54604 83.81804 55.12073 10.574829 48.868458 96.27813 97.910736 2.3053586 18.360256 96.02655 19.501669
338 68.09718 38.80819 64.525185 88.52554 4.86691 96.29094 98.9034 94.51797 50.231915 77.82752 97.027374 32.029873 59.167057 31.338047 81.8161 21.707094 95.049355 29.207743
339 66.3795 93.266594 83.5275 20.918577 94.20066 43.26564 80.737236 93.068794 7.9310775 40.750168 67.13901 61.98545 48.309875 2.7858436 43.606358 87.96011 48.461895 55.08532
340 84.08135 5.3750396 25.895077 50.077747 78.68634 20.671808 37.736572 44.512306 80.0044 2.84428 27.264297 63.80078 73.488396 18.072956 70.062805 62.601597 18.619663 81.981064
341 14.929396 56.507313 21.312683 87.06879 92.05998 63.061733 78.764496 28.019411 33.44915 80.704926 96.9035 89.17905 67.55182 19.690918 87.03957 73.56328 32.094997 11.672711
342 54.306538 64.77456 10.828739 85.69411 55.8836 97.320854 77.610405 43.021057 24.457985 18.669588 5.48287 65.90375 72.43732 11.1735525 20.604683 94.3632 48.336327 83.5523
343 97.600266 27.883833 49.662327 71.2518 71.01627 96.97075 80.43318 10.646254 89.302284 83.46332 7.9185305 83.16215 45.600307 92.91419 36.850452 98.03063 61.460037 30.93623
344 2.567017 84.108215 73.539665 55.94355 42.506893 56.20731 22.862614 59.982407 51.153934 75.37019 85.04832 18.242914 52.737785 27.787823 17.202156 86.30404 42.34368 47.455704
345 62.230164 66.19683 85.99746 23.583721 18.94564 1.0397077 28.008497 87.20724 1.4763892 50.43513 6.424892 10.918612 14.495415 91.20888 9.744448 81.24908 22.328537 40.676987
346 37.708687 91.64066 95.99741 11.756479 31.57224 33.379364 59.004242 44.273514 72.98821 37.09932 91.73819 67.208206 81.6947 94.86047 87.677124 98.85262 69.453766 5.2601395
347 19.278687 91.514046 87.920715 66.033646 75.121735 44.09823 80.85917 51.166927 75.30511 98.3485 63.72902 65.281494 82.47903 75.450264 86.336174 56.120373 69.63366 10.952783
348 24.933403 77.08442 21.66748 83.390495 19.700533 43.227642 69.888725 70.54526 50.524025 84.76507 41.359306 85.98336 89.865906 17.387497 48.080326 65.39324 5.498105 65.48708
349 14.460934 69.46965 10.031915 66.31065 10.6392975 18.830347 78.356285 75.1726 9.681309 61.965065 20.988941 85.835266 49.425423 23.820024 11.429363 79.22507 56.041218 78.69433
350 2.1827877 47.58265 72.80572 14.107561 18.313385 91.292114 51.07127 93.695526 13.108194 9.908331 63.107235 17.568975 89.42923 66.7755 20.965773 12.558449 97.15094 84.13883
351 59.580864 46.056686 84.086334 60.392933 14.104271 43.5142 10.174066 7.2447896 84.46923 37.858433 95.41829 97.819336 98.12193 90.07263 6.9445906 39.385868 13.85442 83.827
352 53.17134 30.282562 35.104706 17.407948 29.922682 0.17355084 44.66777 36.305077 98.56526 37.961422 29.50452 76.821556 96.986305 81.03257 24.57624 21.160645 25.309158 23.131413
353 79.014366 7.865441 77.33993 22.702211 92.41698 47.564983 31.343151 87.22625 9.912741 76.08804 78.15674 26.70384 23.433458 37.586563 66.99013 17.330956 45.281296 45.868523
354 38.42954 77.51098 85.773895 78.24062 96.94015 17.094915 37.01926 32.43439 41.056473 88.19359 92.544464 32.32564 15.853012 4.6509385 90.722496 24.911148 9.363138 46.4684
355 77.16701 31.194263 70.35342 65.84903 26.264828 23.131615 50.06392 30.372078 28.872824 12.54763 43.805687 94.96133 46.313656 84.93658 41.090584 83.18439 99.87134 59.40859
356 54.49386 76.98709 30.0314 37.827164 39.76757 85.76356 36.064293 42.62051 2.6960015 65.78457 29.859001 69.08336 4.4885993 41.116238 89.13322 68.53497 77.62993 90.47899
357 25.54698 71.841896 81.350555 90.80961 39.41008 85.99289 1.3607085 78.94375 81.4944 91.13082 6.1258674 15.743274 96.14777 12.2701645 43.498795 21.624321 60.975285 83.48671
358 11.505813 34.83394 44.63944 96.35017 87.880745 11.572403 73.976845 76.534615 9.72271 4.3256817 78.0924 49.702007 70.41279 87.28002 74.14329 90.78964 41.4598 37.7242
359 86.24471 39.684845 35.870914 73.75146 74.71341 64.94297 43.38345 11.763215 72.419205 58.76468 80.68931 64.22305 23.35993 8.024001 88.683044 97.34651 36.042004 53.921963
360 58.63216 10.039025 61.482876 87.08435 97.67966 56.069405 88.60963 24.944258 26.732468 89.41372 94.77892 47.4281 98.86558 72.708206 67.67055 77.73994 99.99442 7.158655
361 18.803108 53.91695 44.662273 51.97683 75.5944 49.37513 65.094315 36.92522 75.75892 36.50731 50.735367 93.88454 97.73394 5.227649 75.678406 55.11161 66.89724 20.930927
362 32.880886 76.18913 48.0418 45.467903 14.844048 31.305134 8.6741085 26.308977 61.297874 14.724952 49.286324 48.018353 64.00419 33.978905 0.21196604 15.493738 38.488155 42.795395
363 79.71756 18.209398 61.573105 82.13433 64.62837 91.06092 34.074944 49.35447 8.366704 11.540956 69.77492 23.67862 37.440872 40.129345 77.50763 42.362507 97.119316 45.27545
364 93.36449 49.549133 1.5261412 44.56399 17.921019 58.48588 69.284424 17.029404 10.163665 58.94416 10.006076 89.62189 9.342927 23.22108 31.588978 4.0970206 80.054184 75.49213
365 95.95306 23.729527 68.9949 76.55838 89.35903 25.930769 96.43158 76.78915 40.951187 44.834446 86.60661 18.460678 13.105864 14.020336 32.1131 40.457417 63.319588 14.65208
366 33.465183 95.71821 98.817635 48.35255 10.3055 28.72442 91.19885 31.13354 31.34666 47.149815 13.963956 87.70162 0.47733188 30.4959 5.720669 21.608263 93.527374 47.656967
367 36.552788 42.19002 98.84304 54.992912 75.12582 54.309887 42.748863 43.296463 75.53631 10.877144 3.6551595 24.24612 51.964592 4.3722034 44.31098 49.32325 7.444155 34.57404
368 36.613434 43.08799 72.408875 51.88623 66.39308 91.06472 76.32971 94.648994 93.43872 34.75644 79.22416 34.238277 94.254616 3.523171 81.947 22.280104 29.022116 17.820812
369 88.09454 22.702658 80.14167 69.763115 24.532778 69.427505 95.54857 65.86406 30.763292 44.14178 6.5271735 70.42541 83.65063 32.73917 55.607246 35.20242 37.845875 22.670204
370 76.73804 37.120293 83.26055 14.6707115 86.5392 67.896576 69.19223 73.26805 24.073357 50.98647 35.509975 52.29095 77.13632 77.40615 60.319294 39.58324 48.193604 4.3637514
371 61.6988 43.561554 93.29371 2.461636 29.704386 31.540798 45.861523 48.311703 60.453354 53.32021 55.330883 71.07599 83.62477 84.88138 2.0411372 81.617065 30.35105 86.763504
372 26.435667 51.090385 62.74801 34.380215 46.91214 97.96775 57.069588 76.916794 59.047596 76.24649 97.82231 65.251396 64.532745 97.13144 43.591583 44.395077 83.986374 27.50029
373 80.58582 83.121445 59.68476 83.26201 96.07761 52.699913 55.743706 18.139912 10.4079485 21.95995 50.8605 18.867016 77.72742 0.36412477 86.5956 78.242966 47.19571 91.4841
374 59.401894 76.50481 8.281618 62.447422 12.055069 59.106125 86.74242 50.80757 7.477975 31.939793 17.772467 18.202215 30.67388 81.50265 75.965576 83.48346 20.887672 72.26984
375 59.71506 79.17062 52.31483 32.971054 2.3755133 40.59464 56.600636 50.44951 51.136982 62.53996 70.75468 78.8109 24.63556 13.173861 39.49958 3.668505 34.676315 38.27522
376 48.840958 89.05913 59.219402 92.989944 97.963425 67.20434 51.435417 15.363848 67.41424 99.44326 1.94062 81.61509 33.73133 57.65383 72.35943 22.449118 42.820614 18.155401
377 42.52384 11.692494 47.913445 69.85792 60.615784 81.195145 62.077583 62.26332 25.406773 51.45221 72.06497 30.36952 27.78297 66.91768 19.619667 57.673103 20.606596 73.777084
378 20.916039 76.974365 2.6137292 0.33158064 65.038506 64.78 94.75394 84.49962 91.65044 88.559814 52.72006 16.706944 87.34529 98.29203 14.292091 21.114414 83.55232 72.53687
379 86.73432 14.292401 68.021866 94.183556 70.358665 52.719814 1.3905644 28.055758 17.332739 92.55565 32.489925 39.33354 88.01145 34.756226 36.086254 42.415543 83.9648 52.607376
380 17.616219 20.126003 71.229744 97.987595 87.00979 45.353508 18.213844 47.11645 51.48466 65.137794 39.516975 80.17621 1.6794562 41.310085 84.421364 35.09047 10.904956 54.01149
381 31.949907 41.03029 60.684597 63.300323 43.539463 18.08716 81.99011 39.70874 90.16436 36.257202 28.33183 43.68301 69.13304 8.738745 99.624 84.56235 83.03674 64.934616
382 22.81387 76.903824 91.03512 9.912461 82.75301 41.892605 2.71554 45.91536 33.626156 57.19886 54.365967 63.39713 14.17433 24.426443 44.17588 23.610847 28.507238 10.280191
383 59.45874 60.69688 35.856636 88.35543 78.61554 51.25195 47.354763 2.1852434 91.69094 95.329666 43.817253 27.591282 44.77963 50.60482 76.36958 0.75686574 59.30373 75.96951
384 70.193054 16.625309 11.69619 1.1233151 32.10638 85.63118 31.997585 12.837911 34.380764 62.370785 11.324185 68.64854 62.159832 51.145466 13.425005 35.941196 29.985529 25.464964
385 0.2600789 44.019707 86.891365 23.238432 86.65818 3.0670404 89.80496 49.730076 85.91856 25.339884 64.902084 16.200453 43.29129 7.89476 37.189037 94.84024 44.497715 44.143528
386 63.883354 88.04145 44.04424 4.1403713 88.854706 1.7140865 65.55824 5.342114 58.027332 14.279246 61.56681 20.348919 21.597094 32.750195 81.19105 83.57776 53.355473 89.11153
387 24.598986 51.762817 53.327675 19.745535 76.5169 94.493774 63.12375 80.21935 16.725403 80.636505 17.483013 21.184366 32.656544 38.434994 16.889317 8.860832 82.66892 94.43404
388 29.085838 37.55793 23.32905 96.21958 88.873825 0.44817328 60.40023 42.537624 50.603706 58.472897 71.88081 41.87789 73.93471 52.461918 88.2975 96.411736 66.2386 18.529146
389 76.817 25.633043 22.756285 96.341095 33.172207 55.60835 64.39417 20.29506 30.80206 71.90153 71.79841 87.89828 47.184074 72.56593 9.805668 42.181355 90.61504 31.721275
390 68.09117 46.84353 89.50033 52.845615 59.180748 86.6119 3.6903858 26.768398 94.13996 80.16173 42.011333 24.26467 37.187767 39.61277 60.64413 23.002768 44.005924 66.37243
391 7.496876 58.328926 43.24134 6.788516 22.580074 75.98657 88.052666 48.11206 3.3441544 70.43181 3.7733316 62.626923 66.99009 97.04866 90.900826 79.01303 54.25082 21.47948
392 19.540638 0.17175674 6.7070246 99.72174 14.807945 97.514725 43.303234 92.917656 83.00938 96.32507 62.63854 99.25813 48.991795 55.026375 2.4023473 9.57734 56.96857 14.388758
393 12.904411 54.53369 54.341145 8.772076 10.216391 40.322884 12.264472 49.927376 98.51961 61.27866 2.5087118 0.6832123 18.671822 15.177327 19.910013 88.63213 38.909794 28.327858
394 18.55688 82.86388 47.450874 59.416466 80.812256 85.58847 99.31563 94.461586 7.1273804 17.439968 70.04614 60.06417 54.97392 94.19732 56.53661 72.41266 53.532166 74.012665
395 64.62963 48.288284 21.263254 69.97298 29.484821 38.743736 43.21326 71.47241 18.325752 2.387619 58.710033 49.537754 76.663414 23.553062 35.69529 62.589516 54.434776 50.37688
396 90.773445 58.35678 13.954269 92.34571 62.455105 39.58254 98.73531 78.6181 75.14125 32.103508 72.99377 53.9112 92.058716 46.77607 13.201321 33.513145 53.3575 46.019424
397 2.9351056 72.67744 20.466578 22.494442 3.3012986 36.963593 96.93978 34.22898 16.54011 11.764556 99.58398 56.49811 48.504322 23.120516 99.63489 46.69348 95.313225 83.84161
398 12.934065 41.554684 14.699495 43.88822 69.07527 35.335297 97.784515 40.892326 43.75691 18.146616 81.94259 83.712234 65.336975 82.83641 60.06849 91.125694 57.88871 59.852844
399 61.275608 70.3734 18.762863 87.713036 38.469673 91.520645 41.451054 23.601728 80.32196 67.82636 34.90326 97.49055 20.175695 27.873034 91.68088 93.777855 88.94212 89.561905
400 60.539604 38.15087 19.97307 60.717297 58.157658 82.07537 73.44149 76.539246 41.49477 22.496832 88.440285 85.12373 71.23508 6.0257616 70.65448 42.42576 50.296997 32.67585
401 80.21757 25.126463 74.66015 58.288036 41.685455 0.6978452 99.75292 62.82797 69.72203 59.416008 0.16363263 96.074524 99.16975 53.09831 87.09806 76.67078 56.071484 53.934242
402 83.23139 25.495523 81.62439 37.011784 32.631798 81.80656 68.99982 59.138496 21.316982 29.141462 33.79082 0.5113244 86.606895 47.63453 73.19127 14.955431 18.431711 86.88101
403 82.82834 98.14561 78.63203 96.97387 69.730515 94.82421 43.349003 69.63904 96.79947 77.97758 74.95896 82.8507 10.259974 11.732369 52.58593 43.828384 74.09535 60.951878
404 90.764465 21.374905 71.95529 3.7768424 93.87527 10.14449 40.281094 97.35964 76.90013 89.23044 89.574585 14.536274 11.017447 14.592189 22.298409 21.98584 63.571686 10.025269
405 4.6062827 84.419876 16.80246 11.899066 29.044544 19.465542 97.02266 47.594864 70.93535 73.161835 87.117516 31.879974 92.05383 54.442142 49.535442 96.32567 51.466812 40.759285
406 56.407112 97.852394 10.3399935 17.311716 17.926216 8.6629095 50.790237 24.40567 62.327904 72.86261 99.414444 85.654305 51.198315 28.18942 55.238388 62.35037 95.74162 64.267654
407 66.07804 3.894174 64.1321 3.0100465 93.58765 32.11918 61.114918 0.12824535 17.790382 39.297615 0.3275156 38.64882 89.16745 90.15935 41.945927 1.9031525 68.253174 81.10822
408 5.5787563 12.263602 47.290497 22.726559 96.01312 17.095387 19.30096 11.435932 60.449093 10.705829 10.68502 43.71039 76.04271 42.78595 83.27467 91.45758 99.526634 73.80028
409 20.004822 4.098463 82.81667 66.40096 59.760456 74.55318 14.080631 21.192814 36.512535 9.908605 9.794408 73.593155 95.90815 79.19335 94.70076 16.211468 19.675959 80.67204
410 30.996496 24.778801 40.501125 28.710037 20.990526 73.40889 3.686744 18.929773 17.200148 81.65651 48.53077 92.523636 46.4988 47.80206 83.80556 2.7079642 39.421482 72.94418
411 5.236447 43.96656 58.812046 53.29753 5.9570017 57.56728 33.21065 24.605864 16.403316 83.53425 17.093056 45.388306 51.142414 12.574929 52.461666 44.00018 55.167812 63.211227
412 82.34018 68.9311 20.007975 95.42696 37.239307 39.667255 64.6623 87.46129 59.254337 15.660322 52.300285 75.952545 56.55171 78.881325 90.53775 59.537106 62.83957 58.067818
413 60.960888 24.360525 64.04749 33.631073 57.73505 87.956116 7.725853 26.375025 21.255917 10.842877 22.292608 42.350258 11.8327675 67.305855 93.69147 73.54695 31.60652 36.528038
414 9.582317 19.506067 16.88112 99.98342 26.975323 29.644913 54.68022 52.281605 22.169983 78.06295 38.83902 31.03999 73.70798 81.28769 54.822945 91.480286 24.344856 90.87477
415 46.56299 26.992916 89.15338 24.588467 71.055916 15.639186 78.96682 6.218237 30.753876 41.284172 4.441637 30.657434 3.63127 47.651436 11.867041 49.965942 75.34926 74.005394
416 81.086365 31.60776 46.534603 46.40273 24.948996 92.3071 15.556497 51.57618 62.81851 81.97513 68.34239 58.6528 74.87532 30.459684 82.05342 23.25369 64.13172 75.55886
417 29.486525 69.32924 76.90162 40.477478 61.840607 95.668015 35.422844 0.9151459 25.247986 59.758232 76.71919 81.04086 2.8113782 4.019183 35.724007 0.08067489 60.69602 74.860825
418 57.094322 90.03024 51.312508 49.137997 25.761526 54.577522 96.30878 94.97176 10.642778 0.7164061 39.80078 13.304531 66.439735 60.347916 51.155914 5.6924763 15.253615 18.561762
419 35.15753 4.5342264 70.83635 68.99003 14.293247 60.068153 94.47753 41.91221 17.305344 68.98315 11.409163 66.51372 94.413864 31.383055 31.620472 80.26895 82.47804 54.190277
420 28.352272 32.80774 32.81996 61.997032 33.334206 22.365147 55.827286 2.0661652 19.90307 75.10757 15.423864 23.900133 6.171232 32.93222 54.006012 99.853584 20.889832 56.97577
421 45.7565 20.041073 17.872227 11.825884 59.950924 19.727427 91.92277 50.654255 82.85595 71.98927 64.07997 32.09207 59.293495 33.26719 48.369747 25.120771 5.4282722 59.119045
422 50.724567 84.58814 40.660698 95.72716 55.62136 44.77928 36.81738 97.25845 32.500423 95.93488 80.58394 56.845486 5.137891 94.436775 54.090237 70.62423 18.656301 53.859955
423 17.816597 69.87496 64.38448 65.0666 8.938188 59.868114 68.74564 69.4036 71.56754 38.584625 62.998764 31.831097 8.114701 41.18882 53.034866 28.992641 73.49022 63.172733
424 37.398537 30.934036 36.774487 66.71765 44.94347 41.048843 64.22374 20.348114 6.525576 95.09581 59.348305 74.76505 46.19027 61.58301 51.86452 40.27814 92.53461 38.79229
425 99.48244 20.018745 19.245975 91.136185 41.954063 23.6683 31.975056 93.870575 83.0913 58.413548 16.243279 71.46457 26.400465 75.929276 45.376225 83.7529 26.716137 69.146416
426 48.670948 74.52506 62.208305 22.204357 46.135117 90.16223 67.152336 47.189594 37.979794 68.603134 79.97358 6.971085 73.218994 10.150993 57.70248 53.658188 23.653625 66.83519
427 36.807293 74.9974 26.43354 23.187012 1.4316738 68.51791 82.34945 11.912769 68.68364 76.62434 67.87031 88.14827 52.446198 50.372112 29.386747 27.415775 3.165257 39.663284
428 28.635735 68.30084 92.48629 71.4466 32.1666 71.007416 65.04059 2.6374996 26.077206 38.682037 82.01809 62.394302 64.02704 57.633476 44.61503 9.663879 53.45975 64.78338
429 92.52959 71.1709 66.591896 81.903915 1.229769 25.962425 51.41058 54.02571 49.879658 12.9865055 68.8463 57.994534 43.03916 44.79723 8.436632 72.24145 57.31917 64.217224
430 31.972403 12.692195 58.15963 21.59425 66.43374 86.22657 21.197254 32.164402 50.405193 12.616724 72.00999 89.04742 26.344305 40.39756 72.3857 14.678371 41.618557 80.18799
431 70.99509 78.21629 58.98358 0.6863773 62.09884 48.91724 99.827866 54.566883 63.641983 94.934586 26.543022 2.0289242 12.055797 36.890285 72.09599 83.583916 46.87949 78.29047
432 11.392391 17.150318 15.8265 26.939445 39.255493 90.57942 7.359272 98.50593 30.540579 23.82285 20.722462 24.941141 48.6104 46.114452 15.548563 35.23389 86.47848 85.37016
433 67.73784 6.764817 50.556988 88.67165 63.78163 14.108104 68.11537 74.91396 30.815739 4.403281 37.063496 80.75049 58.53921 69.32233 69.13372 67.70701 76.10937 42.19391
434 66.37477 57.17146 1.9319892 43.08178 35.325455 97.86897 56.92709 6.6787424 85.35828 20.938986 87.6965 28.96099 87.33614 25.9394 70.69504 43.905293 28.584051 68.67289
435 92.9686 15.518946 90.73171 91.88451 30.540382 91.3489 81.53169 82.403465 68.68181 88.96348 61.415695 34.54239 45.993 68.14126 44.243397 7.4354053 18.64497 9.223568
436 1.1632323 42.963783 64.82269 66.91884 21.292776 47.020893 10.185343 82.47935 55.401314 67.70317 1.1737585 13.358569 94.11498 43.742363 77.70076 15.016252 73.3531 60.83765
437 63.92811 85.347244 2.5444806 84.79065 64.54611 48.211002 29.277403 32.338882 3.6228359 12.735027 73.83253 63.734306 98.38663 42.523544 32.772617 7.3955774 16.267502 10.752183
438 89.467255 54.911095 10.482508 99.56055 15.977883 44.382294 78.05103 35.42226 72.79503 8.232779 90.3263 85.592415 35.992195 26.392353 36.197598 87.68365 13.742483 51.979492
439 13.636642 47.347115 71.9459 70.60086 48.12547 34.43557 20.864492 99.070206 93.91892 91.47068 27.896898 9.196007 43.582256 59.353287 5.4940224 88.3308 85.63544 32.735477
440 75.08734 83.21492 82.5745 4.0712833 57.94573 56.44155 10.484749 2.8939009 80.08495 56.342625 95.67927 11.212099 71.52578 28.531015 87.37177 52.016403 68.94624 99.58056
441 22.719604 34.74239 6.5263214 35.79325 21.357471 67.219345 71.77717 19.663668 10.805666 40.26664 63.433636 17.040718 47.208702 79.87942 76.930305 4.2027655 93.387436 78.12297
442 52.254974 37.765217 29.12612 31.747787 99.56549 34.751434 48.234795 75.52432 3.1697214 65.06436 89.80986 22.818726 35.414547 75.3446 24.155123 60.492123 62.636303 69.70138
443 79.22979 69.3736 27.328777 78.528275 33.778076 99.95862 58.637245 87.601 96.29927 59.312702 19.551224 63.49789 32.881897 7.167906 98.92018 62.244488 45.108246 3.7038505
444 12.643987 11.685181 45.504856 49.384476 86.89391 6.712037 41.453583 48.41776 60.61425 93.98113 48.48032 65.92212 1.2638152 69.53074 85.11162 27.787096 71.02078 90.75544
445 99.05318 88.63497 87.54219 62.0217 78.629906 13.417101 78.706116 90.93024 74.880005 42.266285 52.24463 6.4999223 4.372162 35.5923 64.287796 59.588837 96.98488 90.42944
446 33.884335 94.46571 68.1324 32.165104 79.65547 44.947647 23.137236 84.4997 48.80213 1.8366277 79.84141 10.3787 24.458635 54.992176 31.63787 67.32398 74.420616 94.30397
447 69.72066 90.76776 89.93355 71.67567 63.643337 81.409996 37.686848 70.05821 31.695652 39.097153 49.405663 86.30168 55.928986 32.134808 22.268509 29.412687 44.963108 82.24008
448 28.41748 33.55933 75.38512 60.51697 94.49446 31.265116 49.31296 46.963596 31.669926 73.65288 61.560284 87.22517 75.08128 94.87177 40.138496 56.78078 38.82867 22.064709
449 94.21044 99.75024 51.36326 32.06912 5.0249157 71.34524 6.735015 54.713665 29.08209 68.046394 33.043896 49.862946 45.388557 55.30513 31.674337 22.61812 87.052 90.45132
450 3.4130752 46.215267 13.846082 19.100142 32.0933 94.646065 39.26587 91.323715 7.524461 32.89429 50.825077 82.87643 9.52037 9.531898 4.0625153 14.590847 49.00379 58.412968
451 22.384369 76.51077 33.43244 59.062447 60.240005 83.27748 37.95933 71.36686 45.294426 3.676802 74.42359 43.182373 85.61442 24.091494 43.891544 59.892 35.13549 65.95224
452 79.27044 34.74167 49.84166 88.27045 59.54995 26.498932 28.502638 64.15796 41.351593 66.70571 26.117157 35.14719 74.36075 9.198898 11.3645315 68.435646 70.36726 7.87096
453 37.637817 83.271614 89.349625 39.62354 32.20424 76.01244 6.4181805 24.477112 21.605253 75.42935 79.41011 36.749573 90.777794 56.167446 55.241234 34.578957 76.06864 48.527462
454 23.318268 70.87498 71.15797 15.606117 43.762737 49.639183 53.050262 47.070683 77.070694 96.65357 31.188095 4.265237 8.118254 63.5257 75.166275 69.83102 61.923306 46.279762
455 69.55238 21.512436 29.901373 92.94494 82.349686 93.317184 74.934204 94.3257 66.376564 75.77062 30.642033 95.31511 60.302216 72.77943 6.864887 54.26785 33.60459 96.789154
456 19.378239 90.18114 62.946064 81.73899 69.969574 43.40065 17.354084 99.09994 63.673435 88.49559 17.416351 14.410716 96.50343 57.61955 66.03529 47.6381 20.544922 90.437584
457 92.02928 41.890705 67.70607 30.46624 15.225572 82.07323 20.507038 46.914406 15.18085 82.61037 72.5677 11.863965 43.12299 15.088588 45.29621 92.48799 56.275272 20.311779
458 75.86086 91.13083 18.860119 31.662262 77.83307 48.191452 18.551945 78.67819 95.72157 6.1443624 0.040841103 81.345215 31.59026 61.548035 48.074215 40.757645 52.489483 25.94062
459 35.570168 73.598236 85.77283 98.07801 33.16282 83.4463 52.5675 67.566284 95.179 57.44052 62.581272 23.676247 54.20136 82.55214 13.736897 9.662474 78.00287 90.979576
460 83.31571 20.46616 45.01067 32.338696 21.664923 95.04394 49.155724 83.8332 31.192892 60.083317 43.88359 14.951968 31.26769 72.44776 15.446722 26.020748 30.485989 17.81444
461 44.89106 49.763214 91.14167 13.660455 79.22032 0.5925715 23.960423 48.61556 8.214927 50.41364 74.453285 56.392963 2.7565777 14.082474 93.56742 61.75539 52.03277 18.22622
462 45.4765 65.55775 74.751045 68.8098 22.969877 24.677914 27.873928 4.653734 77.39435 76.01269 95.10025 44.124104 44.713886 98.650604 76.386154 82.56096 64.030945 78.37152
463 84.55114 49.87652 49.72216 58.862476 71.09629 76.39294 35.856525 36.140568 81.729706 64.718735 62.274097 79.85895 84.0182 14.66003 98.90849 77.227036 11.646027 74.27157
464 99.750404 73.54778 48.855705 84.67456 64.19768 85.77381 96.98012 79.7717 43.158566 51.483475 55.067474 89.10256 24.71934 31.311357 36.284912 56.49643 41.81859 45.73478
465 79.206055 26.64814 67.36463 11.377012 91.69975 3.0829966 63.576923 63.36281 48.711838 45.066895 77.828735 51.037563 12.849819 37.79986 80.52958 68.38499 37.73812 43.708736
466 8.03771 98.16073 73.31394 65.89443 49.47375 82.07244 14.602423 34.91922 27.667147 76.81668 11.375231 63.332577 6.170744 67.52642 96.10395 8.882636 74.001 12.8506365
467 47.726166 96.561935 42.990963 17.701738 15.216679 84.86887 47.68029 25.4529 99.381454 25.372433 80.62524 97.39303 75.56191 73.34992 75.81668 86.46272 21.259493 16.493744
468 76.284996 99.172195 48.583775 18.08095 78.49715 85.17767 84.72482 29.260815 33.17703 60.863148 67.495705 34.994698 29.881317 0.6002128 45.841354 21.495157 89.02683 57.86252
469 85.835396 15.636766 0.8941889 75.3384 65.1679 63.69079 65.03796 27.46271 97.8603 16.873508 6.942487 5.787879 15.634876 42.66029 50.912964 4.3063164 63.03519 15.732866
470 61.13383 11.757249 55.372715 81.98773 86.424736 46.1987 37.508064 68.4926 51.153618 25.359322 48.31989 5.9516964 75.51556 7.727832 91.739815 76.509186 16.255272 43.77576
471 87.02029 26.023018 35.014183 75.488655 85.34809 27.78461 99.74536 23.412811 9.226704 34.608257 36.79978 13.181466 77.74485 52.89701 91.89586 54.000927 2.7594507 49.401325
472 49.604736 77.451645 76.291954 6.675422 58.391506 40.351433 61.52578 63.522118 24.636532 56.060738 62.468616 62.877266 70.22113 36.768227 89.68819 21.562344 97.81241 48.826504
473 90.9389 88.13164 12.347597 24.523008 50.67647 59.725254 0.63860416 58.742165 26.427137 43.539913 50.54157 96.33739 23.070515 19.437325 81.629265 85.78286 68.95374 47.57946
474 78.44043 13.475561 56.337875 68.12624 40.648556 19.129843 19.253159 22.334934 50.194252 30.836409 15.992111 38.301254 69.6726 4.8906507 53.090466 36.58552 27.986425 43.34383
475 69.94502 26.637924 75.206215 25.866259 5.712599 53.905655 38.267605 92.96955 95.65782 78.46117 29.952866 67.513626 15.814668 91.69027 35.717155 89.88257 81.15342 19.836544
476 64.3241 59.975 42.171375 97.89489 19.747185 43.504757 52.034042 89.42129 61.988617 79.89267 45.47812 56.284584 34.79002 69.66211 81.35518 65.29305 67.89882 67.70095
477 22.965843 38.114693 12.660778 38.556385 29.539341 78.16559 52.09641 66.184326 93.998314 28.420288 82.9623 54.942055 17.469734 51.717102 98.086586 14.313692 61.129864 68.47018
478 85.80092 16.678602 57.48614 13.198418 0.68389773 36.720337 12.996376 72.445 70.00663 80.73838 54.212425 73.054436 64.970924 53.63953 92.931725 96.02819 49.60288 76.785286
479 39.976883 80.9838 95.37428 98.75378 30.346298 57.352184 21.446054 47.599937 28.04395 27.678251 51.850845 73.08806 20.674026 36.621338 17.756344 62.911892 50.957573 76.42407
480 28.790129 81.95728 44.088657 9.736872 78.68682 48.609722 1.0038018 76.81524 81.477356 98.938614 33.209564 3.3780515 82.12879 96.83507 5.13196 34.01837 84.824715 75.939224
481 35.662033 94.24772 60.626953 74.12661 47.630985 81.34679 59.56673 71.652466 68.626434 13.5692835 68.57884 24.565475 0.43944716 31.341785 42.229126 2.043265 29.4051 59.42601
482 36.81884 72.78327 33.174862 61.126114 6.9184065 25.97615 8.555496 64.16253 66.237595 67.729614 52.799805 21.48562 69.34312 66.696945 50.282635 11.822295 67.26384 72.25572
483 66.29955 45.951862 16.465801 35.601807 18.553204 51.473682 47.836037 95.8561 68.82789 76.099464 8.797854 68.57508 56.788532 6.2812147 88.91715 88.32031 34.48476 12.338829
484 96.5881 7.149935 74.013016 35.30749 23.656868 60.58216 27.221483 45.675755 76.018745 56.8434 50.978935 65.28513 53.980953 75.71361 55.326332 25.226444 87.01113 33.240337
485 36.058563 72.97707 96.688576 57.79594 64.52526 68.71729 20.35647 62.74811 92.588585 65.2473 50.06404 99.31099 1.9395292 28.765594 58.625557 39.4168 66.87154 73.5933
486 11.560106 8.730155 85.9742 86.42856 22.674263 51.81713 69.18363 52.645035 57.28604 29.139334 85.66827 55.324467 33.550293 84.69118 98.90757 48.014515 14.834154 76.02284
487 47.119427 44.57123 28.219622 68.93843 99.30385 77.883675 22.404343 87.7397 4.3033657 46.853985 86.76956 0.47245622 97.45318 54.847317 69.23722 55.760765 76.93963 89.12472
488 38.608612 73.581215 70.54756 59.781815 55.04178 3.3953607 89.01296 7.753527 15.6714325 77.64646 80.97687 67.888954 89.40459 11.521107 38.14126 87.39219 11.75077 87.42561
489 39.552265 18.568552 76.09337 47.74105 8.188176 33.377476 88.81618 36.571877 88.7276 15.402031 91.71825 41.42705 45.350475 31.192797 43.542904 1.6663373 45.824135 40.283306
490 73.3901 61.26884 11.407238 83.32328 10.26246 39.75805 10.033649 66.612114 75.81605 94.23297 86.90018 3.7807643 30.159695 16.256142 16.369556 60.46883 44.69787 95.24647
491 21.721113 93.64164 60.7795 31.990402 14.755034 65.81882 80.35007 75.4547 20.915037 17.131805 34.76948 8.3545265 63.081787 80.04807 33.12984 23.56354 9.463793 47.109425
492 2.2733808 17.668915 49.342686 39.511097 80.57238 9.560669 41.39784 51.23768 7.5030923 52.247437 99.83583 51.27553 85.05018 3.021431 5.7903647 45.70595 56.75556 10.125399
493 87.95737 26.877296 20.326359 49.239414 35.020058 52.049404 32.504074 38.003494 31.244713 96.65365 85.54739 85.58237 39.145996 54.433296 96.18176 12.685144 53.101547 9.1005745
494 96.0216 47.759132 74.32 69.70976 0.8883059 61.132473 90.03027 48.70493 51.555435 11.0933485 2.8689563 10.62119 4.4893503 16.238577 45.21739 37.830383 35.17062 35.434937
495 18.011522 43.715763 33.441128 80.511566 24.961567 23.490452 87.70052 34.000576 87.13079 17.857147 98.16131 23.08855 45.703857 88.22059 37.06547 66.21933 14.106417 66.65163
496 1.8802166 66.84511 66.314 65.76526 34.952015 62.56999 33.416767 68.68251 16.64496 31.838917 82.80619 86.924866 68.17232 25.43168 26.55372 83.13298 22.512186 88.92335
497 20.802408 28.661364 67.155304 14.129514 94.74975 65.194954 18.953556 43.08993 74.83078 90.44 29.822231 14.642185 31.098927 5.60289 21.111185 9.945959 72.94103 75.78905
498 15.524971 14.848643 9.8605995 31.698109 47.77883 70.706245 90.138626 14.187712 40.776176 54.725998 51.066357 53.620213 92.84747 91.17585 94.783714 18.646849 26.176197 97.571075
499 24.50822 38.538956 47.442703 68.42294 88.370514 37.725586 2.242446 73.10319 28.76767 48.28114 6.0942054 25.188923 90.99733 27.231138 80.7727 76.215836 18.152428 81.273544
