100
10
0 47.05464 78.157394 8.213324 19.549448 3.7133634 86.01288 23.192524 31.938118 93.54795 88.64663
1 53.850945 68.68203 57.82736 62.25748 45.041187 31.254637 32.05003 50.507008 46.736526 40.295994
2 82.90643 74.144066 82.988266 46.60322 85.572556 80.53454 74.81367 23.737217 73.117935 9.899253
3 70.320984 72.348595 69.364044 52.606808 41.66619 20.330017 75.45683 93.295006 52.353264 5.2524686
4 18.42912 0.9703934 99.172386 23.21173 57.14258 11.6905155 92.77145 94.73396 42.548443 33.157505
5 69.336716 58.86333 30.834293 63.799877 65.79588 62.640125 80.68952 87.007454 42.838615 68.09781
6 30.892372 62.491554 87.17662 82.44636 48.280685 68.710106 57.951313 10.615837 75.80925 44.42916
7 85.96717 90.717186 58.027576 64.35486 70.221924 61.710938 9.4515915 57.992207 8.571076 14.692497
8 47.78349 26.159966 20.667385 32.303818 86.90047 23.669374 76.731834 39.024986 67.44192 96.373726
9 98.22893 84.208534 59.446014 86.99562 91.9375 1.9792736 60.901814 46.780056 70.84127 31.380415
10 17.687225 13.108498 90.13698 6.813681 28.862894 79.80781 28.71082 14.868641 71.70727 4.127961
11 2.7160645 57.60054 73.54051 58.434193 43.260563 14.2939205 82.93917 55.817665 72.356636 80.401215
12 7.346672 6.389433 95.68754 11.8942375 13.606358 8.364868 5.703682 70.49715 54.165615 47.610844
13 70.19213 56.529556 26.516825 87.61993 18.69024 14.288336 84.05961 34.461296 38.676632 84.50883
14 50.509556 77.76509 44.92125 70.5059 0.07255077 47.918064 86.073875 41.70028 24.99606 14.136523
15 32.69322 59.54542 39.255993 39.754765 38.454967 17.108906 50.809677 35.802067 52.027084 2.0130873
16 59.12426 26.68031 59.67846 41.952293 3.9695382 91.50141 69.51778 67.98659 55.452377 39.46529
17 76.58151 30.238968 13.985962 49.68406 25.854565 47.02813 97.662476 76.27762 77.57708 36.95092
18 68.97825 23.634588 68.542 25.646824 74.00153 8.76556 5.0091085 88.15459 86.145615 86.05336
19 50.65226 63.693077 10.295141 41.867874 27.731388 93.71238 78.026375 13.964951 5.3653836 94.07768
20 63.269188 33.897007 37.1136 87.7393 52.500175 74.455376 45.60446 31.243437 92.26326 42.13277
21 57.04175 54.547127 7.6324463 34.493137 18.249046 62.977272 81.61669 70.98038 96.468216 88.54088
22 21.22984 53.967987 63.210434 17.43616 20.090157 64.68804 1.6798973 5.380458 89.37006 0.08519888
23 89.07851 42.670017 43.392708 4.685813 84.69153 68.69256 38.18881 3.3820868 79.10043 9.460169
24 11.216349 42.79865 14.034104 21.715855 18.851233 60.887497 83.92742 49.951954 21.137035 25.903273
25 54.69696 16.485012 96.90488 80.32361 40.866547 74.34528 58.32317 45.03954 35.095127 14.506846
26 64.105415 50.753666 83.30018 65.81712 42.19976 72.55378 0.67206025 92.35445 33.326267 19.70793
27 68.48667 39.88498 59.048183 34.54255 86.110855 23.202879 25.307487 54.574078 57.13161 68.580666
28 62.978798 2.6821434 1.115638 21.052677 19.769001 66.9172 23.919504 12.088746 86.7956 79.470116
29 78.337906 28.234941 22.807735 82.398575 64.62196 70.91428 28.978943 93.97186 76.26087 98.76468
30 97.51774 46.09106 92.448875 70.17957 73.3448 21.356493 64.718315 80.20647 15.416884 63.24304
31 83.98507 14.309722 53.895603 88.822716 46.212532 24.93931 12.533349 88.921684 43.355495 5.152255
32 98.960075 32.956905 82.30933 68.05522 75.89947 96.47035 2.1881282 99.48576 75.92633 29.131735
33 1.1264384 93.5987 43.72031 74.34345 62.49412 92.9081 10.704655 22.24548 59.294575 73.45174
34 75.62854 23.636568 19.760925 56.254536 74.51322 49.918175 19.75931 3.8921475 38.207024 54.50809
35 74.35449 17.981655 14.662308 64.20245 85.40454 83.69995 55.35487 8.692682 50.752872 81.36264
36 55.719364 25.933147 97.71704 74.659935 93.092224 67.43587 96.18391 88.87516 12.769437 67.03129
37 69.574745 60.40563 84.0438 39.43281 22.915792 97.822754 39.442467 90.39439 71.729645 72.77283
38 48.110485 61.73336 91.749825 11.016226 79.96098 4.4463873 33.669495 86.178375 32.73285 88.079285
39 8.190709 14.2513275 6.6687703 69.98704 51.28091 90.01278 78.67022 83.76855 17.32033 8.354462
40 2.3331165 70.67195 16.099442 36.632484 15.363151 93.89538 38.576706 87.72805 89.9703 5.270779
41 93.920906 28.260624 3.71691 2.693808 77.4409 9.612644 22.025894 39.792664 84.16108 49.952717
42 73.53796 55.71622 87.45997 18.692642 15.448731 50.634193 85.58951 77.75614 47.87507 73.70741
43 33.085323 40.208054 59.529068 36.096817 78.92629 91.29025 7.1612177 47.288536 21.481192 31.394588
44 29.328901 72.936806 12.278992 98.19637 22.32179 64.9442 29.759062 85.85958 9.114069 47.05246
45 41.510105 34.254654 77.90943 93.30989 53.019417 18.411558 67.40506 92.97953 34.363907 37.43761
46 13.845158 98.38597 38.13312 18.896252 28.095335 35.55728 94.54464 6.7673683 37.489914 69.05797
47 48.370445 52.751995 50.543056 38.944088 99.926285 47.56687 96.54058 80.182396 24.78655 3.282845
48 65.624146 33.102726 77.68761 73.54247 57.638462 11.500627 71.698006 96.05756 14.441586 5.942053
49 58.40431 83.108284 5.5982294 20.772802 95.63575 19.378101 1.7180085 20.49312 60.993298 52.460182
50 63.809753 54.77721 69.83565 56.421097 6.8555174 40.814144 60.892696 91.13012 37.634556 70.19974
51 79.6286 74.44127 92.2288 27.760284 84.9742 87.09886 99.51345 27.941906 28.017754 74.33563
52 10.4846115 96.32038 58.422684 28.018188 67.02128 19.00472 45.28169 89.902565 40.452736 9.91441
53 1.1815131 22.69106 73.2492 77.85965 51.617424 40.290173 74.730545 23.861748 34.54995 62.680965
54 92.66468 40.09694 67.63864 81.41313 41.085316 80.171646 12.13252 57.7693 64.993576 5.1452217
55 53.969765 72.52782 64.52553 98.87394 33.578533 50.95236 54.688526 71.98548 88.227684 72.69025
56 67.22435 7.299173 34.41301 68.767105 94.19223 26.036232 55.358368 8.481878 59.435577 98.03392
57 70.748825 90.95753 85.473694 68.76567 35.59668 9.173226 96.12427 8.718359 33.782898 29.841095
58 76.210266 98.09054 23.243315 88.40554 61.24153 72.419754 35.717804 94.207504 84.507545 67.25021
59 99.00361 62.50581 94.40465 96.00652 6.113142 75.179504 19.193958 72.59872 8.80875 34.71081
60 93.201035 85.76454 25.659662 32.188194 31.496304 46.635754 72.84074 41.860573 8.416378 54.438084
61 2.9820502 76.06305 38.29701 61.60238 59.908134 55.532352 99.19449 11.944872 69.31487 43.209343
62 77.19349 81.0954 14.370531 53.120975 30.46825 63.20555 25.759197 29.943478 89.22443 32.408607
63 15.4853525 26.031668 75.95822 10.844606 28.31592 9.279222 76.39748 10.687965 82.35146 71.936745
64 36.617424 87.96118 37.004948 83.805695 48.04714 67.491585 11.549777 25.95752 96.6079 26.734447
65 87.117714 37.770493 52.571476 80.97447 49.13186 21.668142 16.726612 2.3197353 63.013832 39.078873
66 89.24049 52.671654 53.783382 36.97802 8.655369 78.30807 67.8609 7.6429963 8.538855 26.732498
67 3.789848 72.2348 42.491333 19.963037 86.32981 10.3622675 38.899796 81.462654 36.858105 28.300053
68 14.722013 34.51536 31.49615 64.98907 22.70708 0.15913844 88.89762 0.88469386 44.14019 43.987053
69 52.06161 35.2314 5.0858793 88.47806 15.541517 84.09174 69.151794 95.33335 51.497547 77.66691
70 95.27334 68.953026 38.488052 80.898895 91.51138 65.13192 36.82621 57.39015 12.254042 49.78667
71 57.66894 51.223476 48.727055 21.61557 71.49325 83.78785 33.864956 34.66621 9.80187 89.24783
72 0.20864606 65.535706 54.148674 30.434435 91.71927 13.108235 34.060158 10.843104 80.69021 83.160416
73 83.14144 93.822845 93.06776 46.71638 26.393414 49.214447 8.539504 9.652501 95.14632 14.49309
74 5.1110387 45.73996 25.458807 2.3011565 36.27455 19.139027 85.57984 31.094105 7.295549 12.450129
75 75.17323 49.000145 95.93928 28.975403 28.325546 63.01154 2.7706444 13.104224 51.572662 52.941353
76 22.94711 30.023563 12.776822 20.417297 81.45367 28.647877 24.965508 2.328962 38.58372 32.20504
77 7.3192415 21.943956 44.04441 25.808304 52.29279 92.27232 33.566864 45.156204 40.112175 59.66001
78 28.849995 84.86107 59.158546 42.065693 22.893513 97.50436 60.393055 88.619484 31.425644 18.106724
79 76.169846 54.036064 35.661335 35.09975 6.5158486 33.98214 70.80629 13.972264 40.02638 62.863518
80 62.63376 28.4801 60.54853 2.5481403 35.498695 45.656746 56.22555 94.688644 9.024734 62.910294
81 13.492632 57.52372 37.423122 90.368744 47.29965 53.856815 90.31153 80.531845 0.051373243 65.43204
82 12.638098 15.4577675 78.17751 81.80906 64.84073 93.47262 87.36091 52.305977 33.951557 1.1202872
83 58.56389 87.414795 18.574703 89.20899 18.212784 12.647581 42.41594 85.86511 71.155464 30.951477
84 4.5330343 5.0390186 16.033703 99.111046 62.224537 40.551723 64.06329 54.971493 92.31504 57.21646
85 56.2522 83.46423 36.670685 99.569 75.98715 94.45693 1.5469134 72.11207 96.67006 20.106148
86 11.601311 3.6008656 33.48818 65.94782 77.17885 81.70976 38.069378 62.265438 97.1904 37.4291
87 71.13185 30.739689 14.264643 13.812023 55.524914 77.97776 58.877872 78.352486 77.32417 50.781353
88 55.18815 28.51988 0.7540643 88.03741 23.963696 6.0555754 61.33976 7.5642166 63.258232 26.869505
89 26.325607 1.3413548 41.6166 63.13894 70.341286 34.079266 23.175627 84.948845 23.661333 54.39135
90 0.9513736 97.02698 59.115356 17.828184 31.082367 47.38397 98.503044 71.192535 94.34819 58.59804
91 29.801065 68.91034 14.736378 47.776367 29.88072 47.38473 11.331945 80.635735 14.062768 11.367214
92 67.810776 10.488749 71.60584 28.1649 62.0991 10.078883 65.959816 48.25139 91.39967 28.118355
93 58.92729 93.407326 59.174187 22.051943 70.19145 71.29699 10.519112 2.063173 77.22534 85.36053
94 30.697441 0.7861495 47.446144 34.603943 73.72379 79.77784 34.48273 14.397467 99.48978 32.7959
95 56.26011 88.40835 49.91753 21.632463 54.759834 56.518547 38.310684 21.053595 49.09085 73.79664
96 8.017057 82.72895 76.01464 12.654323 3.6192536 95.41014 39.237087 12.130976 2.3360431 0.59593916
97 92.34594 34.287514 57.668083 64.13725 74.78737 83.989105 89.38827 38.37459 28.102106 32.511765
98 11.904245 24.221539 95.9554 81.58129 70.26571 44.9243 69.28541 78.367065 63.421093 23.919165
99 72.96086 35.892834 86.82955 58.218384 6.295723 71.13935 50.599308 50.08418 83.04039 65.21024
