250
8
0 32.594784 1.8752873 81.94426 76.614914 6.250292 34.878086 90.290955 32.338863
1 54.610817 91.25263 45.96797 44.37596 75.32765 38.957798 10.669976 76.57234
2 72.20305 60.435616 86.583916 28.63691 93.83436 29.491896 27.874273 26.825058
3 46.34118 73.11106 30.24342 73.4825 98.09444 79.75105 2.4267197 25.454008
4 12.385726 67.09291 45.410793 28.592003 84.193245 40.158253 46.05819 42.005806
5 41.980553 42.754097 29.827255 89.02848 59.981335 95.518486 55.84895 58.960217
6 23.666853 88.14532 90.53267 5.3552094 96.86218 43.946438 72.20251 82.89254
7 56.88719 45.613132 8.408552 89.716965 30.573284 22.27567 4.221773 28.616655
8 73.286476 71.70282 49.02505 25.652945 62.22101 76.26764 31.38963 95.061676
9 9.08001 67.22882 67.21939 74.66198 53.5054 75.59936 21.412785 75.95175
10 52.747017 57.61847 54.10258 60.919495 93.371895 3.393221 0.6700635 25.799768
11 83.421364 84.98218 92.08586 7.049781 37.25249 7.963288 75.91312 32.292347
12 97.08944 32.83595 16.037834 88.48578 84.61018 90.486855 33.699726 29.834764
13 90.06856 41.999924 26.827843 71.70275 65.67561 16.470665 37.49681 25.840801
14 32.22723 91.91899 67.28046 2.4909854 54.066284 81.166275 1.4722407 1.294148
15 16.022379 15.499467 49.96087 14.436489 8.40391 29.498964 44.70179 90.174194
16 11.666399 87.52832 21.22997 34.9078 73.096855 29.61012 19.8493 38.530453
17 93.60059 76.83915 56.653076 76.10071 36.12969 25.772799 66.33545 93.3064
18 28.939587 80.6117 9.11516 12.071675 50.003414 51.225643 59.592293 73.45485
19 34.66468 65.53951 72.89042 59.194668 70.89504 64.3803 15.208042 31.453335
20 17.0824 25.072765 84.43339 97.10498 60.65644 82.89273 59.598248 22.019428
21 4.4277787 24.541145 53.803253 89.94761 26.44797 29.248816 97.29698 56.642384
22 71.48009 46.684265 9.402758 93.626495 43.6031 68.800095 89.04325 37.48878
23 33.672176 68.96465 43.10742 63.755005 18.74628 16.595352 4.545176 32.30635
24 57.41276 1.0112226 62.880398 11.136931 2.2367775 12.889022 29.136456 73.14151
25 93.20426 85.63851 95.61297 86.86102 51.68726 18.86761 84.49648 36.002625
26 88.627174 20.109861 34.199883 17.471146 81.60647 63.92045 70.18784 86.04228
27 79.375145 85.66035 89.75363 52.178062 8.141321 83.69106 44.971542 53.398342
28 88.263245 82.76767 92.38103 28.707563 12.444234 24.180996 44.692795 38.525093
29 84.49516 57.257305 82.09016 12.133819 1.3677478 51.33772 76.98687 32.66188
30 68.46347 68.05042 45.165096 11.925554 39.98872 97.84348 42.136627 79.02834
31 50.970184 91.21109 80.74067 36.436592 66.890625 99.23238 4.1206303 93.40161
32 89.993286 76.92169 27.32855 1.2013197 80.18303 19.997639 76.222275 8.922273
33 32.98809 76.113335 39.69113 67.64938 99.91309 47.011715 91.528 9.292298
34 88.200584 31.700485 82.728516 52.23292 70.824936 32.36658 0.22413135 66.96956
35 14.58332 85.71694 0.93907714 12.463528 68.34808 0.6520331 72.809296 8.529938
36 76.64241 88.12266 29.53307 85.98508 10.247606 96.724754 91.17128 88.0595
37 57.907806 5.648941 36.423717 31.562351 56.543594 39.181267 77.93406 61.255527
38 64.707085 19.771702 23.08944 96.74441 1.1090517 62.03286 48.563183 17.856598
39 80.53627 71.75064 66.69554 15.965569 19.78072 72.490814 70.42413 48.088516
40 50.559734 59.64453 55.883278 24.975634 41.8682 26.305496 78.32095 90.00396
41 85.63407 17.310493 58.27854 62.74504 54.622482 23.762829 26.998913 28.910446
42 75.73955 8.617955 59.042156 20.369488 33.525993 59.22705 57.677376 97.52238
43 93.81578 51.455463 26.678211 88.00243 15.191614 15.028631 17.885906 56.039513
44 52.73662 45.58131 94.83633 45.472847 94.20944 76.531525 1.708734 15.045494
45 50.522495 15.966475 96.98841 39.999508 30.455416 59.373886 70.99965 0.93655586
46 1.8768013 99.001114 54.62993 95.29184 99.17685 82.16191 77.21164 53.531826
47 7.7461185 92.78354 99.05019 0.3316462 2.5958657 88.30606 28.192211 88.58324
48 58.842426 64.68309 1.7358124 33.258392 88.82223 19.224728 34.62795 54.094208
49 3.9286494 59.466194 99.11585 86.035164 91.54299 67.79993 26.778286 58.672928
50 39.15723 79.49741 23.626984 68.950966 12.2572365 95.755325 53.72091 52.587276
51 90.864685 14.874935 94.97111 90.519104 15.749752 81.536606 64.538155 97.75496
52 70.963425 85.83272 82.9579 27.960121 99.04852 76.30965 23.70562 71.59367
53 81.43521 22.339142 26.468771 26.212109 24.286467 84.85193 31.401497 11.4728565
54 32.419228 46.544434 81.848724 89.28935 76.68877 55.397995 3.5369873 21.449493
55 17.000765 42.577286 78.42682 56.815063 20.332956 57.909554 16.015238 31.037289
56 55.04479 95.16316 78.885574 90.6821 76.37947 53.776478 33.058292 16.949749
57 78.28225 53.63491 77.8442 32.050003 41.14654 11.614603 20.39858 73.07408
58 79.34479 31.128716 23.290045 27.265285 94.70365 3.6117613 90.71344 41.374302
59 88.557335 80.10608 12.387258 62.795986 24.583948 24.783438 40.88831 96.9883
60 74.03576 94.81538 95.71098 93.900215 3.7665248 13.5347 18.526094 14.475054
61 83.00068 78.90387 22.100204 99.502625 17.255337 16.085106 98.577484 28.984642
62 55.20621 82.114044 70.091736 46.631313 27.382385 29.598558 60.04873 46.064877
63 42.99611 53.845573 41.292404 1.7717719 4.3884935 79.270164 27.450693 46.88513
64 66.73788 83.33691 36.065952 83.62343 25.885714 33.15734 81.98483 81.849045
65 19.248789 96.31827 92.55593 11.998039 66.481415 35.20251 53.418953 44.884388
66 8.315908 56.210274 46.335064 70.97829 57.14465 41.679985 75.18734 73.13964
67 92.52562 74.290276 59.866344 70.95882 92.82127 79.20975 22.457392 22.383368
68 22.35642 67.72108 78.4806 63.82068 6.355071 3.5158873 55.736298 27.093727
69 45.851917 16.934198 92.71974 38.244354 6.948006 27.267843 61.048836 66.04207
70 76.179375 64.58286 25.664436 98.04509 2.1932304 2.6275218 11.799163 19.115757
71 46.99247 67.127174 18.259514 5.418563 84.140625 89.53563 77.13646 19.191885
72 0.7548988 57.086754 55.67008 53.113358 61.905174 14.305746 66.97657 74.06498
73 65.045235 99.093956 63.34548 14.801163 66.0043 24.754738 34.788513 57.748116
74 72.35128 26.102997 2.7382016 11.293936 32.91113 77.88332 55.836903 47.908314
75 69.975655 23.458433 13.519012 21.761751 2.2364497 54.030712 60.77846 16.76346
76 48.412674 87.99884 81.64943 63.73347 23.502779 77.46245 32.342625 66.45951
77 88.91972 26.9692 60.816868 63.416553 74.64989 37.510754 66.2834 36.76294
78 93.99465 77.23829 38.507607 38.75128 40.211803 46.671707 56.87167 2.845049
79 18.084097 19.164865 17.387087 21.618254 83.53117 42.47392 91.9041 24.00093
80 60.085766 31.42929 77.6766 52.747345 74.427605 38.46835 32.53688 0.33746958
81 14.071142 83.24464 96.86004 93.1298 1.4123201 56.349247 9.209644 43.780987
82 0.14321208 88.5842 29.323828 9.114438 5.842477 26.001198 86.50667 72.19679
83 13.457227 53.409912 90.42769 4.8725486 24.333912 23.17747 37.009907 90.97899
84 36.170715 31.35882 47.02355 95.54507 15.302253 25.550074 17.030025 35.160606
85 54.452263 65.94237 89.58421 37.139614 75.677826 7.0319834 55.558895 6.9103184
86 10.666823 38.03601 49.873154 55.123764 24.640633 57.55723 51.86901 58.223457
87 99.46872 56.284313 32.481213 42.664825 42.64767 10.914683 26.892138 36.681618
88 85.771614 25.019192 48.575485 31.595451 6.075239 86.76647 88.841835 33.346157
89 82.42814 99.38685 75.85042 74.43809 50.475067 4.6422424 54.50124 46.16784
90 75.94009 90.60148 19.940323 14.200438 28.743607 7.485509 14.17967 99.735695
91 29.633368 15.591413 19.447315 60.157703 4.4297934 40.238518 40.548714 42.755127
92 25.47024 94.77618 19.258244 32.466675 34.957146 64.987305 19.400257 78.336266
93 28.034544 89.3105 34.96844 86.21021 54.71214 58.348663 23.826223 68.990204
94 67.21403 34.85404 44.999893 76.349945 63.751293 29.065907 62.40156 98.17216
95 39.717056 72.77302 76.39589 79.06858 64.30538 14.190626 6.659341 63.276863
96 23.799324 1.6530991 95.29378 42.112534 64.3099 60.762478 43.478477 21.183062
97 86.43951 72.099915 73.7218 96.99905 84.86661 76.55961 3.962016 6.7602577
98 37.690945 26.026678 80.63585 29.331118 66.842 38.277084 91.96573 97.192406
99 53.049873 37.97593 37.006157 69.967606 70.73399 78.40112 72.643745 0.53948164
100 41.418953 50.49503 82.283775 39.424343 3.4891725 33.081944 84.210205 5.6494117
101 83.60799 8.18268 22.720951 50.636475 86.128685 22.468275 4.5727253 42.349197
102 4.302329 85.74648 70.78927 51.09086 96.84142 52.251667 38.575657 65.78542
103 69.042366 74.25915 39.333855 64.34129 85.62934 70.578926 91.298004 96.850876
104 16.996067 36.773567 24.121403 73.04839 58.639954 88.02621 58.183075 21.825207
105 50.16968 69.55486 94.08451 70.939674 72.99755 69.988304 93.73379 78.67426
106 0.18997788 8.40972 9.834135 99.46442 66.244736 40.622066 17.089731 34.893764
107 84.90485 0.9415865 7.906592 76.42172 68.4322 95.39274 75.00903 92.34974
108 48.787125 25.032324 20.731169 18.469137 9.445154 5.30746 10.610122 38.259346
109 53.489937 71.44909 50.448696 57.173103 39.33083 10.080105 79.6855 98.27214
110 47.890198 24.197578 78.48123 49.141357 25.19179 39.756954 15.481812 37.553303
111 0.56996346 66.09053 72.14731 84.781395 74.636375 74.74265 67.54721 98.83675
112 21.92384 8.972931 44.636925 7.3579073 62.827427 52.701355 30.579441 62.60731
113 37.943806 98.14328 35.30482 64.276184 7.8470707 57.46777 35.164726 63.887936
114 3.2211006 68.732574 3.5102487 25.897139 47.395504 79.888306 93.87991 2.5486827
115 56.81822 38.150608 71.12586 23.693716 18.767887 23.42239 83.437065 39.62133
116 31.402105 3.1817615 6.35798 79.1873 33.60405 38.36938 96.381935 80.79437
117 23.393208 72.90997 14.66496 17.856575 69.081535 7.746607 14.31464 10.079789
118 19.873095 9.375501 91.32993 88.090256 68.023285 75.129135 38.68304 51.584274
119 56.60677 66.7135 94.63873 34.259094 51.81716 0.17214417 64.90616 5.384141
120 50.77398 16.497225 18.633343 5.111212 2.0949721 51.071888 0.9171963 24.694431
121 11.867237 22.106297 80.05571 13.949097 59.794914 94.881325 12.172681 75.83911
122 84.702446 78.16311 85.3664 5.425125 23.531664 26.381784 21.75613 49.970848
123 19.601261 62.42818 10.61688 25.296635 3.1244218 84.12209 6.412035 76.05508
124 96.542854 57.017696 9.474098 34.11041 98.68397 38.271725 7.1775255 18.32446
125 52.445595 83.40454 62.840122 53.54026 30.835354 99.09482 16.73655 28.22644
126 73.727974 61.38632 97.27956 84.98047 43.45397 87.13691 14.703131 60.82787
127 19.910824 46.051834 28.861671 94.00154 36.71822 26.62645 96.747375 58.70697
128 38.2617 18.750095 34.043877 11.403841 65.33292 72.12847 83.81005 52.5546
129 14.34511 8.163423 9.867674 61.85843 54.453457 55.147594 3.6084235 27.022976
130 78.830894 95.809074 62.007683 94.50342 44.141243 42.163013 8.218169 52.801346
131 57.02616 16.641384 51.108997 56.368046 72.10702 28.488255 28.723156 91.46487
132 4.3344736 99.899055 35.367508 19.125504 44.049217 53.383385 70.756996 38.333885
133 18.209435 7.939863 70.45246 42.429607 21.070492 11.0077915 23.217201 80.39763
134 55.1578 21.52788 66.64008 32.9692 74.45612 49.086697 86.514915 11.297387
135 9.960818 88.88564 57.421486 37.378017 19.523972 92.5747 26.430065 63.430996
136 33.520634 2.7967155 3.8677335 89.266914 42.30631 3.1348467 24.974072 88.43153
137 75.60184 95.14151 44.679462 15.898848 75.49972 86.911896 30.618954 41.5898
138 39.22666 41.47191 3.117907 98.406425 63.420017 92.86344 6.833988 3.2313228
139 24.595516 49.578087 78.9088 70.95521 79.6248 1.8230975 40.07793 0.62527657
140 22.142761 65.473206 85.73009 38.885277 25.417334 92.504555 96.22697 77.69393
141 86.70111 67.81977 43.03892 93.61729 42.620808 84.81597 7.875437 96.60774
142 87.736115 37.543743 94.76308 2.9880702 19.813246 3.1390786 34.028553 45.292496
143 84.22565 83.23028 6.7761602 59.68505 57.638775 72.637535 58.413357 67.94153
144 16.997355 74.86765 90.09589 77.57723 85.86193 60.19424 82.966 31.817228
145 46.200645 88.6036 7.3889017 35.994804 92.507416 98.23765 29.010767 92.94254
146 87.07775 93.40074 46.635334 85.38802 33.728474 84.50187 80.22802 25.72465
147 13.311887 16.825855 87.700874 44.300198 41.97285 33.67604 88.71543 37.11926
148 3.9687037 11.679912 45.083374 37.218224 39.566116 67.933105 18.278862 94.6355
149 7.4105797 7.773769 43.2459 45.618332 95.007866 72.48861 17.546225 59.297718
150 83.55156 73.877045 69.717445 70.40329 30.077106 9.625178 99.57984 29.62193
151 64.433914 33.71524 55.53708 32.931572 97.26892 80.02851 54.369587 70.73109
152 42.345905 76.86283 52.636898 73.967514 99.13534 43.815792 35.9215 23.924643
153 54.56312 80.47788 13.40366 45.135723 13.778967 65.29779 46.613144 66.334496
154 84.28453 11.046219 28.928488 25.841791 24.048912 25.300837 88.069466 17.740566
155 38.447304 6.650865 49.348587 40.125114 21.914202 52.785122 60.01958 72.18579
156 94.84303 49.755215 92.20435 92.53879 74.040634 63.53103 66.427155 65.72177
157 33.320953 28.085947 42.880028 89.90533 89.77295 57.825176 31.643969 78.432655
158 78.85236 46.924454 64.96528 66.67583 28.524757 21.363062 38.418434 8.826118
159 87.843475 99.963104 67.769806 85.62411 20.004707 93.99549 74.29759 51.747005
160 3.322345 27.85538 23.242628 42.736458 47.7579 19.480927 13.293446 57.160366
161 89.488754 93.686584 85.19202 65.41113 64.17753 66.06619 65.64142 46.467007
162 31.604267 82.814476 39.971924 56.461113 63.44243 12.503052 0.06055236 15.456361
163 53.31283 90.8768 9.6948805 2.9171944 37.7619 27.018387 80.13244 58.567513
164 60.22075 98.23534 36.551243 38.25751 81.8603 27.790821 59.247692 7.820898
165 65.92795 41.723885 99.95895 19.443548 90.80911 2.646768 47.025776 91.59952
166 94.69094 85.29003 57.037537 56.02152 17.115599 82.97417 94.1962 83.39984
167 83.51098 59.968395 51.294853 7.551914 14.402437 12.262076 42.63596 28.73916
168 25.679255 90.59559 4.434079 47.759003 97.063805 23.209805 52.59022 9.597254
169 7.67442 51.77486 91.83368 79.04583 87.95906 39.00902 50.060284 30.087053
170 91.79564 98.821 3.5220087 69.39934 9.505958 44.18777 33.924812 84.49
171 88.028076 0.7637441 9.363043 75.21398 97.46103 28.315323 44.567467 99.35842
172 40.375664 61.960583 79.68926 8.19121 81.22585 91.90188 23.61595 25.078619
173 25.259495 56.467545 60.76209 2.2261083 79.6932 17.987507 87.85472 89.10475
174 22.56838 15.039164 68.20993 37.071274 7.4483814 55.199688 99.45544 13.014931
175 73.561356 98.4765 40.98848 79.57211 72.566475 28.46899 39.37636 38.607567
176 84.060295 63.014774 93.427155 10.396391 74.29712 92.12769 81.11397 4.4471025
177 66.23395 73.53971 13.570518 14.435047 76.60431 66.77619 17.947042 63.584965
178 37.76328 48.64455 82.2927 26.42997 41.82932 56.087242 18.395407 35.622795
179 13.290721 27.887136 29.557503 39.888496 57.67074 22.628254 71.82284 41.85148
180 29.794907 36.07929 1.7164409 6.9731293 80.22643 12.816936 38.945335 80.89094
181 44.895218 82.03821 86.88148 79.80913 46.01788 60.285942 40.46317 64.07195
182 35.07899 69.95246 34.178646 69.53122 76.71824 64.217 1.1171877 44.742847
183 99.457436 20.362604 7.0834694 28.39489 11.731255 34.615482 16.176779 43.75006
184 43.894707 94.72923 31.058424 92.40639 55.8188 20.031374 22.698915 94.53329
185 80.21766 92.658905 31.357378 57.17958 21.650864 84.89275 38.854908 5.592042
186 25.702297 44.08107 8.13135 98.10678 80.45224 83.40307 81.20334 65.52206
187 29.146057 50.016617 62.86459 87.434364 7.84626 84.863716 81.9947 96.38631
188 81.57349 35.051655 72.689354 5.4630814 26.54658 41.31845 6.425434 94.87676
189 91.986 62.227333 7.272476 90.84689 2.72367 52.576477 13.216007 87.53955
190 21.554815 26.779669 96.73611 25.842834 48.673744 75.956055 10.969532 66.277405
191 73.26937 89.01055 88.4699 6.368625 20.843332 48.50076 37.474834 63.40996
192 28.291887 28.544086 75.71094 3.8533986 79.31374 37.955578 29.4496 71.763435
193 5.1318703 2.3198545 41.412853 86.12099 92.525185 15.450298 56.176292 14.578223
194 93.24281 66.89757 37.194454 27.924007 29.321367 47.622646 62.0658 22.463768
195 78.75652 81.99497 9.053331 8.250999 79.32098 38.82392 0.39043427 80.19683
196 36.8088 46.653717 89.04896 61.15762 82.173294 15.0850115 43.260338 64.85059
197 12.273484 32.02552 95.304596 19.626999 26.430983 30.680746 21.373976 8.558411
198 48.710186 65.49357 21.446836 67.843124 99.57389 95.41579 81.15582 84.15742
199 53.944252 89.691795 50.99594 96.265045 32.14341 66.16537 46.60104 30.023706
200 9.93588 66.95724 2.2399902 36.01865 80.99779 19.739359 38.4792 1.6020596
201 44.458443 24.84854 94.770065 34.376694 39.37463 25.798374 34.506065 61.44975
202 82.594505 41.586082 30.123447 21.47647 44.74733 68.33555 50.674404 97.05521
203 87.17124 51.61704 95.876236 9.928745 79.38841 22.14811 86.142 86.25893
204 78.99518 10.981232 35.046314 63.60017 23.10303 76.757744 1.9068718 13.795143
205 0.10963082 99.751366 70.81228 69.605515 22.772133 14.399046 96.9569 79.28955
206 46.286243 54.543896 40.323143 48.424774 89.14519 90.98052 4.6630144 26.989311
207 48.5756 17.944263 70.76862 41.06439 17.748344 39.332603 56.892075 70.56853
208 27.979923 63.66326 25.89888 19.310343 57.824783 12.592518 53.647793 82.54324
209 82.1743 6.3384175 61.82745 75.3752 20.899498 12.235874 32.004845 67.1468
210 88.6911 33.117516 57.220493 60.619755 28.861755 0.049954653 49.683506 37.957634
211 25.095505 0.5085826 24.87005 59.534027 50.384277 76.25399 85.81915 77.138084
212 13.418394 24.453556 69.168434 4.79123 64.04876 17.00672 14.312923 61.834026
213 93.47623 54.1804 27.145641 61.94213 16.723406 3.7017345 23.607021 5.1017404
214 17.695469 61.111206 19.500977 38.19631 16.538637 43.736393 40.809917 73.66983
215 38.672894 92.95131 42.454636 98.74058 11.233223 77.849945 67.80409 12.910104
216 29.94097 40.05731 51.26474 6.1737895 54.693592 92.66201 52.300636 30.583275
217 40.27099 36.279316 21.899532 33.891193 57.185047 8.702463 97.76228 65.241165
218 32.334972 69.69557 28.62426 42.630356 48.0743 94.00904 62.69845 92.60893
219 97.66037 10.005236 42.156578 50.894535 53.768528 61.27915 12.042743 3.8370848
220 71.550224 68.817604 35.563988 74.59849 8.147013 42.597366 61.15571 23.204369
221 94.004425 96.67399 83.22131 59.035343 67.93705 99.92062 96.45223 19.66921
222 75.666214 86.36084 51.915657 77.14224 1.2868106 21.787716 65.73549 6.608659
223 31.431145 95.92056 12.581074 22.046339 54.213364 77.13042 6.025994 17.150206
224 38.59424 26.739008 46.16426 79.00158 76.65513 45.598328 17.006456 88.69332
225 61.27417 92.18635 77.76771 22.080744 7.5335383 20.469963 94.160355 89.533905
226 58.34159 90.5107 49.485683 44.36585 76.52968 85.00739 7.2638693 72.946266
227 58.192165 52.03139 34.243427 96.88433 79.20735 96.0224 47.09803 49.643612
228 40.442963 65.15171 0.46916008 81.16699 21.664846 69.45688 66.080025 28.229517
229 11.994308 98.30822 60.573154 13.057566 11.073327 51.94042 6.9693804 85.06926
230 2.887237 25.696796 74.9777 51.283234 89.260826 79.57343 47.887115 89.95112
231 36.00036 33.462894 37.836258 63.298386 67.92634 70.59401 91.59269 31.974358
232 43.867744 30.016375 40.599537 83.04376 26.119392 72.121956 92.29572 61.292053
233 15.763182 9.228826 95.23103 0.51641464 73.296234 82.83379 44.236618 86.65301
234 58.684124 18.493908 0.14377832 11.425018 64.56469 3.2074034 52.851963 46.128757
235 46.98199 64.9791 48.82482 46.70908 78.655235 22.885292 71.54792 98.97794
236 17.123955 52.869553 13.633376 96.32929 33.70696 40.740597 14.936579 70.29167
237 36.43434 82.002846 85.4031 39.49033 21.132534 27.390068 52.847557 16.879957
238 37.65223 54.015636 13.248563 94.33625 83.62743 82.1835 48.50888 72.80076
239 64.75513 25.971281 68.3705 4.1625795 49.814045 7.109123 28.998398 75.9995
240 19.73679 23.409737 50.67379 84.31797 65.06251 18.58971 66.39893 73.71835
241 34.89055 74.859146 67.657 64.22247 25.705492 44.80432 4.0475073 53.651012
242 20.637917 58.07079 41.3014 72.30805 32.165283 10.955679 83.85079 50.260086
243 55.05529 54.586994 40.58235 28.191113 25.436974 97.8134 17.846256 31.240595
244 87.99013 93.72406 94.74511 26.015633 60.922657 69.898445 0.020235777 77.80453
245 30.020988 29.650133 15.631896 15.659398 3.7870705 8.834243 72.85137 34.27775
246 84.50435 35.9604 46.11644 14.374727 0.80601573 54.6753 47.129875 17.442095
247 59.564144 20.999723 56.096863 10.439056 95.10469 53.433926 23.309935 44.121647
248 66.11855 64.155594 27.517176 52.519566 2.2337317 32.561214 77.98489 56.703907
249 67.90154 48.441708 5.5323005 53.70999 58.70673 77.79833 60.031605 0.6026983
