100
13
0 96.46646 61.29536 98.28474 24.094845 94.91196 87.22402 65.22474 41.034866 52.591602 83.34013 35.73619 14.97634 41.993504
1 10.18827 62.566547 67.19213 32.006653 94.910194 40.573288 83.08376 99.95522 9.797835 83.409 30.657137 51.075615 64.58725
2 69.38326 45.57473 3.4624398 46.87359 46.69106 55.692905 44.212395 62.363167 15.114337 18.144571 95.99413 30.27534 77.54283
3 27.70735 11.260521 26.428282 92.81976 49.550438 6.550127 17.563784 50.657825 0.93675256 73.61397 33.27587 20.413898 93.8397
4 33.33087 97.306496 15.641796 87.798515 97.480606 16.572708 34.409176 44.077015 51.433857 65.518974 26.777517 18.014448 85.75601
5 24.483723 52.575397 46.38424 68.739716 35.78235 98.18026 45.937805 36.16722 40.00225 45.56068 23.751795 64.414825 90.25502
6 31.978888 40.474392 12.661815 14.325476 7.7358127 65.34962 57.836212 87.09661 21.942638 13.569856 79.45972 79.42805 23.871475
7 78.96034 72.24842 88.74808 17.883724 30.442745 2.7510405 12.725085 12.730628 61.677063 77.09107 65.06272 47.201126 97.574425
8 33.71504 24.079144 91.25569 17.152214 15.689457 55.458744 29.09115 42.92444 48.351406 23.393845 43.753128 36.454044 50.879604
9 45.064533 84.23535 86.92158 34.556698 5.650359 99.32549 63.98132 90.14329 21.253866 38.18668 52.48822 84.94503 59.48103
10 17.773706 89.90673 83.957 29.018837 40.209805 77.68736 75.103584 65.23777 59.29002 46.2638 26.313145 36.304222 70.99182
11 75.53884 81.289925 99.001205 66.48481 35.061676 24.75044 53.72771 92.42451 32.133324 19.01939 0.089776516 18.637764 83.70678
12 48.734486 27.036142 0.5697429 46.379585 64.55747 91.36618 27.53716 5.529791 9.858346 35.19892 78.954575 92.55276 55.023212
13 64.00207 31.867992 41.360874 75.0869 82.21519 13.502699 30.268108 49.626316 51.349903 12.832862 71.865776 65.147606 66.512474
14 22.694386 95.58701 74.50193 20.184427 97.536934 19.749784 44.174267 48.240067 76.956764 81.66892 66.67342 1.814282 38.640984
15 5.9561253 63.83928 11.8113575 29.821861 57.714867 78.86508 70.42765 58.88422 84.62999 85.463715 38.72487 60.049606 80.905464
16 6.202835 51.52418 27.301289 57.888763 66.97352 63.99483 28.698545 27.618069 48.282696 9.398574 90.305305 63.33368 68.07407
17 88.44775 88.0368 7.4149427 25.652843 19.37958 15.281767 34.757584 96.64417 58.692062 40.22114 26.12632 28.446901 77.89147
18 16.935461 59.64809 92.10439 6.7441883 32.8324 32.80917 86.72212 41.393173 27.355497 95.85486 17.39387 62.094498 95.64003
19 19.444674 16.997797 13.863813 39.61096 64.18432 10.193169 10.422998 68.37943 41.94432 17.5555 21.741367 1.6625464 3.7047267
20 26.160091 75.22502 42.860474 96.366516 56.25424 25.084633 62.473083 62.18878 92.198944 41.28309 44.385696 15.202928 18.929958
21 14.216971 75.4225 95.39091 76.162895 22.221916 7.242161 45.1753 63.890236 32.223488 45.480568 65.75041 70.892815 98.30924
22 56.94084 30.191147 58.58152 45.411587 66.06324 63.63167 85.12493 15.215963 97.91259 50.938118 58.197475 56.208305 29.09615
23 22.356724 31.553602 39.624954 19.530094 66.054405 22.813623 15.955835 7.531619 62.05531 3.2143414 13.378543 75.61005 58.894222
24 59.57468 48.680107 3.4127772 76.75194 33.356155 34.280483 62.960327 18.614595 19.52759 41.14563 26.551659 74.12911 41.10119
25 18.719137 23.071712 74.641685 74.8844 89.37279 18.985153 88.05016 75.44353 68.9542 17.71415 59.53193 51.81589 17.282497
26 68.595856 10.195083 83.51803 76.210144 83.9826 96.825226 96.31785 99.24603 61.632233 29.05683 45.57366 39.645447 57.247574
27 97.69457 6.258726 25.056202 8.335251 22.065432 38.715298 70.81722 61.500877 3.0284405 71.408424 43.199635 38.47631 19.75158
28 14.231068 83.43692 5.746907 26.03923 25.064642 6.297654 4.3339133 49.631023 99.202034 39.013298 92.37526 34.57344 25.834538
29 21.197128 47.48425 71.88557 62.094276 30.404812 38.86051 62.005657 56.19573 75.430374 82.75339 38.935925 14.162689 37.354332
30 37.67002 50.93115 45.652378 71.62702 27.776587 46.646454 53.749645 80.75474 30.921041 14.828425 0.61810017 51.948524 59.832798
31 96.171036 98.94054 35.69497 56.11334 49.44528 50.599247 35.729694 12.970072 52.3441 95.542076 37.261627 27.173782 37.86897
32 0.8182168 25.249683 37.910263 67.04019 31.978386 27.622217 51.084553 71.07314 15.108019 56.918114 34.819252 34.070187 40.45335
33 48.091732 44.526695 49.190987 39.725697 88.15053 34.751087 55.951546 14.607209 75.68525 7.2559414 37.8465 18.673492 13.820428
34 49.42279 32.284782 27.898676 40.084774 29.337866 28.582394 44.183296 0.41342974 30.948532 24.487633 94.07326 33.999508 57.904667
35 92.755424 32.211082 10.87265 83.260086 12.283098 71.33206 47.574486 25.755865 24.226957 12.104565 68.6122 45.162754 33.607056
36 75.19435 15.80317 48.91054 37.758434 72.04866 75.289505 21.323866 91.495445 31.551165 66.825584 33.128784 27.2287 7.459903
37 53.665054 71.96342 19.031025 71.035934 98.54415 90.455185 90.621956 78.192 34.241573 84.61427 16.573603 38.59223 91.165306
38 55.997448 97.19221 92.231636 42.36301 42.041737 14.267826 67.99753 84.075714 12.438213 6.2922597 98.50456 71.06686 69.26028
39 67.216644 50.10572 6.887645 75.188484 47.061974 89.478676 44.221653 89.557556 60.72833 5.7002487 56.53891 64.626114 33.503014
40 85.44222 84.34488 44.533794 88.68946 59.103317 55.008495 93.522934 20.42389 96.65142 99.98459 36.387 69.385704 97.0659
41 5.5098653 27.549421 2.3214936 36.983536 98.66151 32.022316 79.986946 88.96684 88.94962 34.655823 19.47205 93.297554 13.106632
42 28.03644 23.432499 38.97843 6.990063 25.163752 63.336723 38.39619 0.89250803 13.225579 89.597176 38.60981 83.22984 98.56266
43 66.84393 12.299317 40.54482 80.988304 36.388035 88.9182 79.81786 55.290478 24.19253 86.48026 0.83407164 37.84197 95.816444
44 65.682175 73.24129 2.1881223 9.527129 68.78291 4.185462 26.244444 5.109513 7.959837 60.07915 78.85246 54.16869 2.9289126
45 40.008385 30.010193 73.56956 20.708889 31.189125 58.772785 98.04073 65.840645 9.235228 58.83258 22.159695 95.52424 61.09553
46 33.92065 52.513348 68.447136 97.47235 14.771956 74.6883 70.052986 8.27263 74.37347 99.0945 21.20641 80.90457 28.041553
47 36.984474 66.275314 11.567897 65.58706 1.2297332 34.269176 66.45763 12.021172 73.601326 70.59371 98.18587 65.09278 24.92894
48 84.02523 55.71141 28.150934 80.35332 44.552147 89.45376 87.67981 48.02035 92.715294 0.6700814 70.20538 55.388493 84.010315
49 2.0161152 23.533524 87.539406 35.857372 88.733376 74.42064 91.515854 76.72722 94.15624 17.33582 90.0918 13.428378 54.0768
50 37.045013 48.1529 43.562317 99.61808 87.993614 10.987377 95.05769 63.13662 74.10623 12.527573 86.88119 24.603075 48.446793
51 54.523277 76.931244 63.008785 89.536026 26.663626 11.256611 57.542072 92.91704 60.002007 68.670876 13.309395 27.265406 39.19788
52 26.185059 55.793495 54.99413 95.901955 62.144978 44.407387 70.50175 39.222324 88.2922 28.594267 4.116577 68.07507 20.983213
53 97.92847 17.12141 43.113594 91.380165 31.391382 40.288345 56.9283 69.50917 9.042758 3.9592385 34.70691 66.67316 23.107178
54 67.28391 73.25249 52.8714 84.286545 74.748955 4.190999 12.746734 14.942616 73.12873 62.69452 86.34458 13.532281 86.566154
55 91.745255 34.880405 56.998436 23.30265 94.82543 11.08914 30.208773 27.848274 18.209558 36.951534 67.294815 76.8987 44.33921
56 26.0988 99.98719 77.41344 76.97223 75.49298 6.6960754 68.87998 9.124285 71.63214 74.88652 68.37294 68.78051 55.16541
57 42.797638 62.61262 12.78134 98.11566 97.11552 33.429615 84.323105 17.64937 26.00832 66.01259 7.6185045 66.32203 74.956474
58 98.777054 78.20334 51.84107 21.861685 21.92973 28.23674 89.56892 81.60939 62.662323 32.316387 32.239532 5.016148 28.802336
59 45.525444 46.74995 47.153294 41.64744 76.66332 74.54204 22.454178 21.150572 36.22015 66.20087 23.645014 92.702576 21.279377
60 82.71832 76.066666 41.137558 14.131439 4.72039 3.8637578 22.486502 54.223316 50.213177 58.10957 62.211872 65.73602 23.506546
61 65.32315 76.5176 77.469406 69.430824 96.9454 83.75532 95.02809 93.33586 92.91078 60.411324 85.0628 98.28348 35.0331
62 1.6952455 10.361105 45.004036 5.8785496 82.95763 36.043995 30.340296 66.305695 74.20048 79.466995 17.863083 77.89521 26.534641
63 38.41734 15.991849 5.8755636 43.86548 37.92212 49.231678 92.48621 44.20243 39.833004 86.049324 51.43339 48.197113 61.036034
64 90.521286 20.423615 54.793346 15.6717415 36.326263 22.757309 48.75397 99.4714 32.112675 40.49276 57.413216 55.86588 42.00481
65 33.42467 35.947884 34.86023 68.333275 50.550205 14.990128 78.05973 83.96724 57.11962 21.30295 33.263798 36.3277 31.900919
66 62.855404 36.60719 85.77743 99.855484 11.877012 61.530495 18.179815 36.76099 82.813835 54.423557 79.625946 78.98164 72.586136
67 84.43801 4.3362856 65.935356 45.758015 77.853546 42.30616 40.02054 21.332502 78.96324 78.19807 91.8283 66.60427 43.48651
68 68.16783 13.180971 69.121414 86.10526 96.68741 60.517914 34.175255 50.244965 74.99855 22.819965 12.763226 70.39397 9.664619
69 75.86374 75.62698 50.091465 70.912155 15.175926 11.291194 72.54864 82.26012 28.480387 90.115875 6.343931 45.577305 62.371815
70 28.88642 21.708138 58.503735 82.89786 39.623653 19.858677 87.498276 33.987797 6.886059 20.236158 32.074623 77.343 16.20608
71 90.23516 70.56385 1.4285207 35.361393 26.312178 70.56153 22.314436 14.403796 61.715855 97.709175 54.86109 30.7873 37.350643
72 73.31465 6.486684 25.15139 1.5992641 37.28944 67.67546 90.48486 20.748049 29.786592 31.46773 33.243336 72.75365 38.642838
73 39.219887 86.80407 47.539616 85.201515 0.54718256 44.26329 91.2134 67.32457 82.98968 84.4237 59.254204 13.457727 80.81066
74 88.85565 4.8597994 57.622242 4.4984937 12.680578 38.58823 43.36069 42.859394 52.316154 89.8321 40.217113 30.736977 1.5006304
75 60.476315 83.59948 57.8621 55.70079 37.584824 66.23443 11.4244995 94.28922 71.718475 44.321434 97.779686 71.000114 97.401215
76 15.430027 11.18545 84.04856 84.5307 58.72599 41.341423 87.39846 46.69268 45.88939 51.332314 80.025 72.21769 66.790054
77 35.71466 58.23556 84.55845 15.369058 40.113586 1.3491273 23.623735 35.05387 1.7984092 49.01036 82.84924 80.28934 51.085358
78 11.417067 47.09957 51.337505 99.684265 75.61475 83.37319 57.39121 70.69109 52.17105 14.430231 51.324677 90.06664 68.957535
79 99.90192 15.198988 38.185066 10.972905 0.5007744 5.141926 37.247437 27.236324 69.27908 47.684555 43.71054 54.42405 5.434018
80 16.377634 99.86848 20.33838 97.20341 70.90753 33.644707 93.27078 42.516212 63.42671 46.618523 92.19818 61.152355 74.90998
81 96.24798 0.44380426 37.43378 43.613235 15.899813 66.41293 65.43282 57.772846 65.20629 90.31615 12.176228 64.23478 10.80237
82 98.01451 91.48893 66.49552 83.830574 81.42366 20.417315 61.48836 83.72267 30.01895 50.367207 70.23861 18.478561 7.177573
83 60.268723 18.17968 18.576431 7.2224913 23.63364 95.473946 96.18958 9.508676 15.007329 94.183426 62.793766 71.685616 74.05663
84 59.714966 68.5743 48.91783 62.709393 79.81402 96.14788 14.44428 18.01455 50.75413 71.67646 91.0677 51.68187 31.582397
85 48.95724 86.21027 77.855995 11.713332 59.825027 84.8358 60.163162 52.2561 98.31392 76.17 74.33546 8.716923 40.420635
86 29.658968 45.97259 32.70607 77.72955 52.464043 76.766594 77.625946 26.151133 41.034733 44.619995 81.71512 32.95334 20.527245
87 1.6798556 69.02611 51.306683 62.204987 92.843834 31.73942 44.7048 96.19169 39.540718 36.54087 69.66579 37.33265 38.628143
88 23.555733 17.677593 9.302843 93.479385 42.54504 62.849342 56.892258 48.455864 40.793514 4.4084787 50.57157 34.002216 87.48298
89 40.090527 9.530294 37.888016 86.54252 92.46932 49.4824 9.299845 4.2496624 3.0442715 26.311499 32.515156 68.54271 33.927876
90 24.301254 2.0362914 97.47159 82.560715 83.05247 12.909764 86.90503 37.136627 76.57329 90.39805 49.028458 28.272802 34.353912
91 9.415025 98.87768 72.64721 11.974305 53.701633 55.785446 46.399124 88.97824 90.43769 68.86402 67.41109 56.97674 61.002506
92 13.2599945 36.33874 0.3792405 31.369638 98.71497 74.41561 6.5140305 94.91797 9.825492 72.43554 38.475704 60.34469 73.25945
93 8.517742 81.674614 92.27107 50.058704 13.715446 29.171164 51.744587 49.103695 33.47609 98.4297 28.182125 82.96624 1.4507234
94 96.65689 78.69967 60.920948 70.0451 48.49647 30.878836 71.079475 22.081137 20.195633 41.787086 18.769884 70.48362 71.66093
95 90.765915 99.786285 71.32273 21.868504 62.711346 22.421324 70.943306 55.232643 19.18913 92.77169 54.22073 34.677876 68.958984
96 24.23929 89.94048 30.775768 19.848686 69.068565 95.45372 61.434017 98.25125 30.853771 88.478676 50.858837 58.96102 49.973423
97 14.372235 24.013556 20.075638 45.679157 45.376923 19.28823 59.037918 99.96108 40.055477 19.862879 5.659252 19.27337 29.972565
98 17.13792 95.54621 64.73626 3.0958414 48.029865 77.45387 92.59961 73.60533 13.860822 45.730824 51.68853 42.871605 40.54234
99 34.53475 89.443504 51.152843 77.8646 24.528664 83.27152 11.743861 36.612015 81.27211 38.5553 84.37602 4.157668 43.770164
