250
21
0 82.29077 11.054956 11.695778 70.7951 61.50778 85.0528 48.827847 27.744043 88.76211 78.32045 72.52762 15.092587 67.65272 98.837204 80.49132 75.18073 25.18611 57.211346 11.736399 34.52012 83.73121
1 31.56867 36.773155 31.515139 47.06282 23.79411 27.943087 47.044193 40.09636 59.911644 1.5876651 60.538143 36.250137 12.487364 21.868551 44.53016 95.095375 71.01973 5.883437 41.985275 12.260705 92.20341
2 21.309067 53.694206 63.700455 93.39435 47.8144 53.591103 56.731075 35.051582 10.144931 74.29811 94.06698 79.68784 38.86914 85.09374 16.886442 32.03766 80.64771 61.74072 35.234676 6.676263 46.44506
3 9.399962 34.390778 41.93169 37.824734 3.7195325 83.81692 72.177734 39.3889 13.953638 79.663506 81.84021 72.13669 38.780457 45.27661 23.8684 7.185507 38.807045 58.56036 81.00668 82.647224 78.3432
4 96.266624 50.748283 15.761578 76.97674 98.257286 22.977644 76.51078 23.184418 88.51608 4.435545 83.28168 67.37269 12.242973 95.510086 92.677795 10.380149 91.8731 94.51821 7.8485546 50.92142 90.51662
5 52.459 97.79385 87.35368 34.368385 19.868338 55.680305 66.46089 60.40429 67.372246 80.49221 85.944496 60.542915 56.12415 23.121798 34.566902 15.848404 24.633186 26.626694 61.308456 95.7869 18.471836
6 18.758207 14.677847 18.591381 50.729866 92.46452 67.97899 74.06618 58.40912 72.93332 23.71673 33.365906 35.59268 5.456507 68.56346 59.165894 33.348595 71.13584 72.866234 71.020584 31.930912 12.924462
7 9.3185425 65.46071 8.719808 25.001686 13.234788 78.451324 49.11166 67.85356 51.242863 63.223904 13.6545 40.090706 80.858665 32.274967 77.363014 87.94979 15.344829 35.61746 73.390495 13.131226 96.8169
8 64.373344 87.946686 49.22064 86.38784 39.758595 84.2054 93.08618 9.193272 71.75209 55.43343 78.559296 20.685059 12.637323 79.99193 70.17947 60.201145 40.600212 39.328045 91.160995 20.409847 54.163467
9 63.51273 14.931572 23.994505 45.002563 44.02883 78.072044 69.40809 14.250469 39.92317 75.28857 88.520004 64.44899 48.469913 86.77035 73.64279 8.597267 95.326195 54.08873 48.222424 1.1001587 59.782852
10 53.398525 13.170934 88.70841 8.924657 31.396187 33.497505 67.71163 98.92743 39.11854 91.94724 95.69647 73.76162 66.641174 27.493483 60.18402 70.479706 95.02932 66.768875 34.53968 28.090471 14.041644
11 11.194456 24.898518 3.6287963 30.1866 47.319687 15.721745 67.09221 11.441112 33.675957 80.31361 76.921875 85.48684 85.54223 24.559605 12.95802 57.482765 26.00488 54.739952 55.410606 22.524654 14.460123
12 95.028755 70.28121 74.950066 64.4632 57.777035 75.59001 21.00594 54.093014 84.524895 83.25322 69.13918 41.606815 11.586475 10.884428 40.896523 75.25097 68.75416 41.33416 29.288757 22.127777 29.993366
13 38.423283 46.208786 0.7644057 1.8236339 50.869358 88.3777 44.570576 48.34835 6.4628243 6.1763945 28.100508 15.60722 1.5488327 52.01183 79.659615 75.149574 71.048096 86.53985 77.3364 64.591255 8.657688
14 30.6553 71.32763 57.61509 30.372911 18.76341 4.103941 57.65785 4.741043 61.123043 67.491356 27.71269 35.783543 88.22641 68.39059 56.6432 87.607925 83.035416 94.20315 22.595465 99.48563 13.779676
15 16.97519 63.011543 5.524391 43.846584 39.013966 53.957905 50.75146 0.5304992 19.797266 58.61486 74.996796 42.09318 87.21546 34.518738 14.788734 35.317295 98.70262 14.261925 81.722084 82.6701 98.08575
16 56.653053 1.4194846 60.057503 0.77800155 30.69939 11.082625 10.225177 17.345459 58.13768 94.33184 2.0001948 97.8817 30.611532 90.98894 7.175076 96.737915 3.0403078 25.90499 61.887466 38.99674 77.37406
17 6.924367 91.37934 31.979042 51.974022 7.471359 61.126167 42.67782 56.551395 66.721794 25.17022 36.279785 95.25559 60.368164 27.29444 93.132576 19.505756 50.902836 52.22069 38.22589 74.94699 59.24372
18 53.65495 95.37239 54.990112 83.33626 11.643415 30.006784 27.32634 55.82236 2.8195858 52.387436 24.226273 96.52259 39.74847 94.81748 36.02549 98.69487 37.30781 50.44525 67.722984 45.988167 59.04792
19 10.714352 97.888275 2.6897728 50.46372 77.38157 67.96799 49.072384 71.3803 62.28766 68.54456 49.99414 40.04438 53.14666 31.131893 84.81763 17.438429 91.22088 72.76179 24.430578 13.764787 21.890211
20 33.05055 93.72246 38.51901 82.1387 35.826927 90.16077 41.182274 40.511833 60.00651 58.794 77.97259 11.102796 16.528595 26.57376 69.52606 99.87438 63.209255 32.63665 89.6178 80.69626 99.74985
21 22.230965 2.42517 31.77129 37.377434 99.239716 78.29365 27.84497 37.249207 12.477589 99.960526 87.25902 28.45567 23.677534 83.75924 18.355925 8.89839 17.693913 96.064964 20.110058 73.25197 48.1113
22 33.309807 35.60948 13.461966 2.1480083 45.01717 72.91152 74.66114 38.28277 30.763895 29.925024 87.94536 27.02456 2.6236176 42.728878 20.143063 71.11553 19.885916 19.82593 97.60411 15.443039 19.654835
23 98.27391 58.253895 81.09064 58.844055 26.762283 34.898716 82.14156 75.20035 31.16054 58.282135 50.738895 68.96322 80.80644 14.995688 5.9911847 5.82909 50.101627 91.420204 38.89301 75.818275 56.418854
24 57.85706 39.618366 92.78971 68.79446 88.406334 89.2686 43.6226 84.5884 2.5267541 57.152206 53.95801 95.76216 48.200382 51.493816 14.902365 40.48362 7.9137683 38.475555 49.83632 7.562661 95.0109
25 76.883064 6.607133 24.208164 56.18859 76.34816 53.63221 75.54665 6.8701687 22.051197 81.09233 36.336006 89.850426 71.382675 54.291733 20.740211 67.95719 4.8901978 5.8194637 99.60871 81.58957 49.092983
26 58.334946 91.447495 28.998137 9.481353 39.1551 93.50935 57.260258 93.097565 31.439144 93.81334 95.32715 29.191416 31.309658 49.38454 66.59623 39.048637 73.93788 56.85519 0.56975484 70.50235 9.242439
27 0.36805272 23.742039 14.971429 55.751568 80.36827 65.41463 14.0497265 22.269165 92.5668 20.240223 45.436035 45.73803 96.627464 85.5687 43.89592 61.14384 41.801487 46.805214 59.347588 58.049046 74.95393
28 40.744328 11.239773 27.546507 63.651855 47.031784 54.128807 3.8016737 11.983883 67.40612 94.56538 23.193943 13.63796 66.12687 72.68228 80.2206 79.87171 92.00904 54.658203 48.20033 49.076347 50.82029
29 43.758053 51.38072 49.67895 78.588356 59.967865 46.850098 64.481735 2.8010547 21.215439 74.77644 67.84526 4.8155727 75.47226 15.605408 58.341988 87.34256 33.15621 6.167239 39.90699 44.013893 66.498924
30 92.955734 60.676266 51.22121 18.019653 71.49624 67.523636 97.13026 67.88491 83.62729 87.99301 9.599554 81.46816 29.151737 92.39176 88.29003 8.407622 30.705166 95.096794 20.23629 55.255455 58.438786
31 23.770756 10.314507 60.594494 38.38115 61.649693 75.20206 77.25768 0.85082054 65.11407 82.45994 6.820345 65.32542 85.47541 5.2211466 40.460987 49.579067 9.69438 61.641068 74.02712 54.09047 54.300755
32 9.825933 77.93741 29.669868 45.130394 30.530804 91.451256 35.490692 32.961716 97.70187 60.704273 36.33799 92.36773 71.18166 68.419876 48.561264 34.058018 45.917725 85.85042 2.1663547 5.93577 21.193583
33 72.577805 46.48518 36.622196 64.17672 23.42611 45.270634 79.196846 0.95650554 12.832999 16.787333 79.576324 80.79102 72.33147 9.979397 30.823893 95.12503 95.859085 30.129755 84.581436 50.773144 47.80178
34 49.178566 96.88681 69.23651 30.169083 46.2023 56.341827 23.254364 86.0762 13.191235 16.697771 3.262633 97.575485 47.488205 67.50834 95.381714 5.449706 3.911841 79.95998 27.888638 98.27758 42.093998
35 60.03188 22.911293 7.146311 24.886168 97.78384 56.44309 2.867496 75.36866 85.15038 53.907413 34.31512 8.12633 70.77938 15.655118 12.222552 16.69677 60.14949 1.2730718 32.938725 26.67268 53.702843
36 91.7949 34.551956 42.63577 41.61917 72.27902 74.55694 8.261996 58.03031 25.257105 37.79191 20.47748 2.135688 28.824879 7.447177 49.93427 91.35049 6.275785 25.09383 7.34933 50.130253 60.85718
37 0.26590824 96.00773 5.6133327 47.21344 11.326236 19.13066 51.16266 17.185873 30.144018 82.57472 15.041023 32.745422 49.311604 90.744934 92.90047 52.88171 45.84219 70.518425 48.901756 78.26515 65.94529
38 44.798546 85.81102 20.503998 5.8105707 86.02334 24.366974 58.964317 20.394432 9.072292 6.9058776 53.598965 50.860493 62.64981 60.316776 7.2962227 89.25038 75.03162 74.83418 65.225945 21.644068 32.265835
39 4.2279243 14.909244 16.80925 69.30687 91.203384 11.709613 72.25089 43.476784 11.173355 16.641409 42.580658 18.005175 95.21306 52.383022 62.969376 95.666504 96.481735 78.79596 32.675797 19.750357 56.519253
40 69.77774 37.623413 64.36081 81.749954 61.671555 96.90149 7.5077353 74.70414 1.5335143 3.883499 59.3472 67.67115 77.19988 69.18788 71.535805 62.80754 75.24162 38.564564 0.83197355 96.53529 16.547203
41 65.403076 36.216694 67.08408 30.502146 34.161163 20.888943 12.278956 79.66525 9.65885 32.052822 15.481668 58.667057 87.73392 97.5514 86.605255 99.031 37.887352 80.77701 93.29403 90.05732 8.749408
42 7.121545 55.96487 13.193417 45.769478 16.308617 16.0222 10.883612 88.58887 36.619614 6.082988 12.249554 47.021378 97.19849 6.686634 97.66667 31.17954 32.767075 48.237206 47.000946 47.596367 27.240425
43 87.66395 15.644717 91.56566 76.49647 54.635406 66.29542 21.53527 90.08731 65.57905 39.471714 7.2243156 62.702663 59.012497 22.938126 94.998985 20.995008 21.8656 19.45191 35.54488 33.798252 82.95925
44 67.559746 6.4428988 84.22736 21.314896 34.62197 30.128712 62.608345 18.516182 31.958462 12.943488 98.1908 16.264862 45.184124 98.42947 5.237651 83.20969 88.68635 55.363346 52.027122 55.03847 81.10946
45 83.74225 47.76552 64.977486 62.02985 78.341415 87.17835 99.82241 81.17247 5.6634245 51.972115 91.3247 57.037605 25.021368 75.34755 21.384155 27.243996 74.88108 64.771675 89.57159 67.87804 90.9814
46 10.314667 65.857605 2.361238 70.519295 93.626366 53.19837 24.563068 27.004921 45.2268 82.284256 37.910015 31.247938 65.93701 93.06226 37.95293 26.13206 49.26713 58.67927 5.1956534 64.9826 84.254524
47 31.656147 6.961262 16.857899 28.017252 39.09843 49.745483 26.238043 61.128544 93.59808 59.008484 11.39409 50.362545 84.51446 62.877155 45.06127 67.50758 56.185234 5.025238 25.58617 51.450493 96.26767
48 34.38359 16.959154 56.827354 50.11529 3.686738 95.37983 35.99701 42.438526 32.626606 79.34834 33.271893 42.37324 46.062714 63.65512 89.14595 14.69618 13.8977585 6.7938623 17.164623 90.80048 91.49657
49 0.7982731 13.122171 96.00952 71.59631 54.66584 23.04411 33.008213 8.281189 52.55674 47.078693 38.064068 97.59072 68.83217 6.7020297 61.066246 98.57791 79.52376 94.82355 31.310034 43.07127 57.618183
50 56.30843 37.793148 16.028864 64.02443 80.52219 0.27415156 34.268143 91.50269 99.72214 30.492895 16.641993 12.226409 76.00649 72.09964 19.60035 55.883087 75.181595 73.62817 18.781836 71.97361 94.9814
51 47.23584 99.137535 32.730324 65.79446 23.189318 86.478165 20.142525 29.205507 47.781094 14.698058 28.06812 29.591381 32.413395 91.76828 47.24635 9.632122 31.18937 59.47302 93.94873 66.38275 61.0262
52 56.41806 81.56288 11.532354 34.883343 99.75751 15.961146 50.25412 28.325779 21.120226 50.238003 86.78194 60.773422 88.18659 50.29571 22.259224 34.19465 41.14769 70.61727 98.77883 17.764532 87.81511
53 98.00258 81.71694 1.5228391 61.44352 1.4840662 55.868584 15.0392475 19.44651 98.319466 36.491184 38.543438 81.25793 60.93326 87.689674 39.238052 90.80778 7.8077674 72.73038 80.22661 78.69667 35.285442
54 85.511314 54.61449 65.4834 7.524061 82.765945 44.147873 28.924292 61.74736 32.42119 36.824905 81.963165 46.567535 46.216793 28.140759 16.269117 66.45002 82.13081 88.21978 38.724762 87.08208 93.81935
55 84.563515 10.106432 79.04671 6.2014103 85.335304 19.963562 63.154984 96.10055 29.154194 47.149574 25.228977 18.65335 77.74123 48.398476 4.0426435 9.733784 81.21783 38.658016 19.319391 4.207194 91.48282
56 16.524124 0.7667601 83.265236 86.28404 0.07516742 40.52567 21.814823 90.061935 65.74589 14.362949 70.87117 42.3929 82.73767 78.49153 28.674042 11.234104 54.02603 33.926876 27.903784 36.811363 72.5518
57 76.45546 71.58026 28.855728 76.985176 93.09136 65.20655 1.2523293 8.91152 83.62929 22.254204 85.59735 84.84518 44.681156 20.526999 10.562545 68.63658 52.33438 91.194405 4.546106 68.16554 75.03031
58 64.828026 82.365486 54.33808 79.983826 40.6387 15.552515 69.017075 11.810547 98.896225 83.28962 24.372738 1.1749983 31.379026 25.633604 11.05296 42.206985 11.368471 11.182112 2.4259686 80.957504 80.458824
59 21.826654 31.878561 11.891275 63.145615 2.102542 8.7678795 46.76739 77.19267 19.594734 44.188023 19.480032 35.134827 5.910611 62.3552 23.569244 3.4829378 60.217213 48.326893 56.030136 26.35979 84.906654
60 13.205946 4.423517 31.06826 16.555553 68.25646 64.61042 17.70053 16.2529 77.85262 96.99738 23.123926 88.16664 85.33697 11.102891 22.872448 20.798325 67.18373 35.462986 50.54437 53.943016 99.913155
61 64.12446 32.72666 98.44917 15.612083 36.77794 44.27314 3.291291 59.377174 79.324 21.55149 23.37203 43.26246 10.518461 44.20576 85.31723 53.200047 71.297226 24.777508 41.085564 8.7500515 2.2366285
62 72.47637 99.56781 90.36457 34.97576 16.336382 13.891906 39.12502 61.738712 54.34868 1.5877604 42.69869 47.58448 10.896134 81.11786 55.68725 79.73255 33.467476 11.880117 58.79997 42.12501 91.29337
63 36.280926 49.629665 28.967571 79.8867 97.81711 27.558077 93.83116 14.705568 74.56444 99.84692 79.29188 69.07533 44.630146 97.72365 2.1554887 82.45406 30.88085 66.75054 29.97676 18.012691 43.814384
64 40.53832 82.58464 67.80128 11.321508 40.56036 17.209423 0.51962733 5.1153603 76.132126 4.9439907 83.70315 18.936039 70.29589 9.830868 28.132416 41.72254 71.210785 27.840864 38.200516 88.553764 50.570423
65 2.196467 75.111275 87.37628 55.496876 82.508484 68.980804 74.75426 97.29441 49.462486 46.58557 78.80199 97.45541 53.55142 70.61415 82.113625 0.523448 67.65281 37.37296 77.217125 26.025373 88.95624
66 28.065401 87.49762 2.9405057 38.535683 5.6697965 8.61395 84.39572 47.219746 48.306675 80.4422 15.840405 17.641205 90.59547 74.10262 54.305233 55.560104 38.20215 39.55681 50.98897 42.67599 35.48323
67 18.8066 94.91227 9.9146185 11.309963 70.40499 16.357803 79.14234 39.84546 50.6342 98.97203 94.79121 18.843388 53.461617 96.48975 20.144867 52.10136 68.70707 80.87495 39.0289 90.75638 89.51557
68 14.128989 78.16842 32.44024 95.30867 76.041466 52.13587 41.765984 84.28104 48.75346 68.03694 60.603703 4.9225388 49.23508 5.111885 44.096954 84.00039 69.77649 82.313545 36.905247 9.262448 80.546364
69 29.525316 93.831566 59.465958 27.438152 3.0780792 26.465923 88.153404 22.117662 9.103173 0.9701133 37.157623 32.785946 77.31899 26.429785 52.704517 96.11931 29.205822 14.655315 93.087616 49.64817 7.102376
70 93.833145 89.42185 35.05447 31.296343 54.48677 57.46351 16.132444 70.23148 57.836704 61.7413 49.161484 91.87787 56.44865 26.424927 10.935503 92.286255 54.189873 38.918716 42.498676 8.36041 57.697212
71 40.878963 80.6296 36.73262 62.081604 81.29637 89.2382 27.93203 38.301735 71.85383 48.094357 66.21775 93.94241 35.671963 24.76164 99.74737 10.005551 46.8099 29.392279 55.217564 87.297226 84.828415
72 2.3419917 65.610085 92.1713 61.991722 96.639595 1.8791497 74.4291 51.239758 15.5123415 29.813744 43.297283 52.174126 37.803413 95.20113 60.398598 76.55028 88.66369 64.91917 22.839361 31.050188 80.85965
73 42.621048 22.874308 85.63138 93.98024 16.984474 42.545624 73.02813 69.37561 52.629406 58.26463 96.852425 61.512173 71.127304 29.108536 80.349075 99.33446 97.20603 37.801533 58.659 11.002159 26.287067
74 60.662193 68.20675 52.898174 49.67497 4.5117497 76.63391 49.02347 6.6682873 58.49956 4.945093 93.809204 5.000031 37.42144 44.92353 43.053722 6.5843287 12.357771 64.42898 21.260113 41.59392 32.875164
75 11.24382 5.2997947 25.284237 92.71664 83.32804 14.314294 76.38951 4.510331 85.637596 93.40607 98.83362 56.778652 67.32288 37.33983 98.222786 83.21346 49.736565 62.61904 77.23366 86.14619 57.137726
76 18.42239 38.50262 6.294709 35.488785 84.54843 26.700901 3.6842287 47.822865 57.352097 52.69344 21.15212 20.143944 81.35561 59.39344 4.654753 52.85489 67.53299 41.312443 92.85764 27.746374 11.017245
77 5.8576527 2.9315233 18.392395 7.0428905 34.94416 97.381516 36.467194 79.25292 49.082737 36.951508 22.418976 8.075171 4.200399 2.5823772 65.8145 46.77229 33.288723 2.0321786 38.525272 71.12281 32.604992
78 87.62514 58.09215 46.688416 45.43684 75.78115 4.7261477 50.519295 8.058029 28.149044 74.43505 26.260662 42.93933 81.54763 13.978577 21.329546 46.83544 79.2936 97.33061 79.5716 67.15931 91.212715
79 34.96052 84.08804 63.005222 21.599854 68.7433 43.309067 39.02929 3.0879855 79.19044 33.51028 35.692734 95.84005 95.79105 86.515755 80.480385 43.28999 53.71173 90.057625 6.8029823 41.988605 24.379492
80 36.985134 43.36261 29.680317 77.33578 69.11432 62.60871 74.83259 15.28182 51.924015 56.149734 6.30908 92.83207 41.539658 14.038974 74.13001 56.859398 58.568336 17.96056 3.2719731 77.47305 21.486866
81 92.55347 40.759434 13.949901 61.630272 79.29188 1.988852 39.98621 2.63443 21.16384 71.96451 43.407124 38.771122 49.346363 89.13451 93.23524 52.354397 3.463906 38.58229 3.3584476 22.735744 60.95223
82 63.799763 8.846683 64.846054 97.45648 5.054176 45.453083 99.351 5.8096113 21.933878 92.51811 68.89233 5.515301 19.053709 7.2061005 34.281654 25.161892 79.716805 66.88824 83.650276 16.996426 11.725384
83 15.000492 78.25403 3.9785624 13.232506 12.618995 16.765583 85.814 91.81394 67.39133 90.39875 70.34946 85.66216 97.73422 3.1054616 11.721438 87.37376 93.06332 62.430496 46.0284 5.1889 20.278978
84 89.532646 21.089428 87.28296 68.12484 22.574223 28.927792 6.903118 0.008058548 81.39745 10.648388 61.447205 33.378918 47.46326 13.853627 80.22034 81.08197 79.80383 25.96339 93.36327 73.793205 12.676745
85 73.884056 69.67099 49.642967 55.20884 95.33562 41.622448 9.59847 68.14958 31.532663 61.394386 27.663422 22.544325 29.375034 57.969223 1.2768507 33.38012 46.20095 30.266594 77.60314 5.8033347 26.664894
86 28.690851 89.15829 69.17679 32.412857 63.314754 41.182117 5.9125066 96.73932 73.39821 72.42552 97.62628 1.9374311 93.91791 39.9693 14.71591 23.021048 30.669086 82.03517 10.032738 92.14392 78.26716
87 85.50791 50.02448 40.41733 83.55963 17.394293 23.768192 2.7969897 20.65556 82.341995 21.939205 94.94745 29.650259 97.58896 23.291391 13.988018 7.390851 58.57876 79.03512 86.07649 80.07719 24.543392
88 48.03334 99.011566 40.471786 25.515556 24.496937 66.355446 79.91116 67.69528 70.41428 77.734604 71.64141 50.379974 36.926414 87.51873 78.27994 57.604767 40.948383 78.36927 25.02843 24.376022 78.29487
89 37.36585 40.791233 19.371819 64.208565 88.54807 62.310337 21.99899 22.393805 7.554829 89.0981 85.81869 9.365624 80.21405 88.17965 76.975975 91.14004 68.86068 72.85889 5.1010013 52.082 87.07639
90 15.867299 45.208668 43.22089 7.5030804 27.878834 97.74343 90.73187 98.24539 12.574947 85.73958 19.81876 93.8232 50.880836 24.05244 79.23594 7.1489573 22.890377 67.03226 15.533418 12.890249 26.137918
91 94.441185 71.24044 20.946169 24.608158 97.7508 9.124166 85.54441 72.10997 92.4081 75.93643 92.39152 5.8501363 88.743225 58.322994 47.933132 37.26283 82.74328 84.506744 83.46687 64.978004 76.078094
92 35.72376 37.77414 63.407494 45.993378 38.004482 8.08658 25.513094 73.75301 58.631187 56.378693 52.182823 14.297938 72.40826 29.794132 27.125813 79.088486 44.757725 36.894833 15.71492 83.41725 94.66585
93 9.607304 0.7301569 23.839802 7.7846823 51.28102 66.02174 41.103535 14.729345 9.031952 60.81612 49.70438 92.05858 31.196165 99.39157 82.92456 82.901146 53.75289 51.37571 88.17155 34.07205 61.293167
94 61.749077 83.23069 59.251774 54.623455 63.125683 41.556038 29.88277 27.328592 38.93308 51.163536 72.43676 64.31386 99.20299 94.576294 82.252846 66.05196 1.8449008 29.436111 8.9312315 20.34154 4.1065335
95 33.982998 99.04484 69.01404 50.586754 87.071846 10.5173 88.19506 86.38129 17.512905 15.289575 38.234024 43.99446 16.371464 47.800793 71.87642 59.38883 12.837458 15.34487 78.09172 71.37918 69.08403
96 80.60013 3.4247816 96.48071 22.195393 38.693142 34.86101 21.827816 57.0903 12.241751 57.84821 46.9889 19.0428 63.17969 62.97735 33.07192 98.863716 94.112686 65.37785 87.67007 49.323933 72.87256
97 5.432254 56.720345 14.556247 39.262527 9.072703 90.58835 91.86036 34.22858 24.613798 59.560646 59.763535 59.41314 2.541089 72.89351 29.875677 23.879301 9.462958 91.66963 40.855503 48.426254 39.90842
98 56.549652 58.817577 74.1041 14.991254 91.233696 73.21601 97.095055 98.14903 6.7915382 44.4085 27.937191 61.005974 63.264404 27.81682 39.06767 50.51312 36.934006 49.250656 24.858547 28.31521 64.80534
99 61.258423 95.77665 19.01821 64.132034 66.33084 70.14818 42.735405 52.761124 39.742107 9.439934 53.837795 75.78696 33.41483 76.23681 29.900211 2.139628 48.39488 27.515364 77.90798 19.516968 53.590733
100 2.7648985 57.17004 82.28392 23.950695 29.432022 76.18644 60.957527 14.115399 63.566196 52.867527 86.580185 60.99863 66.98822 40.736145 63.130276 78.23709 13.420385 7.6148806 47.163338 19.84052 23.497272
101 5.1695347 28.716326 22.812653 75.1738 17.724985 30.301964 7.4578166 83.5787 14.977378 12.292725 8.306521 18.705767 26.398731 0.42974353 12.1692 45.433765 83.87945 53.438484 97.15376 57.222134 54.90696
102 61.20014 47.267746 0.5107999 80.572716 3.5891771 81.488625 83.48649 92.98614 30.476826 99.258286 51.657124 75.11598 19.616783 41.88481 28.853523 35.352684 82.8321 82.27282 40.170723 49.67805 75.334114
103 35.02303 91.347626 9.541625 97.91089 71.82366 4.6063604 44.489967 98.47084 0.09610057 45.53408 39.201046 85.928 28.26125 99.75704 66.57997 75.140785 81.28124 16.55898 26.52456 22.601582 23.135345
104 62.92343 36.233276 76.41776 86.753815 73.48765 17.679941 14.985585 50.11568 26.399803 84.106895 52.359886 43.48638 72.9507 35.89256 36.949684 36.209732 40.047066 40.543163 7.6700983 61.471184 63.1105
105 28.268354 18.464767 68.72285 85.88923 77.86371 20.153082 91.024086 40.089703 74.49171 46.387516 18.737429 37.861557 76.28919 88.22653 42.472267 34.257454 48.20925 36.09782 72.8454 44.154747 84.61801
106 96.96735 38.797485 92.14798 5.211705 63.127663 81.44984 87.04108 37.910862 73.52107 88.701515 11.289793 96.4514 1.83056 94.15897 5.6347847 76.166084 62.1754 0.07955432 79.853004 68.48395 4.1756096
107 80.62755 50.730236 80.334 86.99631 2.0321965 70.775925 19.098372 65.91034 28.657728 77.67816 5.0068197 85.648125 7.3159337 40.911144 21.700823 69.62195 70.453735 73.20133 40.734066 91.86632 26.52681
108 89.73516 18.442608 64.63631 12.631374 55.117504 83.15143 16.024488 40.331234 39.29453 9.134251 42.22967 35.91565 80.129166 20.974564 23.334957 46.702637 7.3153677 30.662935 91.28774 86.416855 44.15547
109 80.39749 37.444527 26.392096 58.78212 29.931587 74.33237 1.9572556 62.12383 79.548546 3.5350978 11.755568 37.795086 82.263466 46.745914 4.127842 69.70432 53.39508 29.511202 1.5800416 1.1455297 96.767105
110 53.058727 39.586353 98.1622 6.8514943 86.45435 37.695248 97.800705 80.33209 73.32522 72.56513 35.319496 41.83333 90.24654 47.927265 64.37026 2.7270496 59.89916 14.63905 0.55873394 82.61358 5.113113
111 64.3448 35.62941 16.69675 0.3291428 27.51106 29.867756 93.075455 6.807822 45.768486 1.3029397 39.006527 65.630035 49.904865 88.1162 39.31945 18.260324 69.1581 75.56839 91.057365 54.84672 80.61108
112 0.07069111 1.5703797 83.72944 5.761993 84.11522 30.996244 26.611263 96.31559 19.096983 80.443794 78.852745 64.80785 15.101081 83.171936 16.305096 95.0456 33.06395 74.36915 63.455956 70.033005 24.97496
113 85.33726 73.472725 33.900948 40.6555 27.330559 71.58326 32.497543 37.890945 29.174541 18.293785 73.195335 18.113058 59.074127 98.93208 96.892494 28.315317 65.52191 8.2053 48.214237 36.372547 93.54421
114 91.72393 67.95037 30.433487 82.10367 26.176327 64.50301 81.62634 95.54924 63.01514 68.584496 75.09232 38.618996 50.672047 52.931087 78.531944 10.520971 62.549305 42.028297 15.267116 61.71878 44.004898
115 26.734901 14.605576 77.71932 4.475707 86.51522 64.42166 60.70133 0.5551398 54.324417 16.780346 53.348286 13.605738 2.9343963 38.633442 23.683405 29.253548 98.84503 36.674995 36.78665 85.35198 43.41688
116 62.985184 93.55384 5.7542744 78.31874 59.810646 40.500523 67.09223 71.95154 75.47767 3.1927764 18.885607 68.64537 65.829346 82.192924 59.423508 86.89953 37.597828 70.2403 53.252075 5.82695 31.709755
117 6.359172 4.6185074 9.670573 39.67976 13.124162 95.27102 43.48498 88.0415 61.65467 76.57 13.8439 71.32561 52.106815 23.462206 87.07271 9.611284 70.345535 11.605883 54.66119 12.406802 1.7880738
118 45.469124 57.14138 45.870335 26.600235 22.780693 60.088497 88.54517 44.80022 74.075714 30.601507 74.29378 51.494102 21.596611 61.53847 26.477497 0.3583789 92.39251 71.12719 90.20951 14.33661 30.580044
119 74.86395 39.33572 65.87951 44.421326 87.683655 30.365103 2.294749 7.737261 90.37835 69.62914 15.059519 1.3676584 53.615135 64.31772 83.27402 19.635265 94.42786 18.593771 81.598335 96.35533 77.81216
120 77.67376 60.631836 93.701866 24.435066 94.57783 44.188934 90.607895 44.184643 14.270985 62.53655 52.31138 54.353107 20.261456 55.436886 32.696526 25.998753 40.587444 43.64836 81.32027 18.113773 48.76248
121 25.052816 99.114334 37.593067 44.97788 2.2868872 13.939399 4.923022 52.05899 75.961044 59.22205 7.571101 86.77985 32.363297 17.177565 2.1513283 61.663437 40.89328 90.52042 44.77469 65.89791 36.093258
122 52.563316 19.0862 61.111908 56.587166 81.23954 21.174414 92.16599 20.870203 45.45 97.95856 52.58599 42.8852 96.39571 14.270645 95.60405 91.666756 37.931408 7.424325 45.86369 24.8304 50.751453
123 35.680454 33.62698 28.945297 19.24314 18.07692 46.79972 67.28067 27.524525 22.292894 19.329786 11.297173 24.497587 79.58609 54.66439 43.614876 5.2269163 81.7072 16.164595 1.8930376 67.697784 54.70289
124 12.924165 52.779293 6.674993 64.62529 18.641495 68.31539 28.198391 16.640251 96.42601 32.2237 63.99697 83.4522 66.126526 46.457405 41.12942 83.23303 59.451424 88.20253 1.37434 8.565015 17.37663
125 90.91057 51.771225 43.801033 13.73502 79.46701 73.28868 51.54281 47.14272 76.626976 81.46669 32.78297 53.296368 45.549988 60.20577 88.10737 12.988424 29.630142 18.37948 17.978937 93.81287 66.64618
126 15.913796 82.6063 80.41357 68.16191 90.254555 0.6333649 48.265053 78.516014 81.14279 50.577118 87.4377 29.89083 98.31016 69.61016 17.714983 42.892277 26.627583 36.26322 75.99053 45.67103 91.48781
127 12.556017 36.33197 91.54455 65.436485 87.90944 16.77246 95.82875 38.50969 63.21767 73.15896 20.456903 79.173454 85.24683 6.689799 51.06697 11.54052 55.973198 59.61679 9.5005455 35.57135 10.783779
128 23.53577 56.8168 29.723394 66.157104 81.37244 82.53356 36.029007 59.351974 81.27963 67.22778 23.45705 37.903416 45.951145 3.0357957 20.805443 48.81346 41.14275 72.977325 71.00445 40.000607 13.3515
129 21.187681 76.86906 28.916365 98.58203 95.69281 27.870285 44.646603 55.926155 49.727642 38.81033 84.99447 84.36706 41.01835 16.357792 94.01174 95.91998 47.9734 46.76145 98.53751 89.129326 12.221205
130 67.812645 5.1620126 54.311283 36.068398 26.926512 57.616264 45.07773 86.72139 13.284683 65.164566 32.980526 44.815212 90.111046 6.7283573 76.01634 49.0411 99.6856 85.0918 43.73517 30.38376 1.5499473
131 87.838005 57.366787 55.408985 67.99354 14.160061 92.34782 47.73269 61.367695 52.21471 11.588675 77.617546 67.653206 63.383503 23.519022 81.75833 49.165375 16.133064 1.2084424 36.720127 97.0426 51.89296
132 33.55483 80.98627 28.513718 92.57776 71.60788 90.76743 53.725372 68.46458 61.553246 25.04629 77.54188 55.805164 38.790344 85.02163 50.18019 35.82216 77.022484 84.22242 10.346561 85.94453 13.533985
133 7.9494 0.7964492 75.92194 92.10791 97.04544 80.6065 96.77913 2.6575863 21.783674 14.148033 0.69783926 39.98354 0.19606352 13.572252 71.4297 30.566185 52.556957 30.904728 94.63993 77.46765 93.9127
134 95.51148 17.869413 79.810104 31.247509 32.21337 13.098359 89.55123 15.648633 60.725266 9.031719 58.08208 75.042885 5.9785604 93.349434 96.2817 24.899124 55.41065 90.729576 60.894066 85.71359 99.19545
135 64.2301 88.3233 72.9197 24.930424 24.686325 14.116305 20.703077 3.3346415 44.541733 46.519596 42.482758 66.46071 83.68575 48.627846 61.77817 16.752047 40.44343 32.91207 94.870415 12.52247 31.180775
136 80.51909 65.94792 3.1941295 87.699844 75.92325 53.97715 62.563038 98.657295 44.603287 33.846462 18.691576 35.917767 10.791122 90.696785 59.538944 20.631706 56.435352 71.88934 10.482216 38.80061 77.84597
137 44.69396 16.361528 99.3677 58.60281 56.250618 1.0765076 96.96901 25.849337 35.211063 33.10193 49.22989 40.74496 29.071665 58.17675 98.04076 15.369058 67.73758 10.012174 14.048958 9.572994 70.30053
138 16.883636 12.432414 68.042755 39.16915 53.70439 59.95494 25.10484 92.17441 64.47159 32.73985 61.586666 80.509964 94.24006 20.842398 12.395352 97.5956 19.986893 89.57403 27.534998 53.22239 79.41669
139 13.963121 4.2334795 28.51507 41.02025 37.373466 68.949425 33.00385 89.199234 49.099224 69.59475 5.9256196 68.22823 79.983765 78.716835 73.07167 18.028795 26.35135 35.078533 29.180168 74.52548 97.68954
140 5.5575967 37.962288 5.6513014 54.78383 12.126279 59.08896 20.34238 44.903385 84.49551 38.402092 58.14405 27.000618 1.5080273 56.612534 28.940504 10.861153 21.294266 77.98295 89.97813 53.18299 58.38107
141 86.95601 86.50084 74.44233 96.244514 43.17625 35.239838 92.20178 66.16599 27.482992 40.547318 38.62876 31.689268 29.644983 21.544493 17.124165 85.55176 37.106194 17.241018 0.13465881 49.804325 99.86432
142 73.71103 17.767036 16.132885 54.6747 3.177935 95.385124 32.404472 9.736765 15.926159 73.905846 32.498158 94.366554 40.54592 65.290215 82.92483 25.18894 70.91167 29.330063 34.03171 97.20806 65.84402
143 98.155914 82.23099 73.66258 12.519079 59.14328 78.25386 79.58008 81.84013 42.592995 24.540031 39.963295 14.210534 50.538033 51.220203 91.934425 90.04057 30.429245 17.488987 21.106445 50.04532 10.732567
144 65.314255 63.931892 26.667685 13.400084 31.26561 0.60011744 47.076363 74.83859 64.7099 65.82685 38.989407 96.78719 85.72073 89.031044 58.471333 11.136299 61.846752 60.16144 10.817403 48.194077 71.510086
145 4.8701468 25.208086 11.564904 24.45259 52.69575 96.0878 70.292435 11.567455 37.090057 20.854223 11.193836 81.96366 76.988754 47.661446 52.642197 82.59004 39.487858 28.726 2.0219922 22.634865 63.157803
146 34.82823 59.583164 32.720642 55.531925 83.631584 93.65938 8.1985 48.083027 27.472538 68.71526 51.24022 62.102764 21.439236 26.277334 41.62131 81.68614 87.45464 47.629337 68.8385 50.6732 18.870628
147 59.670975 85.326294 71.90142 48.485638 45.31957 92.9089 35.274376 73.20536 46.35899 42.18703 89.56997 84.62084 79.103485 11.318064 88.01959 66.99208 46.353508 79.66848 23.726542 64.46959 17.894823
148 30.229425 55.008865 86.39757 56.564297 98.6801 37.611736 63.31681 98.31909 46.813656 98.112854 13.484621 8.758897 23.02301 26.230318 58.57442 61.431305 96.058304 41.43567 92.49524 36.5823 12.754589
149 17.389948 65.32842 64.68976 52.392334 75.181625 78.12543 24.346537 85.36043 89.8928 78.219894 6.359309 11.470598 84.202126 9.813345 28.133028 62.31469 4.9158154 73.496216 97.66223 25.216883 23.674334
150 20.2224 3.207153 45.426376 59.60369 90.79094 31.76403 14.103222 60.1642 78.38643 80.826744 67.310776 75.511826 58.03892 28.076447 34.647076 32.75231 88.393776 12.233233 53.391163 28.774952 44.905617
151 75.37904 37.23678 65.9515 13.022757 37.946224 79.027794 13.740319 30.207235 57.905685 9.64973 83.82129 68.4007 46.439064 4.687226 7.292467 47.021175 24.811422 65.006516 32.984734 40.544247 57.855415
152 24.506754 67.2103 25.533598 55.329998 99.40822 21.179258 7.5484695 5.633557 69.17481 54.634933 88.143936 79.45174 14.133054 17.523586 12.227821 91.737236 62.7399 18.090517 63.943535 37.095978 70.02213
153 40.85897 19.171852 59.649025 44.776756 14.488191 80.40848 97.52191 17.563593 83.32334 7.463789 63.36403 34.28015 71.15693 58.99415 15.116054 25.187576 77.74316 95.72045 10.328955 29.722803 12.182927
154 88.291885 67.71423 10.414028 19.478184 69.6469 21.603483 10.905552 82.20282 73.50553 9.260446 63.74883 96.030495 83.959404 83.477936 32.54425 1.2841046 64.228645 69.87448 43.6028 61.029465 40.315693
155 61.363346 76.97919 75.639465 43.850494 53.294777 12.012041 13.130653 0.8012414 8.9769 63.959377 70.660034 23.391747 14.182395 75.566986 4.916942 82.55579 33.67796 99.14534 25.115711 20.16849 45.916676
156 93.71137 12.066293 93.28447 72.26673 79.79046 48.35936 17.405712 73.2826 17.451303 38.85116 9.682661 90.639755 66.00245 95.98437 94.769165 23.844307 25.51849 22.460365 71.214516 45.403446 69.052795
157 63.624023 91.757126 46.81906 32.16063 25.685137 60.219585 35.87886 4.393464 73.44377 15.9912405 58.91003 50.985806 75.18668 65.98262 30.888016 6.356585 53.366325 36.66829 22.826267 12.666684 10.863418
158 85.18646 76.29395 3.9542973 25.18239 9.782368 6.1123667 50.814224 60.761982 94.07837 76.473976 12.762112 24.43825 66.199646 25.430191 89.959465 45.52661 38.71496 95.737366 6.5609336 72.35486 56.265522
159 54.57927 92.33595 46.55754 28.811432 44.15592 94.228905 8.021092 85.34659 63.312214 46.034122 42.849655 88.0057 96.357796 42.315865 67.71732 93.55762 58.395958 6.103057 32.908527 8.758158 41.54206
160 51.799606 67.463646 29.896254 18.389107 32.303802 10.191756 83.64322 78.30348 18.714434 4.750413 46.105927 49.25034 2.4723172 53.199142 36.448658 48.813946 82.65899 45.896976 88.810005 39.162193 18.829208
161 24.636292 56.284077 53.48921 94.63174 6.5978584 99.80799 57.849205 66.07708 48.001747 45.80997 99.47642 16.208876 64.95387 43.89713 28.188848 24.755388 44.4987 30.733973 14.130079 95.77075 68.64889
162 71.18052 96.05829 91.076645 68.34807 41.88101 98.10105 54.299576 10.921288 86.54541 38.129414 5.3464174 74.38049 73.42938 1.7453015 53.21219 53.59258 42.84308 76.719315 45.07395 88.21059 41.314762
163 83.26604 9.758436 69.653595 96.27428 15.822679 96.00867 26.34759 14.339352 47.335033 71.70687 62.772263 62.58204 73.097244 74.59203 31.272293 67.1836 68.895805 62.35608 96.575134 90.87601 58.843082
164 38.69313 44.810986 9.303069 78.43352 59.351097 32.66806 28.260494 44.910667 89.99994 42.062843 76.60306 22.20338 76.3511 33.09985 82.91072 73.99269 41.067635 87.687996 33.818905 13.741457 75.2857
165 30.33576 5.839741 82.89864 92.778786 56.539364 24.689966 61.438663 48.753674 5.7963667 2.3208022 52.181126 43.849354 81.42206 24.300426 91.04098 77.05945 46.630108 52.777992 48.87703 33.01846 52.189888
166 93.370316 81.64575 82.44885 69.62657 69.93026 99.14657 96.68839 92.43942 7.8151283 99.0961 74.29735 11.040616 44.071857 13.237423 10.035753 82.7377 38.552742 41.6324 3.3200443 81.58569 31.594765
167 86.47095 67.99304 82.62061 86.321434 9.241951 20.314497 76.96811 23.206312 16.841871 54.004333 27.524567 34.182938 70.35478 65.51343 16.072262 87.767944 12.342435 39.087234 41.365005 66.41959 27.365858
168 98.316154 51.27 25.278711 9.266454 51.487427 10.65107 16.694963 75.92065 13.983768 58.315826 78.24956 86.51839 58.091007 11.826444 50.632183 11.983371 83.82455 66.90254 44.562523 40.346855 2.763629
169 69.95219 58.37481 65.41401 98.46247 37.190712 6.8811417 78.94185 53.914406 53.89826 31.229704 29.112398 89.97321 22.488094 43.776386 6.979084 23.836576 80.886116 23.151976 8.744537 57.988262 83.743866
170 15.954894 96.46477 35.755547 11.52553 52.61699 39.648575 27.309305 37.63557 27.324087 82.12841 31.019121 65.41464 83.33462 4.7246337 20.141346 26.764935 45.10119 77.13095 28.4935 76.923004 33.296085
171 39.944935 34.74462 97.84221 25.771124 77.999756 70.98252 40.953053 0.8039832 32.577534 84.12145 61.726727 34.420567 16.47207 19.36655 69.27653 63.42106 1.299119 63.295944 87.804756 63.823486 20.322454
172 84.161415 89.46769 1.183635 97.079346 81.810585 54.42414 56.625717 65.269646 16.326464 70.50638 18.960608 79.051094 19.255293 36.968166 9.074241 35.702793 14.405066 51.799496 94.499214 0.53830147 35.960968
173 65.639725 87.95906 63.236267 43.459408 85.67038 58.483826 86.994705 98.43074 26.139986 23.78354 78.9972 2.7656496 77.2913 20.844238 99.81429 59.648888 8.163929 52.651608 98.06906 23.864204 20.585043
174 93.58501 57.80593 68.09842 28.99862 66.957756 52.65932 28.31403 83.797386 24.56771 31.581778 66.13502 72.498276 0.6887555 4.3287096 25.378387 94.24298 48.96291 35.19126 78.30632 87.32337 18.993265
175 95.01415 83.873856 8.153129 85.49901 14.039242 83.27186 82.56949 3.6485076 41.59694 69.54288 28.604395 53.170185 68.45906 9.170544 43.77469 26.150585 39.412247 99.5644 52.18305 60.725773 58.268333
176 91.59891 67.78272 78.37788 16.365725 29.195732 83.341095 26.048672 5.2171707 85.80457 81.05244 87.12443 71.21719 52.042927 54.32523 15.440446 47.44574 30.266249 62.74206 73.27305 37.11133 65.08573
177 28.111017 53.866028 2.899921 17.522287 41.26059 28.97538 34.579456 22.33712 41.950405 46.37097 67.11104 39.92709 70.96632 76.92893 17.00626 76.89633 69.94129 68.16944 4.827535 42.955196 24.306286
178 44.6887 65.94975 90.15822 44.453716 26.311367 94.693504 36.73994 53.928406 33.92366 63.7223 69.07064 78.29821 69.372 51.50116 87.72468 89.16144 89.626015 56.28504 77.58551 72.197266 23.267818
179 81.50112 36.62099 31.74625 77.503845 20.77772 56.82807 75.422 61.08733 22.836655 66.30977 6.8150225 59.135418 68.90021 80.01277 91.38168 72.735825 85.374886 73.88746 6.8534613 13.935971 49.881817
180 62.76322 84.50464 86.22821 32.04014 84.75109 38.744183 94.58565 64.91874 47.247303 49.924763 6.6240907 37.211464 83.4323 46.97789 18.289734 68.72987 79.41773 53.28881 80.88465 16.828596 25.83161
181 39.732204 90.090004 13.27529 2.6521623 34.425224 67.34078 49.557465 40.57115 88.75612 26.418888 83.70172 98.21559 95.66612 86.99722 98.69855 23.37485 8.861631 97.18548 87.22345 13.222277 63.289936
182 60.557724 0.4782915 77.70198 48.312115 32.90523 81.91693 30.152618 18.852747 89.841064 5.945903 57.301117 37.510456 49.732983 74.301704 48.484962 46.10249 25.168282 50.904816 21.918034 50.128098 29.731297
183 72.09987 68.63075 28.720533 71.33643 81.14021 26.082438 28.179657 56.30403 51.710846 91.115585 64.3114 23.954361 78.66096 22.714912 10.535747 45.44753 88.707695 69.82768 30.86179 95.201195 18.756378
184 78.23679 82.980194 32.319653 4.0558157 87.158875 53.31601 83.47835 37.375305 63.932144 37.15596 69.59935 98.77436 50.992573 69.96583 64.96106 3.6669314 9.502304 85.60746 69.20718 85.405205 48.74664
185 91.02819 36.715515 73.479866 79.07009 30.615145 72.17997 75.923904 32.05837 75.08541 20.833021 46.198063 57.33192 25.631523 62.840347 52.62152 47.202404 22.988033 46.94246 59.499115 14.122653 99.86628
186 52.874393 31.005919 70.96145 3.3712149 66.49781 34.4525 49.349358 38.93103 48.52868 21.915287 59.42365 79.11164 16.39738 26.832485 7.066524 27.44289 79.86031 13.806629 68.0591 99.85239 41.776794
187 49.602306 87.40679 63.099182 14.821333 25.576187 55.432255 62.149048 8.227629 6.2333164 78.14752 45.973885 2.9315472 25.28836 40.035564 15.841436 82.22913 14.854849 73.88502 31.649643 93.39145 70.83433
188 39.98379 12.930525 35.24025 9.187544 50.10469 12.287646 50.709587 4.810852 88.687256 53.54152 31.684626 73.79494 11.8766365 55.850685 47.266357 27.804726 86.12627 82.47937 93.97116 8.395111 42.47278
189 90.43324 46.708893 81.78725 14.977717 29.434156 98.72809 18.806309 35.892944 68.01559 4.6693683 98.46822 23.59898 66.06918 47.588528 0.55731535 9.103685 79.94708 4.021615 6.228137 53.752953 74.02571
190 73.15067 15.275616 54.73513 25.077517 10.7387905 43.641846 69.96205 79.30394 86.146 59.673183 13.047516 50.693005 83.38727 97.626595 29.507875 10.530525 43.383907 92.281975 13.170374 96.27692 94.38974
191 69.891815 17.347305 81.29885 17.70144 14.048016 57.933937 70.60399 24.413103 76.63744 58.59431 80.06902 80.93199 95.475266 4.0535393 83.78955 72.584404 3.3423424 12.721163 75.04018 68.81673 5.2171764
192 19.994349 37.65363 84.71069 69.00377 48.261303 5.9588013 82.81807 22.846228 87.53504 50.123405 39.276398 2.3332477 94.55004 40.002132 97.95431 11.988354 49.865578 52.385433 46.71442 96.18402 67.91839
193 14.676875 88.05995 89.09163 98.9955 51.112473 11.294783 85.8796 73.75902 77.09898 50.286125 47.80529 38.315666 92.32814 76.94746 92.13247 93.01229 56.071167 9.191095 89.277374 52.347816 98.33559
194 28.43343 79.88652 71.87433 71.05051 7.430464 64.63621 65.03244 74.62512 47.50093 10.686529 46.907814 90.39942 44.842327 57.503002 70.34738 99.78845 30.011332 8.072156 54.2403 0.23885965 10.632462
195 21.590006 74.6154 18.206036 54.491783 13.013822 91.16354 34.773605 64.39996 41.270386 98.55086 52.63693 55.169487 79.55213 21.201426 49.13506 60.903805 1.4633834 48.91166 41.828854 93.265045 49.57217
196 39.592888 86.58799 80.75602 37.26002 84.56436 86.87981 39.16996 50.038414 45.140095 3.37317 24.637306 83.42196 69.83645 59.320312 75.10614 76.035675 96.5012 66.50895 52.16606 59.217804 29.221493
197 83.74909 2.962786 58.605854 66.26068 32.55028 98.21195 5.0185738 91.81892 58.343082 95.22878 67.64 44.48947 48.60471 79.23035 33.655624 41.33202 17.675941 58.28633 66.979485 85.01061 90.83051
198 10.104036 71.751884 68.01375 74.01757 86.804184 21.399921 32.215435 70.19305 88.01387 44.068737 52.641644 95.65044 75.56668 53.295643 14.029008 90.43101 64.02005 97.36836 99.41931 93.72665 20.79708
199 60.652374 37.502407 38.98521 15.320998 69.37312 74.64364 92.80326 86.88179 37.290157 77.51353 28.068226 51.56692 83.11076 1.0429323 54.43132 36.374325 81.37802 6.1867714 80.10403 37.14021 87.26598
200 3.8829207 8.0374775 21.255875 38.866634 70.89608 69.44248 87.9752 69.11639 4.2538524 18.825562 11.6516 4.7545075 92.09457 90.55447 6.2746525 38.212387 7.39311 88.538345 94.54986 96.99797 18.717957
201 21.839005 49.390877 16.168 39.464634 41.65834 9.543878 25.394588 48.537872 93.7247 90.17413 70.76133 44.90735 96.989624 1.2132704 0.9143114 93.5951 49.923534 15.251457 1.0006845 68.28153 62.551014
202 58.485275 69.722115 46.721573 11.495775 24.984116 13.894188 9.483397 20.32413 80.16343 10.53043 84.16405 14.810652 44.261814 33.367805 59.26444 86.63823 52.783913 3.9391637 21.451134 96.538124 26.82742
203 47.108875 93.18366 43.836956 52.057434 68.065796 24.899233 41.482918 37.485577 28.06903 26.437134 39.360416 82.37741 56.037277 69.53209 92.372856 26.334185 63.942616 9.450751 39.4893 50.222527 27.810347
204 25.69223 44.638973 67.06761 90.14368 74.68839 6.7360163 26.75466 41.30608 51.251747 13.776213 17.435753 49.63661 28.819286 42.231133 92.51067 55.989204 64.08362 68.04873 74.103226 96.43252 21.204544
205 97.441605 72.80944 5.7923136 70.33379 65.10504 36.438095 18.645674 9.60443 13.170755 66.3427 77.679306 28.03803 17.493748 64.16972 81.71099 87.07421 88.02794 41.391586 27.162426 32.75649 39.121574
206 12.390434 82.69598 30.207926 13.419449 24.2078 72.73123 22.153044 92.37097 54.03595 62.59723 78.20575 37.60019 32.321285 37.421875 9.824925 63.895653 54.764587 45.093964 54.682125 37.43924 11.884046
207 47.64924 75.192566 46.037888 48.065422 57.437725 99.69808 83.290344 22.632086 56.94421 55.888115 90.36238 69.46081 41.989685 88.192764 79.72203 76.645386 35.382736 11.835236 29.977268 47.828716 85.37401
208 72.80548 52.850006 77.808365 54.263123 56.09147 38.113476 19.15561 76.29752 4.0209713 33.628075 27.720898 99.98215 76.528625 1.859653 23.440659 52.793312 48.637054 55.69169 60.782753 71.08055 4.555309
209 42.000397 69.00726 14.97758 48.745285 46.212093 46.27182 48.07255 22.339743 2.5816202 0.13806224 60.366386 37.731407 38.706684 48.459213 76.944 38.369995 67.12732 83.734634 45.38074 57.244175 77.86499
210 67.15208 74.09793 2.6924431 32.35805 38.61351 88.87563 99.647156 18.187696 90.52737 43.046104 77.79837 84.81216 67.08487 11.360627 34.159756 40.599407 79.717834 91.2894 28.882515 80.94642 12.620902
211 47.036617 61.710037 24.18434 70.33373 49.599712 48.076088 27.09375 59.70564 74.85546 83.463326 13.807159 19.95179 25.310362 81.26096 92.081345 12.368327 89.51611 61.057007 18.619602 52.575417 66.2415
212 83.20045 62.36325 36.437614 73.643074 92.7633 61.3168 51.16775 72.53187 86.976036 67.19745 27.213943 38.34984 29.118193 73.49544 27.582031 69.91726 37.098415 59.697968 69.04263 70.97215 3.996247
213 98.579254 55.56118 49.89115 2.1648824 38.51865 86.18044 65.96294 62.67715 20.515574 86.95129 89.702 52.5644 34.4757 45.38335 17.772717 27.141577 83.80987 83.87131 88.2866 61.48512 66.592094
214 59.803738 22.996378 50.650127 8.453721 90.303986 93.00808 63.35842 92.847725 61.069912 73.14925 78.60054 31.914734 35.42046 46.462177 82.877235 42.34472 51.83153 19.142406 50.72497 29.595207 7.92408
215 52.634228 29.85533 17.648523 24.589264 53.85924 50.88017 75.02975 65.79615 47.334545 40.448296 98.740685 34.287334 90.19215 35.00025 1.580298 49.0493 59.108932 33.63565 63.320454 41.932827 8.480585
216 45.222748 18.500168 44.441708 63.71583 43.367588 62.117786 4.4156017 9.498435 48.765266 15.977174 10.578066 67.78103 81.40871 52.431374 71.73801 36.970764 23.821503 66.129074 9.420883 5.385393 83.664894
217 98.28088 67.02359 27.057182 51.561535 89.91284 5.958289 95.11077 93.658676 91.36348 66.95929 1.320982 63.26307 13.52272 91.622246 84.46346 40.821934 33.430588 70.73559 44.410126 34.6664 82.08998
218 59.023697 3.6144674 78.40411 47.75134 44.084488 98.00847 15.8374195 33.360966 5.6688128 61.040043 56.047672 55.005264 51.67508 58.572353 34.13943 59.517933 72.54324 39.915802 15.461678 57.247364 45.9118
219 87.94993 10.355812 1.4207959 29.798698 96.011955 14.128107 22.514486 63.090588 33.18752 83.572105 26.285881 6.2493267 15.356958 1.6046107 52.192818 88.90325 4.659361 49.11744 37.181263 21.982288 63.081306
220 95.7411 43.44204 94.440636 80.114075 75.681564 50.706482 24.110395 43.622696 32.006626 29.772383 11.13019 86.31339 82.66538 57.83774 44.541634 96.86846 88.126945 94.296715 8.453714 59.645428 26.888937
221 52.15787 95.61352 74.8305 18.361801 2.2305906 61.82647 2.427125 68.97253 69.553795 94.53766 79.092636 67.00528 91.888824 49.67854 32.5673 64.02292 33.952362 60.822613 90.53987 69.07113 96.728096
222 98.564896 70.843796 48.69795 44.778717 62.19082 89.77325 87.62897 44.91076 3.040588 22.255415 77.289276 73.55984 93.97797 49.13403 81.88638 97.41595 83.07261 85.74118 93.154594 59.458817 64.600845
223 75.40508 47.865505 40.899586 5.920267 70.01651 8.646727 6.5140486 25.402569 96.026924 24.40182 47.306084 91.70097 2.358067 6.628686 88.97069 27.031166 11.060608 11.196738 48.659855 42.268444 91.87593
224 69.730064 65.329834 6.4810457 78.14894 2.7844548 52.515984 81.56568 49.14377 89.69158 86.604515 9.023624 58.372246 2.527362 41.224735 72.27498 70.01489 8.460939 59.759502 27.476656 27.164196 44.133465
225 56.46581 78.37261 63.033855 95.14469 93.42552 97.60922 46.34802 14.692855 69.43362 76.10584 37.060486 68.48706 9.716452 22.95205 0.8727014 42.859386 76.606 76.94512 68.555244 33.238125 53.34174
226 14.880371 26.973492 88.55759 41.204285 15.224486 36.43164 10.590357 67.1941 24.559475 97.25044 46.473663 21.253563 70.46837 46.463806 7.8035235 32.206226 12.190353 82.55329 54.59352 86.57779 39.81304
227 66.94405 90.20479 88.508354 45.965923 80.58056 81.179306 29.115057 49.466316 62.61746 89.94195 64.78177 48.24561 86.745186 48.830406 13.614172 95.809 44.87737 10.18436 43.191696 9.67896 84.12865
228 42.65313 99.074554 36.526997 52.78808 60.907288 78.396324 73.35649 46.23994 41.06778 85.21711 10.0729885 41.707523 92.962074 70.86693 50.53876 78.815445 2.4102688 2.8245807 47.791733 84.11523 80.82578
229 67.11724 67.11206 75.04009 38.239647 71.9657 57.20334 80.70762 41.240288 22.428864 55.64211 22.33994 5.1416516 97.91816 97.22387 38.904846 64.89246 15.272337 1.7445683 78.29064 50.822365 61.031334
230 36.5129 0.62027574 81.35326 46.862 25.46383 28.205978 57.414948 83.820206 84.67269 91.47602 73.68495 94.14617 28.44935 47.614944 35.17634 26.258087 12.683928 19.604593 8.442402 10.022211 65.94139
231 19.105673 33.129673 68.53623 33.748085 73.75904 49.23529 80.67936 8.925528 94.90881 49.71219 89.484344 98.616516 57.66098 77.58494 56.710796 46.28827 54.112537 46.117092 38.396645 70.52172 50.3477
232 53.50058 71.99921 39.403397 76.54602 87.772026 28.184193 83.98629 0.7368624 10.016513 52.368813 82.3017 44.137585 65.275475 48.574608 59.07014 48.70916 90.872765 94.60985 39.423973 84.94831 75.11641
233 9.506398 38.02694 14.716387 8.588451 65.71992 29.930395 95.10153 72.631454 76.91573 34.875626 15.254373 21.368456 32.069824 2.6363313 9.47299 44.907665 55.789288 40.053238 42.49734 1.6002417 78.68981
234 98.868 43.27611 89.717964 8.657658 2.100283 92.972206 96.1393 19.985437 31.87846 93.57132 28.080172 71.629524 16.240137 42.358326 59.1479 34.930473 20.93764 72.24779 22.659487 44.617588 85.74908
235 41.330444 71.94345 82.14781 5.807108 40.170765 21.98819 87.583015 86.17366 50.819313 51.128834 63.277138 33.03357 25.956827 1.3551831 50.42605 54.73743 44.14676 86.21899 6.6419544 49.342392 42.234253
236 25.221968 0.5760014 47.689034 78.19881 41.043823 37.46639 59.385117 57.265007 13.15056 89.38487 56.8789 76.13274 99.399605 85.755806 5.1927032 40.449543 51.482635 16.104454 53.511936 70.07058 34.73671
237 58.44329 2.9088974 76.50497 56.3883 6.5275726 31.80877 23.814178 36.113518 68.51752 28.725552 35.001873 60.40659 22.299994 58.218235 92.82326 28.212517 70.585754 80.41477 89.4644 64.228836 56.460236
238 92.85895 81.53072 81.90589 99.68897 53.449993 3.382957 68.22994 50.940292 39.028 26.525772 23.674524 48.174328 61.43113 39.25816 74.13136 92.5611 93.899956 68.21793 17.12569 44.043774 99.37626
239 1.1895001 26.183731 5.482298 18.949396 73.301865 7.920951 13.435375 95.41524 91.54144 43.385815 60.11681 22.165607 35.674965 94.61745 19.75777 21.518183 47.86435 79.510376 61.19616 45.787983 14.416742
240 12.241936 72.485954 37.114227 27.517176 36.08658 60.973686 83.07592 64.02102 92.85852 89.74025 20.80412 24.333345 44.992226 67.47823 5.537212 74.27904 97.95731 80.50838 4.8422575 34.190704 31.938404
241 82.28189 68.07398 65.043564 1.1826277 84.73392 64.6619 34.49115 69.88255 7.4210587 73.665535 74.56113 36.735962 72.48267 31.439703 6.3249054 32.285275 6.910825 21.492344 39.141567 18.73008 57.01185
242 89.54348 7.488966 60.129887 94.71863 32.815998 86.641045 79.837204 20.805008 92.67971 99.54889 63.752735 48.113728 47.464596 56.56683 73.76555 88.49941 82.65494 42.777454 90.786095 12.98492 10.433703
243 15.569001 35.41498 6.120199 22.887993 99.07339 4.8944592 76.01973 22.897709 58.666504 95.00382 2.1494627 65.15741 24.857866 36.488976 27.563942 14.836943 73.76172 98.02542 12.696516 52.541332 93.46593
244 86.2335 28.531378 7.5208187 99.83002 91.58429 50.39872 24.104584 59.6946 84.90991 24.9093 73.24753 27.627665 99.478325 84.670815 27.61047 67.938995 39.089012 24.20584 67.02602 75.84341 23.334663
245 79.5337 65.382385 9.742194 21.057297 59.61153 0.29596686 25.326317 75.17339 4.4921517 95.41302 56.604218 93.57897 19.69782 50.316853 9.354258 67.96473 93.79406 84.91655 29.540009 95.326164 14.151203
246 50.517166 38.86457 65.06154 79.89203 66.74203 18.145758 51.18951 79.34243 86.8801 88.15042 16.83057 68.04174 80.41354 28.827602 13.184947 1.4560163 33.352177 78.73348 93.37223 50.709343 89.03575
247 24.366014 82.30163 49.456043 95.29641 76.9555 55.910015 82.82382 50.900627 15.134037 9.389716 65.33999 94.17172 64.288345 96.24722 51.898247 90.35436 76.05676 24.065668 54.933292 18.905586 48.444347
248 13.629884 80.65734 56.330605 92.79417 94.616646 58.902786 89.837006 58.075375 91.42142 94.04693 78.92915 85.64889 79.014435 60.718353 29.641932 4.181677 82.18565 67.36414 34.516853 20.345032 87.40336
249 5.967474 12.313622 97.30798 9.091538 47.735588 8.049846 91.093735 39.80539 65.72861 66.055466 81.18683 43.994183 7.283926 97.66438 53.255535 69.28969 75.63463 38.85392 80.69588 28.113085 43.061565
