100
15
0 40.730106 17.721498 40.099663 36.88365 31.844448 97.86986 55.405556 79.160484 25.085735 55.292934 50.432472 14.743757 68.020294 67.634544 43.35559
1 95.33334 96.266815 2.0923376 27.14948 54.26821 83.06758 95.547676 11.979235 63.6276 82.46813 57.207943 43.174435 8.392262 85.29809 33.09043
2 93.89175 40.669376 54.558575 87.09996 85.85981 77.78627 84.611565 89.3639 1.1190534 13.382256 96.20536 91.40942 7.0474744 85.02556 22.895771
3 37.52997 9.892779 57.716644 1.4292121 60.435287 76.26587 45.086456 63.304127 30.469788 54.40613 62.14553 52.74282 35.08646 88.385185 30.889797
4 9.971708 17.96013 38.713295 96.53274 51.872612 84.50906 6.0557246 44.038982 25.140434 7.3752403 44.021606 76.217995 72.03681 36.609726 49.383865
5 52.950485 34.199326 25.253523 29.81692 31.026554 75.850105 32.339485 80.55356 53.25048 60.806095 18.025648 1.5791953 39.399147 96.14792 25.872791
6 69.48051 38.61199 14.041269 76.78257 45.28669 28.951603 8.371305 19.710577 68.08998 44.132797 57.456314 83.16908 9.473485 76.51158 32.62559
7 6.2557993 65.43801 38.90515 25.912422 51.320477 49.296547 63.043106 91.12398 85.55445 43.64987 99.60391 20.266682 84.216896 33.884857 51.858086
8 12.449765 42.664604 5.528349 92.720985 2.2474825 71.91219 58.1847 62.12703 17.918617 97.51054 98.68848 29.498995 32.27142 33.800804 93.581406
9 3.9396465 47.294838 85.09844 18.2042 34.668697 41.48869 47.41849 57.769386 26.029163 81.21337 84.61499 30.00629 87.76982 6.004554 12.229699
10 83.6587 2.7625978 95.88188 92.199265 20.649809 54.13605 96.00934 68.436226 19.547695 53.11237 41.984875 24.073309 45.573437 21.550703 5.4596663
11 28.049177 98.35784 41.063023 74.18456 44.235973 17.601532 98.130264 28.988766 78.29793 72.41806 54.27012 70.21069 34.069347 50.19416 7.168877
12 41.883938 85.907036 22.102552 95.77648 69.25446 59.976494 45.82886 35.477554 56.25428 64.85398 11.5671215 52.204494 28.22894 49.563824 98.90198
13 53.17772 71.922005 69.92775 82.89591 21.081245 41.431435 56.90097 64.666405 24.959463 14.105856 43.740196 51.161407 89.81668 94.2407 83.03547
14 30.976189 75.49069 51.625275 75.79913 87.217255 59.34316 24.704521 19.209177 17.987627 54.964043 19.13904 28.83432 52.48469 96.53818 48.22097
15 97.117905 22.470356 74.694336 24.842417 49.7743 80.56 81.290184 59.98923 63.075138 18.010681 47.230083 11.081839 10.604244 84.161446 86.43079
16 67.50358 41.08541 20.14339 70.618256 49.506496 17.79198 2.7509809 91.74489 21.086615 13.60231 26.327354 42.26247 94.661095 88.05124 96.10713
17 86.88356 4.3058577 28.140713 44.683804 74.24037 90.334526 12.918448 32.19186 62.242825 18.089903 32.932262 32.545383 8.996839 21.514046 24.951262
18 13.845944 21.734692 42.458652 55.457855 76.11782 2.0054817 31.454956 34.31401 38.163292 76.8651 88.004234 63.960052 55.93498 46.291553 78.16072
19 26.097519 84.83657 97.64675 55.607216 93.933365 59.291996 62.635265 87.47881 95.92739 85.33247 2.6131272 7.3452177 79.1094 20.470137 68.825294
20 71.05264 54.247356 33.446663 67.56307 14.148754 99.59876 92.32082 71.507904 16.529995 48.12089 59.604687 20.653814 86.48179 48.62088 78.655304
21 94.97821 24.713713 33.476597 6.2165976 70.07361 13.172072 23.647617 85.890175 72.68536 63.750492 80.42973 9.459442 79.76311 30.489122 67.80605
22 84.52813 79.274895 33.988636 9.644503 14.053165 68.51838 18.66516 23.030163 6.306958 73.66653 88.79606 38.65843 21.911877 58.29628 76.277214
23 7.7209234 41.228825 56.967197 36.41471 63.67247 2.9938579 38.65654 54.256104 98.56873 40.185852 22.944277 55.83797 14.517498 77.24005 46.0129
24 40.760643 78.71158 73.52678 93.33511 95.73252 98.33952 10.182267 78.72926 75.75319 12.547022 43.663525 85.44468 89.58655 91.0036 51.61865
25 82.08464 39.835274 21.28539 0.695169 55.28379 12.551141 44.297813 86.69536 40.744537 5.7495832 62.726402 64.03116 95.92636 25.851976 51.726185
26 61.79994 10.614098 62.927456 63.76067 10.123962 47.814762 3.1835437 56.01122 93.86313 6.812072 25.558441 14.7422905 46.675728 95.41818 10.158199
27 87.383766 70.98233 39.992744 12.881369 11.148108 57.062172 82.94966 12.667775 93.32012 4.7213497 59.356262 46.74388 19.833868 65.220825 80.77339
28 22.925282 57.59305 0.0074207783 17.426079 45.95008 54.71697 40.879875 73.68436 52.98957 9.335625 67.237976 19.035578 9.513593 69.86006 37.757484
29 22.418427 34.736137 91.273895 13.025933 54.954147 71.65606 16.699224 33.240562 70.55181 82.52197 90.36609 10.95385 49.196278 80.23861 66.555115
30 17.055792 30.374283 20.203035 33.793404 71.773384 68.29557 97.28666 69.58481 58.5746 83.371666 67.69765 18.579424 3.6783993 50.688744 45.365913
31 6.976795 67.6478 73.62881 83.94957 74.07204 77.59589 14.84316 26.790207 94.46099 52.244274 55.764717 92.929474 53.10399 89.88079 95.874435
32 23.989445 12.100231 67.67239 82.93794 77.22379 9.855133 45.36688 42.139275 48.838432 67.84911 46.79118 85.01041 9.79507 50.271416 67.41736
33 75.651665 46.345306 50.510788 98.3728 92.13405 8.658033 34.352802 78.43536 83.15905 73.820694 91.491714 61.656403 4.8254848 41.500843 68.704315
34 84.23578 58.32832 70.49649 34.14883 9.137249 98.01934 77.691086 52.45129 38.746243 59.72962 4.5357704 4.5433226 96.76438 73.641945 83.641205
35 29.952175 61.696728 84.16959 34.473072 88.059654 70.97347 43.922836 84.16836 59.699093 31.273354 80.413414 50.34679 42.617798 55.36076 35.962265
36 67.268585 30.37842 76.15353 44.4489 66.13329 21.101665 56.30772 56.99856 92.63566 42.270798 46.905952 44.1837 19.564867 33.1456 46.495117
37 49.37028 75.28985 25.001818 55.43052 18.830126 98.01122 49.565964 7.99883 94.3435 54.84218 81.11185 32.92917 86.22055 49.827187 41.493927
38 42.539066 94.77566 28.204792 28.995377 71.84079 69.90925 59.416573 50.660355 85.45801 78.01311 18.968338 68.46734 85.23903 27.155209 61.235046
39 7.302994 92.13038 12.47006 80.20225 7.545847 38.38371 18.743515 43.05244 47.81106 0.7649243 24.012787 79.094124 69.99797 81.43278 12.091124
40 42.01758 35.491383 13.933778 31.573355 91.62952 49.776905 39.76313 50.196373 68.41639 54.735172 82.67086 95.34323 43.423504 90.686295 98.91508
41 50.729675 1.4866948 31.383848 21.608955 85.4477 68.85072 47.439213 54.866707 21.926064 89.25069 30.236929 31.379324 34.177856 24.780607 27.736372
42 87.16062 94.92881 50.048943 94.41445 55.376537 30.65784 87.50969 24.070442 52.34708 75.84626 17.307163 20.681065 51.99497 53.250484 81.8932
43 18.669903 88.27399 15.022648 91.03983 9.858304 20.572584 12.055689 40.21297 85.32839 65.94543 75.88669 59.69243 92.09623 79.5313 91.5313
44 64.97923 17.822128 24.987103 61.230164 34.14638 3.0450046 58.582203 41.56723 74.64871 86.20034 81.198105 20.881945 92.05909 78.861694 33.367886
45 64.2693 44.151867 59.440414 0.23521185 21.481155 65.1833 45.50688 0.5429387 83.26002 13.156902 35.791702 90.167 6.416595 14.908427 0.93043447
46 64.04761 62.47934 24.158854 90.58878 77.45172 11.987549 31.988651 27.515167 79.20859 62.269257 69.766655 85.3972 95.8341 34.45474 65.270386
47 26.54168 80.304665 81.95179 73.97168 82.0615 35.722733 61.888184 31.204515 36.457253 99.36404 40.16069 5.716181 70.55763 72.80112 94.58207
48 81.02627 82.37614 69.21389 86.86315 24.740236 50.508755 18.941801 78.29522 5.708247 5.5081186 92.18174 24.308353 89.471054 2.8053164 15.934526
49 65.68864 40.140015 38.10691 47.35206 38.06556 14.628565 49.977703 23.105556 3.0703008 87.46001 22.049099 3.9104521 3.8653672 52.256363 31.801403
50 33.59695 11.920404 22.06341 17.299389 5.8617296 41.133316 84.047356 16.071861 90.89085 97.65853 45.532192 10.287041 94.28691 29.905869 55.118423
51 23.568213 67.105194 71.72774 63.581116 11.613024 37.308376 94.24476 49.798775 70.93205 7.6539397 17.308485 24.08638 27.5271 45.061005 82.316185
52 8.531654 25.519556 43.05581 63.83894 6.360918 0.25830865 57.221287 40.977333 11.649304 22.242022 17.99255 61.00628 80.06337 38.552155 4.0251074
53 91.01343 10.566264 13.992387 90.15867 58.98692 58.475018 1.6619921 58.208965 58.094196 69.84614 14.461798 7.011157 8.45195 55.352043 57.562065
54 14.938182 4.0696144 94.6323 44.98273 77.21925 91.21725 17.157799 9.293657 59.53961 33.400364 57.092857 15.492016 15.430391 80.40612 43.20255
55 72.1259 8.735293 20.319384 2.815801 53.789116 53.910248 7.6055346 25.065887 88.60682 40.077305 13.746577 13.499909 46.97223 82.68096 83.73521
56 33.649532 88.60017 56.413124 29.029543 25.82258 74.26656 0.97301006 80.212425 57.30596 37.04765 67.46454 28.259014 58.025616 91.4164 37.122883
57 27.4832 47.711 63.46627 8.982187 24.208439 75.5453 73.39438 21.489674 29.104269 61.496037 34.084404 61.441715 16.8729 34.923244 34.388687
58 77.53059 21.298195 95.12841 10.040295 74.87626 86.1334 81.26949 21.860672 29.866386 30.267519 98.125824 33.21083 54.194218 19.248283 38.709824
59 24.922573 14.984441 92.54181 15.413713 95.00821 10.209745 47.674328 25.53404 46.36696 20.168352 7.245147 53.48179 72.87647 35.61772 4.145932
60 46.172314 62.38665 69.309494 83.40952 86.96884 64.23959 22.273563 87.99146 60.66195 34.355797 20.44735 30.323051 22.402514 8.297146 96.3923
61 44.34163 8.926767 42.999912 39.201862 14.39023 14.043331 62.333183 11.660189 21.18569 71.976814 86.86463 64.702255 72.09464 83.13003 91.09869
62 6.7560377 67.15686 85.04604 24.199974 90.18359 25.392897 26.29578 35.347046 3.408432 72.479225 78.72073 40.20906 39.11327 93.23174 11.522711
63 48.74703 93.868706 35.684143 13.271832 90.067085 29.52643 30.868715 50.724583 31.166862 42.5587 59.505035 88.68925 2.1984756 84.19046 57.289894
64 6.895357 40.717834 5.6561413 40.78502 58.326454 26.007235 62.285244 50.256615 40.733784 36.96519 54.509186 21.282965 47.598965 73.587364 59.477215
65 98.37625 26.752121 93.35871 74.02602 8.938885 80.84018 35.897434 47.58169 0.080525875 72.09946 18.204916 95.563774 62.460823 49.20349 50.46532
66 2.44928 90.50808 52.677864 40.39721 15.345502 56.02079 10.409641 59.896202 99.27876 59.026222 40.602432 48.640053 44.06221 5.3983984 97.17324
67 28.288877 38.24994 92.490135 34.65357 21.04764 31.071556 42.086304 25.303 76.12256 0.18678308 42.326164 21.092886 45.76696 7.4831305 67.6727
68 34.754795 53.258335 21.902048 67.1389 86.061516 12.670011 96.424446 7.241583 67.32741 94.406456 23.941595 46.78025 72.7524 51.17911 45.910686
69 7.582438 83.22544 91.742676 19.637442 98.6819 26.645697 99.93395 49.99503 93.676796 45.374496 75.31395 83.69543 52.7407 0.31920075 20.278591
70 37.255276 5.229849 55.158497 13.455707 60.98448 57.16018 95.69323 7.4409904 22.17661 83.94098 6.1594605 32.650097 51.761158 94.38916 6.042141
71 10.797381 34.619015 71.758125 33.51505 9.086519 18.25419 83.662125 82.702324 47.758163 65.31179 10.536438 75.669365 2.6427925 19.35057 34.6342
72 92.12907 84.58158 91.19672 4.3224277 32.577747 88.08746 95.06576 95.21663 47.802467 61.816128 73.44507 16.910957 99.8363 88.01061 90.547226
73 5.9572935 98.455185 62.09172 53.102768 29.37267 81.742226 27.322697 30.55194 33.173847 29.192394 53.624916 4.5717835 74.92573 37.951015 10.11787
74 29.654593 3.5353482 85.297104 94.0722 45.514774 1.8261969 98.181854 66.28043 50.885086 3.9016604 59.861553 46.260464 43.274014 88.877304 87.33267
75 27.419859 6.060004 41.96807 95.858086 39.843143 2.524364 52.70855 39.401405 69.55208 24.764215 85.625885 40.860588 11.074919 66.634056 41.151585
76 42.77032 3.4016132 5.755186 11.938107 58.35019 66.667595 16.086012 2.840227 51.69522 2.2812963 4.504055 0.24242401 43.386574 47.08409 1.316148
77 59.588074 19.251698 32.213135 3.6538064 98.132225 12.39897 9.64734 4.454291 85.14787 55.52559 89.28622 59.36637 73.92947 36.94852 12.484926
78 84.70695 11.632389 91.49506 55.204277 15.8468485 44.75158 69.53627 56.6004 25.50032 43.17773 33.836903 53.5578 32.77447 35.387875 65.87888
79 35.256237 68.00562 55.35527 28.799593 26.562447 75.93633 79.93921 42.54675 47.373302 85.298 98.38972 14.321208 54.837627 80.0513 25.537855
80 21.4566 54.795902 24.153847 2.4161637 28.729994 11.256194 4.58799 35.452938 3.4338832 2.0413816 17.370594 3.810054 61.650837 73.97808 68.32191
81 17.500036 81.9073 71.54744 48.496662 73.04953 78.151024 23.487837 66.44362 22.911703 54.77088 17.45004 32.98841 26.620716 20.693653 13.788164
82 45.22079 70.68916 17.546463 6.5693083 65.064606 48.15191 95.12744 38.858234 33.53366 52.94354 24.202288 96.55028 67.90806 27.26376 76.72665
83 12.068069 8.044839 67.84836 83.33083 97.999916 76.36778 48.54805 30.205082 38.44687 99.330605 8.563262 16.861843 99.98147 75.944046 27.638674
84 23.66339 87.535515 29.992449 8.85228 46.0841 86.37149 19.592602 96.51402 30.588669 68.01031 12.583953 9.108078 85.4722 34.35468 44.763218
85 85.970856 56.311096 64.34712 25.12942 60.107166 18.662125 65.72602 17.091625 39.635574 95.73193 20.502222 25.07726 26.059078 2.8921843 16.689407
86 34.292774 20.929379 27.672756 45.91786 58.722317 83.375916 98.32356 2.486223 34.057365 42.079853 77.85577 75.11805 72.447945 37.076958 46.87717
87 79.457146 63.1324 52.572124 37.310177 33.741688 34.57987 92.85634 31.571447 49.03484 81.27045 73.358505 5.909973 51.067436 32.210426 29.579872
88 31.8182 5.684674 93.36119 52.69648 41.78332 11.916608 16.043049 14.340753 52.73128 3.9553046 25.8129 49.66043 36.494194 59.277607 28.123337
89 90.19173 47.22556 8.570337 89.12998 22.173601 3.1817973 43.07712 62.26449 45.28496 68.53139 95.88687 97.63719 7.8321815 60.253757 60.230743
90 75.04124 41.388912 87.722244 95.06635 49.42964 37.844543 16.763914 46.43731 86.41778 39.61479 85.95106 92.9474 4.881561 17.08424 17.265951
91 61.138554 83.3917 11.673665 84.3132 77.88033 40.42615 36.55618 83.7191 53.647644 67.47734 66.09828 5.6021156 64.6769 95.82228 58.50122
92 99.93244 10.657072 67.41817 50.60216 71.69568 25.349134 77.752815 28.915209 20.06924 63.16862 72.20953 14.111728 27.909637 48.45491 30.353605
93 27.43417 46.893375 74.34493 26.329332 24.995476 51.376617 63.63808 34.150444 60.338295 17.72445 38.864403 69.01547 45.627594 44.35727 97.34494
94 48.885864 38.85305 56.478893 99.068115 92.49569 57.661533 35.362404 70.71884 72.84605 61.976456 98.709175 23.519493 40.266365 17.252518 11.062944
95 11.318975 51.552372 40.73758 73.21356 99.554405 65.83373 94.95614 80.1869 26.578934 32.060707 59.09183 28.573948 62.98168 24.771845 21.14343
96 26.950502 78.81531 25.615877 65.58452 25.889444 25.300592 78.51861 14.511288 46.04308 9.116041 11.037165 29.465025 80.00863 61.63437 47.022026
97 18.630058 63.782913 80.58266 83.96503 75.109505 20.723396 91.035576 59.16572 9.458817 40.784203 50.170326 32.97786 29.411024 62.672676 14.90122
98 14.84384 65.37175 20.322645 32.763874 2.591598 78.22166 18.114216 78.942566 90.62197 10.477549 33.559895 91.14775 85.28398 29.981941 60.25806
99 89.48662 92.11231 51.87697 97.88493 71.17221 69.93902 27.34893 46.515244 45.843357 80.50722 31.992006 47.85288 2.6876092 62.48618 30.934603
