500
11
0 22.227747 23.997915 74.943665 58.13767 67.005424 80.99186 60.12923 7.446867 50.00675 62.00388 69.351944
1 77.55397 11.136031 73.060234 47.00455 99.45566 61.004143 61.14936 95.45306 73.33196 1.3776064 57.138126
2 74.76865 59.5781 18.47477 5.934012 36.886913 39.839085 96.64953 88.441284 39.366608 18.216492 86.986046
3 86.447464 93.90477 91.212234 73.240105 66.2962 90.41417 92.76119 33.454384 58.588463 89.116165 14.073199
4 34.30995 39.30369 1.3904095 17.210215 84.5297 99.306656 41.010624 55.68182 38.910294 52.426018 47.151405
5 98.23183 94.12757 31.94338 80.757545 25.85047 67.450386 67.76348 18.418621 53.385742 48.83403 4.6578703
6 99.994896 71.5095 72.28661 0.25869012 85.41564 31.84805 53.459347 40.96044 95.149254 16.50492 84.46893
7 97.16471 20.971113 65.73841 94.19222 45.534557 17.286938 46.02576 60.668858 55.83573 7.175505 51.02732
8 72.60724 40.81453 45.57779 55.00026 57.926052 18.246681 79.07372 11.004967 40.20368 30.196035 77.16033
9 72.86616 18.089516 2.6207387 3.8951397 52.42209 40.205074 32.29165 66.52907 23.312002 28.691875 32.64153
10 54.967182 84.66737 81.024155 7.3038044 53.521667 76.90248 2.4842143 2.9492378 15.728128 35.724495 24.099129
11 1.3726294 90.56575 6.942731 83.97177 75.96772 41.149277 65.15612 67.732475 67.66652 17.052197 64.50221
12 48.029335 39.582245 11.396206 43.990906 48.114838 84.01817 31.53383 47.211002 3.0381799 67.78513 35.703384
13 44.14355 58.891724 76.06914 80.90525 48.25702 48.975098 17.129295 3.2058835 55.876766 11.432081 72.17105
14 19.801844 36.954563 69.49683 60.677338 31.86652 30.817986 19.383198 61.701923 93.16284 40.32086 56.30203
15 8.10638 36.656208 30.172575 93.147316 1.9908667 60.235508 66.2885 73.915596 85.72669 23.790009 43.029125
16 72.591194 20.704985 9.254301 33.498383 73.52912 53.394585 19.09063 28.031403 9.600508 90.33718 8.61122
17 50.05896 55.64391 16.647905 55.445904 23.195404 36.01673 9.343839 2.5402844 14.224076 63.001667 51.864986
18 76.84622 63.27879 17.045195 10.5165 87.171326 93.63303 57.651104 99.84565 64.632286 41.864033 95.39835
19 31.331766 96.265144 76.57303 98.987 98.93541 55.353374 56.195442 77.23959 23.30886 85.02435 78.66544
20 93.21156 22.661877 99.030556 76.814095 97.418144 47.814476 25.080841 31.44377 28.906185 58.824707 1.6389847
21 91.16358 28.53701 4.289526 14.093399 75.48268 48.264988 17.078465 6.2678814 80.59364 66.07106 63.532795
22 59.34551 30.053795 29.029852 80.27014 93.68638 3.5672784 30.053669 33.461487 16.315704 13.725222 68.27983
23 21.140802 24.937857 74.381134 72.77574 67.67889 50.399834 45.88859 65.96626 90.4736 6.1050415 46.337734
24 71.49201 38.21443 42.796528 67.88832 3.4480035 45.36794 28.53257 31.062042 15.304911 32.961815 80.024284
25 84.24451 0.26968718 27.04214 26.563293 11.533833 66.19767 5.625677 50.620586 39.402245 11.039007 16.414959
26 99.23917 35.411102 85.613396 1.3978243 22.280449 13.506371 93.49737 92.688515 62.436996 7.3487816 70.02821
27 5.118811 88.02401 41.89237 38.74166 95.25316 33.554005 34.270943 31.642092 10.341204 50.939457 37.300255
28 5.042964 42.45742 2.1274924 15.933389 93.61173 87.49563 63.63007 21.259827 37.82144 92.13367 6.6676435
29 14.617718 43.175823 37.271206 50.700737 51.66216 90.074875 38.242947 20.501846 82.42662 0.5735457 51.35695
30 20.451714 67.22334 79.92167 25.600136 47.57361 72.40421 16.833282 66.85073 15.40414 56.36321 34.907295
31 30.362904 42.90849 10.584026 9.308916 92.928024 60.364086 97.96291 76.33658 97.816154 1.854229 60.07127
32 80.26718 8.772272 41.438663 14.531893 91.13235 50.95569 7.2215023 65.39477 40.88015 80.3041 89.75017
33 24.505865 23.584473 83.47298 84.096596 25.618029 80.65275 19.906992 49.550747 79.71416 94.841286 28.965271
34 88.36649 8.077693 80.61603 18.131691 82.0226 26.495998 24.10903 54.543133 46.89172 81.12157 67.54264
35 9.272247 93.2554 34.511734 82.262924 61.47994 74.7814 13.847274 45.991768 93.7414 77.72486 95.986404
36 55.93692 88.145744 18.37014 63.596703 25.1665 29.333454 37.053257 9.939593 38.147472 1.1904478 11.265111
37 47.839893 78.36762 20.747692 67.91494 30.896622 90.11984 29.788898 85.226974 76.086494 34.253143 82.15575
38 12.656623 79.64294 38.22382 44.73315 47.667248 99.59119 1.1642694 21.131348 31.534582 84.77463 79.78908
39 9.254932 23.189629 21.874035 68.453636 93.92113 86.42768 48.114468 72.058426 31.683773 57.872097 1.455009
40 12.053066 11.820232 22.467255 4.5045257 69.65082 31.394136 1.8812597 69.70629 55.443295 36.326744 96.23202
41 77.052475 57.643993 88.96745 18.529875 81.3547 1.739341 86.78396 26.987976 12.600303 99.75014 89.09254
42 16.033083 12.920416 57.78076 98.37985 40.91054 19.000525 84.045944 80.45069 61.988365 25.257229 16.9168
43 10.658079 37.308075 15.726429 2.3320436 70.679344 19.998724 10.363382 53.602333 37.105167 30.572891 52.40915
44 43.4349 46.48073 42.878246 49.760902 9.971243 64.913506 11.918121 46.08593 15.627461 59.039776 67.52367
45 21.995413 22.229553 60.6802 30.915583 37.260334 38.833344 43.138157 82.80498 10.187149 43.01163 12.586636
46 18.431997 67.31642 63.392467 44.69881 83.72295 77.06785 64.7683 22.514147 59.767868 35.39542 78.90438
47 15.968251 82.600586 94.56717 38.806713 72.58596 79.635345 1.5349329 74.02877 0.14145374 21.22032 37.76613
48 14.777458 29.786062 19.068533 64.686874 96.11099 67.95664 16.588354 78.91392 96.205246 19.590652 68.44152
49 59.171963 38.11366 87.63531 77.40172 46.208508 19.085258 94.95786 70.47676 81.19484 49.57369 6.515068
50 48.313587 44.170155 12.618023 50.556923 22.458076 78.2355 28.167444 97.820885 74.73658 67.691055 93.831505
51 83.777794 87.820045 8.448786 98.95483 79.24272 32.193565 80.2231 81.139786 83.84754 73.86701 4.645562
52 29.486645 41.335373 31.119776 68.06967 85.813675 38.290024 44.582546 57.995106 60.69762 33.228867 90.53981
53 27.37642 54.889114 82.00035 15.321851 70.28001 55.870907 40.73552 72.18745 88.169655 94.21522 78.36598
54 19.63671 10.351211 82.948074 57.662346 80.40579 30.670082 96.144554 14.151329 47.564716 50.372036 49.071907
55 94.985176 62.559868 3.1134844 32.793926 10.272985 29.421484 50.50671 0.4877925 94.51357 89.71318 7.438713
56 52.854885 99.127754 79.46646 6.9001794 85.79224 13.773155 57.9644 79.45748 37.60873 95.79591 19.77023
57 77.112335 56.00607 27.054703 27.10983 53.49916 30.101889 95.227234 76.19303 49.611378 41.062515 43.927074
58 5.191767 68.02787 50.362923 60.427464 75.59132 29.497265 99.039024 80.98352 95.01256 38.357807 49.093586
59 27.698105 76.20121 71.31769 81.82478 35.18875 41.83858 95.34699 32.441925 44.142597 31.604725 1.6554356
60 98.90424 97.916725 60.287827 64.82824 11.266118 69.936874 22.766764 39.107323 89.55031 17.616772 72.78953
61 41.540176 89.72385 23.272907 92.33762 37.341434 32.958855 66.018265 62.023556 93.45004 10.072398 19.418365
62 80.748276 48.11059 35.719975 87.88193 25.392038 17.613966 13.240772 56.99641 94.58214 25.416677 36.509174
63 17.528217 20.845049 57.09913 58.03566 34.37409 34.28961 69.461464 58.9953 26.721073 10.276806 79.996346
64 65.769066 36.95847 70.51834 39.586456 25.700188 27.958023 39.228336 16.180431 21.646029 22.234594 86.16427
65 49.095226 17.908281 94.81505 39.77714 45.2295 69.42676 43.53943 94.70575 91.66844 29.71279 76.71756
66 7.2638273 29.793476 81.67822 95.85135 4.4647217 39.02303 17.89816 79.356316 80.900314 92.705826 74.356094
67 37.284626 23.146284 92.533356 93.59707 53.939724 53.323658 43.26144 61.508537 38.513737 87.33981 67.72381
68 36.523224 88.57191 44.804096 68.33772 13.569456 39.012337 57.62189 39.85834 38.069706 23.268145 4.0856066
69 17.41439 91.009186 43.776913 41.483395 81.29427 95.675804 16.46735 39.73143 27.051968 74.03673 77.11539
70 93.509964 76.833725 87.60356 75.37369 43.366943 50.017334 98.59822 21.116007 95.077324 11.997634 54.62855
71 25.057114 39.356606 76.99903 39.092213 5.5719495 34.279697 90.9638 3.1376839 31.96532 84.22113 64.733574
72 49.023033 83.422455 90.8919 55.85152 22.740137 16.347277 43.495865 13.368207 82.23931 21.181185 80.87239
73 47.102146 80.73576 85.060974 93.75059 68.01421 69.45565 57.357883 30.246908 65.89594 15.648544 91.33603
74 33.13564 54.69904 17.430962 33.539402 29.169035 73.86232 2.521199 81.28405 35.08875 99.30417 31.477959
75 82.58141 63.53641 92.78177 3.7799358 18.297625 46.73156 19.57972 35.9041 66.27231 33.748047 47.54427
76 51.21695 85.95125 16.00427 24.955618 81.53485 90.86577 48.020344 29.320347 27.00144 57.615364 29.731327
77 6.6230893 84.64616 93.03895 21.136534 42.717354 24.618155 86.71713 58.58084 51.239193 37.433613 81.11797
78 18.586111 40.635002 74.24578 15.42933 34.2746 65.61082 66.57177 36.82305 60.758007 43.600452 11.325854
79 21.541399 29.425447 56.84381 93.46754 31.320238 42.183243 86.55491 51.93598 23.364395 71.022995 72.69644
80 67.48783 86.02735 26.779783 35.37977 14.069706 40.74409 94.85838 70.2556 1.74191 13.406587 51.634346
81 67.89206 90.03824 66.604225 40.07333 47.557877 39.925014 5.8864474 9.063167 19.605087 31.948042 37.914703
82 90.53803 42.406624 22.280561 2.090931 79.52529 53.241867 59.571095 7.5768175 92.907295 75.390015 98.91382
83 48.71397 56.419563 22.804964 37.913216 9.440649 19.973623 89.984 59.491013 93.6622 37.877983 67.94816
84 0.39903522 77.51723 2.3305476 21.627993 9.783358 91.49957 60.375584 92.46153 12.830448 27.420647 21.379053
85 9.7900095 27.566427 75.76208 14.308638 51.872974 83.13866 33.17318 42.3545 52.29185 73.06101 54.37138
86 12.650323 99.48562 22.438324 35.72888 67.32087 89.54393 12.402433 14.161092 80.37483 17.612059 54.00545
87 0.9190619 4.9738407 97.84314 36.550964 78.43959 94.54796 91.33264 48.538982 3.9953291 86.613594 65.516106
88 22.606956 47.5486 32.81439 65.79643 36.42946 55.544014 5.792904 23.444103 89.66986 66.53672 81.46868
89 64.900055 10.746175 99.26796 22.915464 2.3848534 47.181244 6.3522997 13.379222 39.12082 88.267784 5.979717
90 55.454075 93.51008 20.11767 15.370316 70.74125 53.346943 40.11934 60.122543 69.47775 95.70704 62.45006
91 96.60292 77.96728 21.739489 38.442223 85.23351 98.82133 43.445736 37.961884 92.603546 65.98011 45.97625
92 91.01173 82.98548 44.50078 22.392672 55.819424 14.8597 10.755712 15.670175 51.829994 66.79245 48.871952
93 96.455795 97.21312 37.379467 76.17038 85.32049 2.4608493 55.435474 96.54975 89.57432 58.939667 85.21231
94 4.0383935 50.84665 96.23581 54.763912 67.24977 88.32079 69.97039 87.80445 12.683696 10.57139 45.449203
95 96.24952 54.48346 57.26195 7.852334 34.374733 49.470894 10.460604 10.273391 20.018446 68.432724 88.0286
96 53.21399 63.906525 92.42811 41.494198 17.363537 86.958984 61.349194 35.173775 72.69871 45.88692 11.426067
97 78.2335 95.984474 79.60042 49.46821 27.152288 13.324285 59.584164 80.335106 21.967167 69.98069 4.6812177
98 56.69669 79.13373 24.568308 59.439682 78.16335 39.258926 85.02354 41.672092 72.22905 75.864876 98.40439
99 22.061193 29.38698 67.28698 82.30821 90.992546 96.764465 37.426258 32.06534 6.3384476 11.514896 91.056175
100 52.236305 63.256817 50.143475 28.481787 73.485 22.363394 1.3875663 84.38062 14.607822 16.608036 26.991617
101 22.498972 5.171365 97.121666 40.791714 46.47561 75.460205 93.04688 16.351944 86.4214 58.689342 45.332516
102 76.67948 59.06438 4.929805 26.633835 46.308144 8.403855 28.982174 2.349323 71.61286 35.096436 65.3748
103 96.54169 75.24428 51.47453 75.436554 52.69322 86.011086 29.49062 94.48663 76.15764 27.656948 79.36761
104 54.897076 92.57721 5.3608775 34.75762 14.230501 85.78194 64.329865 67.27332 30.761427 97.68863 22.756207
105 89.92289 93.19368 90.94288 84.2007 79.88177 41.838707 28.532673 89.96659 89.86237 37.283493 0.94525814
106 78.39437 71.85024 94.82877 94.80014 18.689716 93.98001 21.705467 12.992371 95.66659 41.703247 65.0815
107 17.507399 47.726315 98.097015 5.76511 16.06918 32.895912 49.177795 51.720516 73.06707 91.52224 51.48985
108 91.27521 15.74688 34.282196 88.15585 35.266857 76.982796 50.854748 72.20474 95.21379 66.16683 68.55381
109 92.57954 28.57356 66.52176 97.39695 38.093292 7.7661276 98.6844 54.755478 41.12351 95.183304 71.50376
110 40.476513 8.455002 97.99763 18.001097 24.08319 17.903137 33.146667 20.255816 46.55165 61.739056 11.142391
111 96.085655 37.75217 81.12571 86.8896 13.816303 9.759551 18.448942 73.85585 31.782907 29.028362 89.34593
112 54.894363 15.633064 65.349304 55.21006 86.768005 59.731464 1.3235033 35.86592 6.758988 46.284706 96.89355
113 5.901784 37.287075 86.05914 93.64827 45.823742 9.626102 43.16485 12.880051 88.82188 9.841621 0.29768348
114 19.73762 97.643456 91.02277 43.603897 58.616375 95.04256 5.612695 63.05591 97.80702 40.77354 32.828724
115 76.56333 85.337944 22.433931 9.295475 97.21321 14.167559 95.01953 99.391205 2.82256 19.991796 42.271908
116 56.543476 16.742765 5.822736 33.28052 51.730366 26.4884 66.37537 40.91409 62.486584 11.746794 4.689133
117 69.128105 89.32997 11.692726 21.141535 87.7186 69.077324 70.88349 59.22767 93.42034 91.183975 77.50372
118 6.6384974 42.197193 57.008286 63.088226 38.04172 30.02208 98.570244 11.361319 6.634748 28.335302 46.55663
119 19.339079 24.39295 9.706998 93.44853 36.757805 40.68666 72.07829 80.95026 52.1895 30.60512 93.44557
120 78.43058 94.41944 28.238165 19.174337 45.713036 25.888527 96.97084 11.537099 56.946056 47.905373 74.49897
121 24.88103 27.935183 43.13166 91.04558 23.422813 45.528637 4.324931 56.72993 34.483932 60.52795 45.83312
122 90.10785 44.521057 24.072624 48.784985 1.7711282 54.141968 28.260088 36.78289 12.084174 31.054312 44.460945
123 27.213806 23.480236 45.265728 34.736847 16.649693 58.38163 61.5919 73.14143 76.36826 32.205765 62.45138
124 42.470615 96.51346 45.840622 4.910946 39.028847 92.11628 37.502014 94.934044 1.8054605 89.95874 34.414936
125 17.782265 94.53609 47.49657 39.99919 64.59115 78.69622 10.7332115 2.2055984 73.41655 74.58863 20.592945
126 48.674656 79.717545 76.206055 2.072686 80.1197 81.56029 56.152184 68.92059 65.727875 43.110447 20.074535
127 2.017212 34.69484 24.609692 79.10414 91.80673 52.843987 65.44407 44.821877 5.390191 79.52434 0.6148577
128 88.20542 55.158592 29.83772 40.479736 73.59291 17.58507 3.2379746 33.675175 95.47984 14.046282 59.501575
129 97.34904 32.30788 7.90205 25.137455 84.98108 42.48418 57.68883 40.93916 56.963806 76.67538 60.899723
130 28.355371 73.635994 62.752563 18.716372 67.746506 84.54819 39.23589 93.07421 74.80104 95.39634 6.1249375
131 33.991886 7.1114006 48.3544 22.843027 49.151207 76.17596 9.596264 88.71997 17.811 21.232742 65.81529
132 76.8523 17.373688 80.9863 49.777782 74.9884 9.95841 83.41875 42.703117 92.77611 6.391054 38.749332
133 1.925838 81.58399 90.88478 37.80527 88.3054 47.276485 7.7028513 19.485218 85.71171 16.714645 14.178038
134 13.842207 20.19515 2.105713 27.082956 99.1051 68.777176 33.18721 92.53821 34.528004 55.864197 42.967945
135 6.00788 69.451035 41.845596 78.53535 87.62498 50.829582 25.304531 2.2634745 69.83531 95.51273 83.32516
136 71.42041 96.43252 93.8067 28.564335 64.29044 33.326836 21.740692 46.0733 19.921207 97.256004 60.666996
137 5.371511 95.71713 66.08129 24.394882 6.120336 24.379385 16.849686 41.30997 80.109 79.001144 70.54307
138 17.512405 23.404104 75.142654 7.036358 47.875126 94.74265 51.920296 53.47202 46.347523 77.94644 63.849194
139 73.81321 31.391531 44.743675 72.49296 78.10963 44.031525 61.40625 75.82212 84.90934 56.833237 88.61431
140 35.304375 68.74853 84.71979 23.572594 20.693838 92.7853 60.716755 10.316533 62.618137 2.0101607 39.637722
141 96.11553 88.55575 49.225063 33.834087 75.720146 81.64092 59.858097 31.20681 41.79092 89.72965 54.956192
142 55.796707 39.12813 77.921364 38.222076 84.82672 6.299615 47.68294 83.144066 57.772873 24.003147 84.102455
143 2.0806015 97.90861 82.13024 66.66045 39.140995 5.1328363 23.211044 23.110312 52.9475 81.39964 28.968693
144 88.28165 70.53147 72.67338 38.413025 75.349846 27.930498 80.308136 33.63636 84.65255 21.299911 31.675285
145 5.680084 80.59198 80.87767 46.633076 34.023094 9.467655 31.85714 80.254295 34.969376 16.974503 5.600047
146 20.621723 76.10966 43.127823 22.697407 26.298124 24.793648 21.90268 48.756462 74.42308 20.928501 23.075932
147 63.617645 75.739136 0.23143291 32.623363 25.709455 85.974884 69.19054 46.352875 22.715818 87.99452 62.36691
148 27.860123 96.508484 40.35613 25.309355 67.80219 9.795559 35.112446 30.314838 46.13495 81.12951 0.85669756
149 79.68351 94.40253 77.3392 41.49503 3.1774223 41.2654 93.19767 52.660233 48.351128 93.88279 18.871712
150 87.0259 68.59622 11.01442 49.64234 98.30591 72.51027 94.07566 9.322959 28.012074 37.00381 0.98322034
151 70.08165 75.98926 46.90203 48.39105 64.90609 27.557028 86.24615 42.575985 14.205969 79.281815 15.682697
152 82.34156 61.06487 89.81378 59.938095 31.228447 18.02783 79.9937 47.164814 16.228205 36.20293 61.023903
153 74.731 89.08058 80.58819 94.67313 74.68614 79.89497 26.193178 94.33031 56.612385 84.88702 21.556562
154 89.63088 69.8693 96.88703 20.07566 75.058876 44.4246 3.197068 77.13552 89.39786 96.663826 17.397833
155 0.88731647 68.49576 69.980415 64.69943 26.777214 39.167816 79.816246 22.066284 37.227356 83.14446 48.469913
156 0.11507273 46.442772 73.04741 9.79281 1.9859791 20.946957 39.028763 90.29474 71.13494 65.482635 56.82981
157 97.68314 44.21414 4.2622805 92.81445 76.03176 13.637519 63.68883 6.527978 88.242325 16.618824 75.62495
158 99.35503 19.92004 50.784492 82.66772 32.047974 36.98263 51.07867 27.844137 82.72355 84.08097 86.58103
159 41.404404 19.152428 58.10494 69.8502 14.23983 48.874706 95.623276 44.100616 39.73769 42.258686 54.064137
160 86.34357 59.016705 96.7884 61.85062 56.81235 5.4371834 95.63567 44.691246 38.59842 86.58346 75.277985
161 74.98122 56.31237 90.671616 41.208214 24.049313 81.42714 61.202423 88.60343 47.105072 25.248814 51.880264
162 97.44679 86.578766 71.49382 83.13949 75.611824 18.546087 0.34344792 53.407013 35.71559 80.59198 28.522831
163 70.39462 74.33432 38.362373 17.151117 19.72918 7.970929 66.80558 45.38175 66.12822 36.801083 24.40989
164 85.56158 23.71087 2.846849 82.35311 49.95926 51.058926 77.29249 72.2106 73.03642 39.033436 15.934163
165 36.599327 92.559204 7.393485 21.327066 96.807976 51.18736 3.8030028 24.453758 94.081566 43.958008 76.259544
166 72.39358 59.858894 30.539942 39.30801 76.544426 32.03232 41.32327 74.14727 28.766745 55.40262 68.19067
167 42.997116 41.030224 95.19118 11.867213 85.52606 63.703102 2.0636737 83.55314 27.970493 14.801603 8.993215
168 37.409424 28.587532 28.895586 16.887093 58.502666 12.62542 51.839386 53.724716 96.94913 98.97627 53.272335
169 26.570755 29.966663 73.56945 60.429955 46.866047 38.89789 32.404987 87.05736 5.550975 5.3717017 62.512238
170 13.264645 28.595566 89.79974 91.210785 84.467705 17.213982 44.346176 53.569763 28.885979 96.30708 2.1660566
171 72.194466 27.503788 74.44721 53.691055 31.262339 12.337637 87.99751 80.47865 53.49499 67.9966 28.810913
172 36.869102 51.46037 87.89486 71.51024 1.4652729 46.786327 5.4074106 43.801666 24.126768 7.6296034 17.396378
173 56.87341 62.42721 97.74397 23.832941 6.996316 84.850555 12.950206 73.96854 12.351667 49.69995 82.51382
174 83.25056 88.30565 89.87367 65.23162 32.826675 31.333303 18.253147 80.82603 97.245476 57.134003 48.186447
175 96.017914 48.358685 66.804085 12.987238 67.43171 32.293755 29.932207 89.86766 17.87588 9.839821 22.912651
176 42.459785 52.700466 32.131977 31.447649 5.0420103 74.580894 6.897563 69.0115 36.57527 20.502037 4.8265514
177 17.91671 77.2824 67.76312 90.23992 20.561255 81.19797 56.905186 9.86253 28.511274 69.11377 80.54937
178 83.17994 13.415021 24.698288 36.76253 47.90398 2.542293 27.138668 43.833534 85.13375 83.253494 94.11876
179 36.909782 86.83489 24.239899 74.79311 94.03115 9.539217 50.320232 41.946537 74.49328 54.271675 34.37094
180 51.854206 52.52142 15.536392 1.1106133 68.40519 26.849741 88.945244 78.52114 41.559666 16.45254 25.270903
181 53.296894 28.72927 75.39734 71.18293 45.56072 98.56253 88.18388 66.82575 87.92546 40.060978 30.157364
182 46.17723 86.62827 53.932446 86.361275 46.556442 33.801556 48.40886 33.81089 12.81063 94.909805 27.028578
183 75.46926 33.999107 92.98056 2.5345683 14.605034 75.512634 69.555374 18.307049 22.676832 37.54068 3.4136534
184 8.684164 55.958538 46.957344 83.26799 91.98944 40.890842 59.68472 45.049973 7.756412 77.276505 45.366657
185 22.41528 83.00694 5.153954 47.016014 9.07579 24.801302 75.26945 51.76661 70.95615 78.748215 35.87156
186 91.86174 66.47563 89.66772 57.981724 79.75098 65.040855 32.877 26.824928 0.166291 91.72877 17.16997
187 14.769822 63.13859 53.834515 65.849236 58.525246 13.241511 20.208729 65.31884 4.630929 85.36776 63.93031
188 94.747345 78.18621 59.823746 43.732063 60.963337 12.567496 58.553146 79.660164 13.662696 46.44007 19.263304
189 77.70688 93.6153 19.083607 9.837646 19.677055 15.095795 47.89511 96.69191 65.46024 30.279768 51.444157
190 48.003586 11.374455 2.7067363 37.729828 46.657745 20.577562 96.78968 36.987907 64.264946 39.024906 96.23678
191 49.742065 32.987774 46.46613 4.4444265 58.570843 67.74403 68.961075 70.53538 22.618658 79.530975 13.858562
192 74.67745 20.126146 68.3431 35.68906 2.3650825 10.664195 48.956238 21.601194 29.028856 66.36243 97.55376
193 6.5151634 21.020084 32.82481 84.92267 13.825989 66.87489 64.78209 1.2035251 29.083628 71.78245 79.56576
194 66.71 77.48382 49.166767 50.486534 47.221394 6.164384 4.8533735 41.009182 54.791077 98.2205 42.857235
195 54.64553 66.21101 35.096252 96.6351 41.711075 50.848015 9.706169 57.744034 86.042725 82.95224 95.48228
196 95.10237 67.5541 56.378185 31.782372 25.135082 11.769909 2.908808 68.05051 56.490486 48.45564 90.30564
197 56.170105 26.04112 87.927414 89.40189 20.03479 6.640649 16.938072 17.908144 4.986036 75.52733 24.09845
198 4.3164434 97.99661 17.081112 97.080925 50.889606 56.942986 9.406018 26.400202 88.03908 27.700418 33.286255
199 90.97215 1.5720367 8.8647 99.628654 53.074635 22.783459 32.471203 30.543888 20.49864 12.950909 16.023785
200 45.53579 33.867306 57.54106 46.404682 1.4742732 51.16343 40.752174 33.815662 49.54971 49.852413 72.602234
201 16.866653 98.482864 71.58997 33.64877 65.41026 87.94497 43.897583 26.924616 61.90954 64.2918 27.471424
202 43.43903 5.277008 30.008148 33.62202 62.582867 72.55071 84.1836 11.945433 98.25882 56.8578 42.19871
203 28.486889 37.115715 27.298319 84.703766 95.72284 88.79391 94.16622 37.84859 10.566759 16.793465 16.87696
204 85.3073 39.771004 49.978523 31.720512 97.48914 24.586338 91.66106 60.796883 81.79738 70.95047 68.810486
205 64.97142 90.06968 36.966633 66.66872 34.226757 3.392738 16.726143 12.683124 44.265205 71.13267 65.9101
206 42.284565 13.571554 38.87361 88.92176 52.02835 49.38577 20.43637 54.964245 22.690088 92.22337 71.49428
207 78.45934 46.085106 38.848938 8.5666895 61.038406 79.99202 14.144534 97.21371 73.12267 71.25172 58.375774
208 49.755486 54.508736 58.840633 22.258753 26.283878 38.606747 97.75036 6.350684 6.4236345 83.831245 27.426868
209 21.06728 84.34882 9.462565 62.226315 70.57402 59.89279 39.993275 68.037605 8.473778 35.94547 21.019596
210 41.42415 70.24779 51.260548 67.1686 53.180378 40.492672 50.661034 75.96555 5.2277145 59.886963 26.609617
211 5.101842 71.74598 54.332424 20.189548 79.98604 16.12004 77.7278 91.52228 16.03266 53.7593 90.28641
212 13.143706 99.714165 46.51414 50.208492 91.29718 44.380783 91.97596 20.930565 23.71639 93.21293 5.4248753
213 96.226364 85.31648 80.94765 73.914085 17.318367 30.149454 38.31075 1.5968978 10.129791 76.68677 55.050915
214 18.867762 56.18006 29.45578 37.33329 21.472948 40.78176 91.57849 57.793076 61.030853 99.57454 55.953735
215 8.122331 67.281555 25.536186 76.61383 7.5756845 32.066513 59.008644 22.911537 80.70502 83.04249 82.596664
216 97.20422 5.005765 74.2902 89.73007 48.9623 6.5746126 94.43302 12.981552 74.9142 88.50111 59.090702
217 47.716373 43.938847 53.26647 2.2275686 14.197898 97.72918 94.18653 94.295944 81.82423 32.390507 0.7605612
218 98.41761 61.730965 73.53049 44.083004 78.89711 26.629145 87.28264 78.21459 19.138645 71.584625 74.13179
219 35.126965 3.87702 7.6776624 31.242704 79.629425 9.175217 17.362165 34.90681 78.21724 3.845358 70.18998
220 38.205044 75.271126 49.084663 38.755726 33.339058 41.271996 35.765575 94.69286 34.419846 92.021614 87.87478
221 44.816513 68.749985 83.18858 98.26534 68.6287 54.53007 70.30263 31.69011 85.00699 5.012846 26.633942
222 7.8543663 41.678185 55.783283 17.815226 62.106102 33.78998 18.235308 6.7537785 16.830444 4.350519 31.433695
223 71.05987 96.39992 10.388613 12.194645 50.173515 91.736694 94.33623 93.0031 44.44969 56.561172 34.354927
224 25.735008 84.07446 70.9399 53.18438 10.307365 93.802185 83.82547 99.71384 58.38727 48.663567 85.231926
225 27.05717 8.018905 46.092308 21.158106 35.70316 83.14756 88.01557 56.31324 29.631393 18.023193 50.572533
226 87.38478 10.509133 98.651344 24.051077 84.59963 62.6576 77.9414 87.71317 83.56086 25.900967 96.905945
227 76.324844 4.172325E-5 20.254261 47.928833 31.888783 4.690009 45.296715 87.294815 76.33306 77.145775 86.7056
228 90.22264 1.3342559 78.04782 95.54675 22.742987 39.209087 10.008115 74.34814 18.900227 44.61687 13.135374
229 83.599976 19.733673 97.962036 99.92364 38.072544 80.92326 6.7180634 27.682352 73.22188 50.2919 75.822716
230 35.753185 46.033585 73.78036 89.791504 9.138698 74.06237 11.101848 70.79669 35.23303 82.35246 39.904804
231 73.76172 81.73855 5.625325 42.600163 53.18438 72.533226 6.91238 3.5320938 90.14996 75.48955 12.070542
232 79.1886 31.613218 38.6206 99.78931 31.77511 48.861973 35.33517 20.282871 60.634834 26.037073 68.23064
233 73.42655 8.43327 2.1446824 66.25732 53.27214 24.281305 97.19324 20.084583 44.353016 6.415117 92.51672
234 83.23097 33.721268 27.857483 21.167595 15.445262 18.061512 32.642155 72.2002 23.712086 38.37911 23.492014
235 65.003586 24.186903 55.60483 97.91503 0.42881966 84.73457 92.99823 14.946783 14.700758 37.261475 58.53377
236 33.461372 21.980167 66.711716 29.646952 82.14568 30.483944 79.77601 29.992569 35.748024 5.3776264 41.681885
237 63.478683 49.74697 55.88416 99.85241 44.103878 71.62844 72.42991 15.007978 84.42067 9.808344 86.95759
238 15.023309 83.216415 17.009657 82.12407 16.434378 0.7480264 82.520256 15.878975 10.124493 83.15529 33.961075
239 41.360317 38.925137 16.13797 13.533253 99.18119 58.47655 60.305958 13.551081 2.6147306 41.85112 69.55295
240 61.581253 65.07257 81.605354 81.17965 24.685318 74.33859 48.863857 18.18037 25.903236 66.549095 71.83308
241 75.048965 12.834138 13.750667 0.18793344 97.66048 99.39173 7.428378 76.77831 83.30928 86.77467 93.65151
242 64.083755 50.962837 10.447269 16.96775 85.13626 85.412636 16.336554 34.986504 72.876564 77.525856 34.19359
243 25.388813 59.066463 40.53734 39.628345 75.10682 25.21758 17.652565 12.00943 97.415985 30.098116 36.5979
244 44.33525 98.025536 88.13721 53.659897 17.258305 13.846785 12.669617 43.76637 44.41672 87.43837 39.970272
245 78.90755 44.648434 52.206657 92.251274 28.367376 20.896042 75.87638 18.377321 58.586407 80.831055 6.7014036
246 13.457071 94.825874 33.422207 54.080696 76.455894 82.02552 34.645725 4.965353 27.633375 88.287674 37.89764
247 73.53677 4.329997 85.28033 66.84738 24.513578 59.11949 8.599496 64.70357 22.078531 43.62567 4.8939705
248 61.200405 85.34174 14.70716 57.526596 21.918308 77.570274 7.8849497 8.977234 21.500874 96.77707 91.78289
249 65.40238 88.41182 47.89701 23.240215 40.13174 62.389046 66.4693 37.219204 20.845913 52.813156 86.84138
250 20.565254 96.24475 85.739624 37.32065 71.28792 57.749527 36.085968 34.898113 42.83906 69.812965 98.96847
251 4.188776 18.700487 37.43032 7.810193 71.67465 79.60292 64.20661 36.769886 76.35702 82.33756 0.655514
252 69.2565 82.24898 4.160619 6.163883 93.59972 94.05142 54.311996 54.193203 29.953379 33.703686 68.56656
253 77.809906 60.644894 77.69402 83.71637 99.606415 48.684906 30.027754 6.465709 98.62315 88.07129 87.117195
254 10.738384 8.199793 44.720657 63.675232 4.494083 98.026146 61.01703 94.623886 32.784317 95.34446 10.567331
255 10.292583 29.217827 32.65635 86.09975 30.563868 89.83284 49.84846 73.645195 19.474394 38.483715 18.876816
256 34.131413 43.00607 43.44852 29.605997 61.03043 38.87932 63.573128 70.715256 74.28585 24.122513 76.716354
257 43.450623 18.767946 71.63634 21.696354 56.174026 65.13911 95.059265 60.815765 0.95354915 25.247591 7.6936245
258 7.133442 10.732471 38.80434 8.35504 18.034374 26.849974 16.749561 88.61021 13.722444 75.86685 25.808012
259 22.37838 60.729134 4.8424063 12.503677 62.26317 61.415314 62.54216 20.405483 25.789356 1.0741413 36.721672
260 86.469925 59.04088 35.26647 74.88399 78.709564 41.691868 7.3917923 77.0625 83.53633 74.3153 96.48823
261 67.61733 75.306496 20.927917 29.445696 31.192047 18.943327 73.33413 92.10223 52.36345 17.959476 41.875256
262 27.28101 84.69615 31.482052 44.14615 72.23515 12.514502 34.551003 70.145065 16.029734 66.4195 83.37745
263 11.770922 22.251904 34.159786 1.5904307 95.736336 82.55564 33.73227 12.755114 92.54648 30.688541 11.416191
264 79.414665 57.489014 38.895462 8.777243 48.20426 11.436349 43.34227 38.5195 55.635094 85.08778 52.160103
265 87.47777 89.18747 27.050108 98.894875 58.16195 75.435005 37.403954 30.891502 89.27843 40.910957 9.228915
266 2.0908773 95.8154 54.997383 92.62266 53.828037 14.906568 67.75778 92.27052 66.7609 73.15857 32.64369
267 50.387947 98.613075 31.88433 95.49913 83.215775 52.875595 60.230286 11.190235 39.108593 65.188736 13.087148
268 49.237717 39.091103 29.334694 95.56005 84.579285 82.60224 91.44846 12.33626 61.400127 39.599514 17.340506
269 76.28082 22.017939 69.416176 27.179491 72.82894 22.083485 72.47488 7.9746485 96.10795 3.658688 85.44765
270 66.408005 29.151749 72.67496 17.562187 1.9912541 88.07208 63.281143 15.897197 37.966972 81.688446 62.901028
271 62.659187 89.85954 11.02277 95.48533 96.12353 19.438648 93.42564 1.3266563 9.252083 75.73309 4.1734276
272 27.582764 92.628334 70.58074 83.47553 29.812695 29.501087 50.292767 22.33705 39.672207 25.185156 78.92724
273 69.07679 43.553364 17.17903 34.30463 56.006386 40.31278 99.035995 72.46208 38.40063 60.053696 34.738876
274 47.253925 35.060616 69.758026 2.1149278 82.095634 20.180946 12.7702055 96.28374 3.5605013 12.635052 7.890129
275 36.417885 30.131233 53.003437 8.126438 41.935635 2.6508093 26.568836 9.794408 94.92312 79.99084 47.03036
276 38.22807 52.946808 58.55596 39.84978 78.33984 65.87686 7.176137 74.00368 85.84082 28.870184 9.724962
277 68.60436 10.1824045 44.793858 41.773163 17.560947 93.05746 98.2031 60.386703 16.434639 19.28345 61.182858
278 88.76585 65.2147 90.568634 62.14124 31.063955 47.283016 50.336414 81.791824 54.005665 25.787376 0.56549907
279 77.427086 37.736874 45.50939 43.420887 35.078358 90.891754 11.660349 33.040245 68.7503 76.67345 31.494469
280 0.75357556 12.645417 35.6479 33.886955 92.61426 23.754639 65.08843 23.836523 36.58197 42.543095 17.539656
281 20.035917 1.0115385 64.42891 76.56219 65.08829 62.06682 96.621925 14.45716 79.57277 18.908495 7.507187
282 14.545118 56.983994 68.425575 89.533646 73.99593 9.65364 20.129513 23.475939 87.29312 83.23606 23.659723
283 50.510387 35.500313 55.396713 31.020933 78.88358 83.22392 33.23434 90.86462 0.71343184 69.490845 13.013488
284 98.32431 99.87053 96.95361 78.36012 9.421217 48.727745 97.47934 91.62315 89.98322 26.185448 23.167408
285 94.13072 54.29505 24.688911 67.382065 30.139816 65.05609 34.42623 17.99805 66.01958 3.218305 9.563881
286 37.57371 99.31377 71.27071 96.84158 25.729841 64.55057 96.70689 80.26745 66.08174 5.8244762 41.74473
287 7.7521143 82.41586 26.144224 71.66498 83.58125 10.50281 55.2641 66.009125 53.497116 37.39037 30.19743
288 85.75545 72.25251 18.929976 23.917097 4.710543 23.7863 78.678085 20.007008 26.76531 85.18461 32.51134
289 35.432655 2.231276 62.432896 8.9463 75.40168 18.870956 30.291933 26.21801 37.80309 26.954037 33.667694
290 94.915665 8.325595 96.00906 33.376606 85.981026 28.502989 35.01202 36.580902 5.0396442 19.120663 11.484528
291 49.29468 57.564205 81.20998 10.102993 34.711456 57.782513 20.883781 92.49767 92.714745 5.371654 86.21953
292 79.30942 80.40121 25.970013 12.028944 28.448826 34.931915 87.84591 28.482801 42.85486 4.2538166 81.45654
293 53.06322 2.6790082 30.485392 90.19456 92.137596 84.34038 8.886105 18.747074 82.58927 38.731373 82.73789
294 54.890354 98.46909 47.24262 53.131992 66.23177 89.67627 34.268795 31.110472 15.721714 55.428524 73.31885
295 37.95712 79.335556 44.99483 98.45868 44.326324 72.12773 21.1541 99.05231 8.564633 11.154598 81.490395
296 91.93701 33.80242 37.133568 61.380173 97.38464 68.5204 73.04608 6.873584 92.38935 59.237854 54.409534
297 11.186856 33.72027 61.198616 30.157364 24.834919 73.33723 84.483086 7.8086853 35.23373 77.55112 11.446243
298 25.024796 39.645035 88.89428 55.93428 40.19532 17.437828 74.03819 36.08767 86.14243 19.680649 3.057152
299 17.982174 57.458378 0.99726915 33.49974 25.738262 57.795082 99.42033 88.522026 50.455093 18.310993 42.72857
300 40.99427 72.36853 82.46977 6.583005 47.068417 11.530792 0.8094549 41.87675 23.049688 67.15792 77.80436
301 11.336147 71.227554 96.25203 92.481766 52.874195 34.078323 21.400213 76.30124 7.8793406 75.253746 75.5659
302 72.53815 93.965096 41.130684 69.56997 37.929108 55.21305 72.34237 63.717205 41.84285 19.179232 92.379295
303 98.132095 3.2546759 23.531013 64.589645 72.86107 9.158426 29.829914 52.087063 6.2745214 27.891344 15.428943
304 42.3643 52.920486 60.63115 63.527386 72.80299 45.466286 27.820957 57.00084 60.562782 81.99932 23.56773
305 13.640558 54.1413 3.5912514 69.539505 82.89823 70.644936 68.07171 85.26091 0.2060175 6.7383823 96.38014
306 58.9971 71.55663 39.39805 46.20368 42.953373 34.475105 99.8451 3.9614677 18.94706 22.047298 78.05295
307 7.2233796 41.986526 93.6058 21.50051 43.574272 95.58856 2.3913205 38.676582 73.54092 5.762583 49.4479
308 21.346104 0.83360076 2.281773 40.67701 8.691293 45.7295 73.35568 75.93627 37.878082 51.411926 90.63385
309 74.9504 48.921783 79.51432 38.439457 93.29825 34.298462 92.597786 37.398933 25.60271 75.74656 16.976076
310 26.655876 94.097885 80.11398 69.91517 49.40455 4.8572483 83.73145 88.06091 57.631855 36.080975 19.245266
311 27.835142 18.11152 31.962532 41.548485 18.899012 12.557459 79.85119 59.646725 35.583656 0.43397546 79.826965
312 71.03427 31.968891 68.57137 95.59935 4.301119 39.147343 63.090538 39.084465 36.917835 99.80498 67.156364
313 62.4237 18.941057 68.80146 4.0274324 48.959404 33.048565 18.730843 55.329586 36.221134 97.962746 87.832184
314 56.348568 10.802931 49.880688 2.0108938 75.61957 67.695175 46.735786 2.5977135 87.70739 69.801926 47.521667
315 52.848362 83.65359 10.718239 45.876057 66.67067 31.259733 23.115433 38.827354 66.81759 40.636547 73.10194
316 1.036942 2.5266051 23.046463 88.5726 7.8279076 30.603748 62.084026 26.770765 10.387505 33.091354 75.06914
317 47.06991 50.193947 29.333395 3.8796782 12.400699 1.1844575 62.432426 83.34161 53.934383 24.503344 48.314304
318 32.05874 44.77589 96.70807 69.97745 55.844944 99.77346 45.744843 56.663155 53.67684 49.432743 75.32045
319 85.86517 46.582413 89.711 35.79541 90.085 82.70508 38.602413 74.51788 96.3824 98.8262 1.4129758
320 69.53404 7.978344 77.09933 65.028885 74.587234 87.91252 33.166664 76.93504 19.805574 86.075005 11.02413
321 75.93137 68.83966 75.41956 64.11957 1.1784196 9.623652 19.98397 39.668064 26.196026 90.38321 77.21358
322 92.81651 20.619047 25.803131 57.293766 73.16987 99.82357 19.009071 91.59155 2.6979685 59.97929 34.637524
323 46.297752 0.881505 31.725693 36.004704 2.9202044 80.148026 1.639992 67.28829 87.94226 97.52639 18.154448
324 29.570114 94.82489 92.65449 2.844888 10.228289 4.2573156 98.76805 53.365475 79.00199 76.37146 83.34753
325 39.12804 44.382614 91.315056 55.28644 32.55707 61.92373 33.47562 82.66441 78.89913 25.535786 7.671028
326 61.666363 16.693693 35.577454 2.246803 95.407745 13.750034 88.12502 60.278744 9.234201 63.513767 40.55766
327 23.571539 94.60873 91.80038 84.71512 89.02798 30.436493 90.838165 63.354187 78.96368 42.37689 27.278334
328 44.25137 18.342459 86.43561 53.23709 72.68573 26.556557 62.31204 88.53701 43.612373 39.682873 99.3051
329 81.17952 13.843054 53.085094 8.073748 98.835754 39.035892 12.336021 45.539207 52.9807 5.124754 32.80291
330 8.348215 19.46932 96.6662 21.531408 8.547831 44.1798 30.936354 37.502907 19.72205 23.207123 94.772446
331 12.71143 34.390823 26.42082 67.237 73.15683 85.8667 7.5083914 44.11332 28.691721 47.21192 68.476906
332 6.7562284 28.162258 83.957115 41.60811 87.47382 12.4831915 58.66499 25.748825 73.76655 5.783236 37.39272
333 89.32254 94.576164 2.7075648 49.0823 91.38556 31.185936 79.092964 87.657906 0.3019333 64.36717 40.82327
334 7.216358 22.115719 86.397514 50.575237 47.554543 16.46201 83.11065 29.788876 90.09413 44.945366 96.4121
335 20.513416 3.0576766 97.45468 63.76375 32.326145 4.85425 97.06896 57.862385 68.3938 91.69081 29.292446
336 9.792339 73.60528 20.395088 50.656624 42.806087 29.772585 61.58632 43.61965 4.8809824 17.95969 88.2434
337 26.622408 7.4284196 7.403511 7.291132 41.62789 28.91903 22.148222 89.26038 7.044506 57.472603 89.89581
338 85.897514 86.24159 40.195103 28.717459 25.634033 14.599907 1.5904963 63.769794 40.223076 98.95382 43.90792
339 52.177326 46.063656 39.192245 61.793644 95.49997 94.53383 73.571236 87.90241 27.98801 26.12443 56.893204
340 38.798244 28.98342 42.698635 98.13092 87.96551 39.766598 25.50701 4.3839335 49.295975 90.843636 18.68282
341 58.380962 87.06728 13.656902 9.159106 43.274784 62.045807 21.07777 24.933344 81.470215 95.60827 70.4661
342 50.3131 72.99754 60.170166 49.77791 95.47745 66.87202 43.035145 55.956985 29.965656 28.406256 48.152264
343 22.004581 87.45116 43.07009 95.11237 27.594763 9.582531 28.78883 3.7694216 32.363457 27.293676 83.16408
344 55.68835 62.082577 81.63351 28.682964 47.560837 68.43375 85.98812 10.305995 76.97036 62.179882 96.01973
345 57.70678 65.41619 77.91951 21.498596 24.757666 48.1233 83.583244 19.53758 26.555325 73.485016 68.24282
346 5.94821 88.363304 18.433167 73.05901 10.230231 19.381088 58.84487 19.270271 50.10209 9.360128 38.32679
347 7.552677 78.81013 88.96768 64.22977 39.961887 48.36409 80.704 69.21535 50.659786 65.29273 20.422453
348 10.608519 27.954573 93.76517 38.465736 21.42973 97.6284 80.5637 31.555159 67.51588 97.43926 54.31631
349 23.357891 28.441828 62.973404 49.808876 33.676178 87.77786 25.164192 59.618122 48.08059 55.11643 75.81789
350 47.568512 85.23922 20.635616 26.993906 19.763762 95.92883 67.91424 87.23728 32.63395 32.56984 5.260682
351 18.176609 87.34167 1.9828737 65.76748 61.166718 75.0873 46.86253 25.267815 29.319923 77.738686 97.20672
352 81.77492 15.842617 17.491604 34.695507 74.06959 47.04777 82.96409 27.90922 17.914455 6.2843857 27.570724
353 20.503748 40.78051 23.408968 49.859272 98.27577 67.64675 89.982376 80.67579 73.76726 76.86654 51.33045
354 44.827576 22.057623 14.5844345 97.74344 56.91648 81.11288 44.849236 34.756023 94.11308 11.009842 69.32701
355 39.555435 50.042873 44.094513 82.111984 91.58392 71.17695 72.29771 21.112602 11.3674755 62.995346 17.107803
356 35.21913 15.114313 0.8642554 34.845276 36.113197 32.842415 8.49728 86.71193 33.146954 85.44047 63.823742
357 75.47887 30.000984 38.423748 42.147118 33.57259 71.43897 66.06488 14.037776 69.72195 78.83918 64.46886
358 30.17357 11.306339 73.53606 42.994465 67.33885 49.22692 9.401405 23.735868 94.34964 22.698324 80.395256
359 63.66648 79.433876 8.083206 27.699572 35.171467 82.518234 73.08148 94.99965 11.279499 8.226943 63.619923
360 2.8008997 81.73235 84.76414 33.10687 74.47443 6.4514456 47.125626 43.825253 21.940636 1.8828213 52.474247
361 48.701107 19.26322 62.59935 23.535633 43.13377 72.4876 81.44655 80.35979 94.69842 56.181442 34.03312
362 79.89299 61.086567 86.49574 1.6504169 79.97153 80.451035 50.152134 86.478294 93.35258 14.248186 4.375303
363 16.483646 7.3208275 80.66328 8.042753 88.59045 44.646297 90.768135 75.64349 77.90554 6.9264593 82.76087
364 57.259857 69.99644 16.643684 99.10374 16.764713 0.970304 99.93926 13.298643 91.621796 16.495472 88.792404
365 47.67492 88.766754 62.597595 74.95353 30.225956 77.51781 76.27567 94.88546 80.600494 40.619736 57.50259
366 36.69625 45.270874 4.4752417 32.349174 28.496588 86.16936 88.290596 92.70954 29.992264 71.270164 45.994938
367 55.881924 12.944746 89.32899 63.936634 88.10786 84.23537 72.964005 68.87793 92.691475 0.79329014 37.22743
368 74.8773 64.67009 17.052608 36.590237 92.25515 50.909245 31.658768 87.72404 57.78441 44.23611 94.93084
369 63.55499 51.144825 51.650875 56.49891 14.787918 99.95658 55.178207 73.28179 36.522175 63.600777 76.51144
370 31.568914 51.832134 26.594454 36.796616 28.753853 2.4564922 35.37798 95.79946 95.879684 4.285538 20.669216
371 61.95565 52.555855 66.47046 61.53006 89.64681 72.26106 76.082954 50.277542 52.255207 95.1401 92.76762
372 0.46666265 80.47879 74.02786 71.25851 27.301968 42.943054 39.799004 64.540535 2.7369618 79.80169 56.76579
373 51.455624 10.746378 65.80809 35.561676 63.373363 74.1688 14.862478 27.899176 52.92122 98.292244 57.455265
374 38.23382 90.51541 40.981285 41.45833 15.471512 92.43048 20.421803 67.647644 92.50642 67.33343 63.101864
375 68.02081 1.9649327 20.592611 62.88039 37.811558 37.765533 20.316761 11.157322 13.072801 49.003677 13.116717
376 95.30072 43.33588 35.567875 77.20089 82.47126 93.25332 74.431625 25.870907 76.48781 44.956295 97.70345
377 75.091354 81.88904 92.32856 94.52317 77.946815 40.16395 74.30125 40.348995 8.911443 34.364395 92.954735
378 10.981369 68.44527 38.89904 86.58568 2.0226598 29.063314 27.980106 62.431232 4.8969803 77.32815 38.50209
379 49.474304 40.88261 30.883873 8.438635 71.280045 97.98614 48.435055 10.325951 1.2962759 70.36913 65.29286
380 59.04668 89.210304 55.1944 3.6425412 64.737526 4.0779233 1.2719572 39.972263 3.831023 46.874207 32.149105
381 91.147354 5.432087 37.270885 33.011414 73.48225 65.66124 73.79334 15.961689 27.98435 61.320663 26.587708
382 77.25426 10.910702 96.1182 22.932238 68.52602 57.143253 70.3954 79.01735 2.9418588 8.969313 69.33554
383 70.618286 57.728474 3.0276835 48.27867 99.87816 63.39052 50.890987 98.154434 36.85521 53.879868 75.50363
384 73.08737 0.67599416 3.330797 57.049538 87.670715 5.5495796 76.19899 42.413376 57.794582 67.570305 46.58469
385 15.914077 88.6159 36.76783 97.32196 63.18503 61.446774 49.411304 33.536488 71.767006 51.002876 53.86362
386 52.581203 52.046417 11.395168 41.596283 11.635298 70.555756 7.079494 57.16323 55.192387 18.356264 70.12611
387 87.403435 81.87415 83.314995 31.872093 62.86927 88.507034 13.694358 82.325516 91.9967 69.52266 97.78732
388 39.464092 90.94057 32.133293 0.6062925 80.48888 45.955223 18.347204 93.18688 73.64299 28.928965 79.996765
389 46.27738 10.688484 84.966225 4.13481 90.49183 42.66256 80.10107 25.307714 35.914127 64.03579 70.23028
390 25.543648 1.2178242 29.605167 63.646084 19.920767 95.24066 63.92726 60.163055 58.135307 81.31638 82.19252
391 72.368126 63.71743 9.2713175 64.33813 58.13781 50.90103 33.657955 48.88137 8.984256 43.411636 25.399607
392 60.22898 63.298027 3.6759794 92.501434 81.69403 15.997177 19.572718 32.847595 97.55618 21.879827 88.54282
393 66.417786 70.471725 86.084076 55.679955 17.648638 97.42761 75.018814 68.65778 12.327349 8.102351 90.04079
394 93.66733 2.5904357 76.62117 25.676287 23.8895 62.62622 11.762065 87.54308 6.6866517 94.92411 54.984303
395 2.1049082 14.242882 29.819113 41.323883 92.334755 1.7116368 81.14903 89.158455 78.18387 99.24739 68.64203
396 62.82444 47.92437 2.125287 27.81201 61.623173 21.989101 84.32104 84.34971 2.243352 32.470787 13.577199
397 70.013336 84.2305 83.123955 83.57845 37.659294 22.83811 52.25968 65.16717 95.19106 46.200813 96.620926
398 72.63353 11.782765 37.89048 2.0213544 22.405815 58.758892 47.9774 76.63548 54.654037 75.04748 39.95887
399 67.31247 88.42262 0.30184984 14.387465 96.68777 78.257645 93.79518 87.59417 19.282335 45.53622 64.287926
400 73.23332 4.8683224 26.795918 24.566687 40.965126 5.3665757 40.57138 67.63261 18.738197 2.2093356 45.15485
401 42.02028 78.95238 70.79919 84.20152 97.95745 53.196854 20.3326 82.40743 39.598907 62.00862 55.306202
402 17.115355 71.01226 14.732027 70.520966 6.4858856 73.652145 27.44577 96.94212 93.9505 23.48492 54.233475
403 0.5199611 90.49821 8.535618 16.79803 40.75277 49.706764 68.301346 20.357197 87.66154 79.395744 60.1518
404 38.523327 93.796005 42.74594 93.52214 47.888176 17.31202 20.405304 28.462624 63.5436 90.024254 13.504916
405 43.071556 21.820742 44.181477 80.971825 55.695744 35.987972 28.63059 58.693058 77.78798 7.18649 10.691881
406 83.914055 46.282547 56.990833 27.682692 97.0146 78.66433 92.96043 1.3866425 61.078262 37.007637 65.5104
407 91.21667 94.35122 20.650541 97.30187 45.274208 63.98169 11.415756 96.87143 22.435402 23.859383 15.019232
408 20.937222 39.03355 72.7696 11.213589 47.099148 28.253782 59.58198 91.049484 15.667778 53.16958 13.266873
409 9.220255 9.099621 51.155643 40.94271 63.662807 55.786377 0.4916787 25.986963 73.36179 75.355194 33.175224
410 99.8867 12.648958 61.61235 91.69863 30.66827 69.27119 21.04193 63.788258 12.450224 81.24838 26.405334
411 76.38844 95.2398 20.24709 91.33899 88.59575 22.186708 87.11197 40.59397 69.471725 49.075233 67.64061
412 17.188622 58.90594 84.14617 27.037542 90.556465 92.75242 76.97634 52.181084 74.87824 83.667786 94.999275
413 48.38665 33.11579 19.349724 92.53386 67.3181 86.55479 4.681772 7.41716 54.713894 11.462879 94.67054
414 17.345947 19.348425 31.144445 53.61171 74.96243 10.895145 83.39731 21.801449 86.03136 65.91291 98.13941
415 65.04365 37.51635 13.9197235 78.57531 41.474808 56.05638 94.38993 70.326416 13.685841 36.661816 99.51569
416 87.88116 7.1735263 26.102007 44.778164 65.7703 15.776229 45.46119 61.90617 15.088362 54.474144 57.029182
417 77.853096 4.2287707 84.86172 7.7126083 74.248566 88.65325 90.38823 45.45778 38.69788 88.66325 60.335964
418 8.0378895 10.687553 39.78404 83.24708 21.556288 68.15073 8.623642 33.470337 36.04977 87.45644 1.8543303
419 16.584885 29.846716 70.27731 79.0233 80.14497 65.365654 60.09051 75.78089 81.51083 4.660976 52.66817
420 25.18369 72.085014 41.379612 36.569912 36.161148 21.22051 70.34219 18.177307 13.016521 79.12922 60.473907
421 92.08845 23.76675 8.582419 80.36629 1.6599119 1.8245339 93.90633 27.745892 0.14863014 81.41533 33.145332
422 59.266304 13.333225 66.44013 7.266724 0.34552813 26.81213 42.29323 97.44748 26.574034 71.57609 95.284706
423 37.91501 59.16352 70.18889 72.478035 74.16878 62.950302 82.299225 21.41934 72.91147 2.8793216 65.62683
424 2.7101457 55.452312 25.257565 49.45956 84.77133 7.058221 25.273054 18.568092 58.38869 33.631546 29.535383
425 81.8583 55.45883 78.65847 19.224762 71.66679 11.317932 88.63491 98.6713 95.05414 70.49953 86.73487
426 48.969006 60.516815 31.90562 21.499432 15.016878 94.03886 49.17721 40.515793 45.94224 63.217587 16.316212
427 65.71047 27.280361 62.264668 55.95383 35.845726 12.955225 3.0091226 99.50703 28.494484 35.734947 75.678406
428 74.05236 75.14906 66.441795 20.33702 42.126637 62.727135 20.113117 6.609517 37.699585 47.67372 7.1803513
429 90.96169 96.930275 46.779163 80.51495 81.675026 46.505905 64.96411 86.153564 30.105137 18.668097 54.40744
430 33.24015 10.30609 51.572544 2.8603435 24.10655 89.13243 80.327576 29.709084 40.66062 6.0671387 59.655006
431 35.79339 50.883125 20.89405 98.16248 43.191273 57.082428 81.63007 49.074753 61.74348 53.76461 62.60909
432 48.116302 94.170006 41.00308 10.082322 29.05938 6.9517255 62.804638 61.048134 77.04906 41.99578 18.251974
433 10.188985 2.8048873 68.32254 55.54856 43.778748 73.602 94.01465 80.208984 31.295753 13.791924 98.42718
434 33.545143 22.365273 65.585625 51.708023 66.6282 84.75061 64.7511 63.11635 8.702892 98.66848 53.452187
435 18.115007 13.550758 93.03882 99.16087 4.972416 38.81304 33.769745 72.71456 99.42587 43.37287 5.26703
436 26.27458 27.179522 68.45553 30.548073 2.099216 91.5458 36.342094 58.198727 52.411747 71.86245 64.023895
437 75.56739 98.7719 28.46284 50.586945 45.734848 53.61185 4.542887 79.749725 83.68532 47.150074 83.414536
438 51.241962 96.54945 87.73711 32.084198 55.37658 89.673645 53.6175 56.13242 68.31245 49.53215 97.72409
439 75.343636 25.5279 35.144485 5.8814764 49.8541 27.630037 59.75495 1.922363 89.723564 15.833145 6.205159
440 42.76459 40.327663 89.58232 63.873016 2.3214042 76.91074 11.52063 87.51868 47.898304 65.69317 86.256836
441 83.18499 66.95562 59.31568 10.455263 11.825532 89.08656 20.911467 69.22161 45.019936 58.8903 95.0714
442 14.4939 0.4866302 74.03342 23.32031 67.37168 58.68448 90.92981 95.9239 70.55049 10.235805 82.67938
443 26.933336 7.102913 90.895065 82.55251 72.94397 45.907722 24.084568 66.56712 2.2572756 65.531456 47.43666
444 83.5652 75.713104 11.081541 50.20038 76.45766 65.68815 11.559343 82.730644 7.5831833 9.4831705 7.939249
445 21.583832 90.84433 37.957184 39.293533 27.061022 87.680305 11.783159 0.7915616 21.498972 70.06235 34.6326
446 13.658089 42.399483 26.416605 45.043026 43.82352 94.86481 53.36749 43.343143 28.995752 92.08639 62.9395
447 15.027893 49.4986 44.195187 49.658543 22.174967 28.037666 37.065865 20.967697 56.22337 9.464979 50.17781
448 46.443565 61.603004 40.82672 51.939934 33.20534 34.785347 2.0124316 1.6123891 76.201096 88.35373 81.012054
449 87.79777 60.097176 7.2653112 18.27283 67.18159 34.463005 53.755814 80.38954 95.59265 33.82371 39.04497
450 53.126778 92.40747 39.74654 41.420788 51.644737 63.780773 62.048763 30.261463 36.17342 59.150017 61.889004
451 49.50566 43.96205 17.001957 20.170004 18.977266 23.140097 2.133131 22.38912 51.34481 96.49593 68.7745
452 45.686348 31.446451 28.752768 37.23762 88.034996 14.898467 0.656718 20.492004 23.784399 27.551598 58.358116
453 19.67932 37.39937 66.25039 53.745987 51.45203 19.35938 45.833427 87.48228 16.69461 78.70869 15.297395
454 23.68331 50.21245 67.42435 87.00775 46.031082 48.984463 37.143116 22.80861 47.398083 96.263054 81.22455
455 87.46208 86.98091 27.921932 9.800661 77.19248 53.91751 12.816125 75.362465 24.946875 58.17906 91.407074
456 7.359135 66.594666 37.263508 76.46131 29.851854 67.52394 50.266827 20.257086 62.895596 77.360146 3.9785445
457 87.496376 40.25788 23.807447 63.758205 99.148384 90.3736 23.428112 85.43243 75.93694 8.9432955 77.630356
458 23.951595 71.38127 17.98445 12.888122 36.018932 42.52463 32.92922 93.49186 73.62128 25.116665 4.829401
459 87.71146 34.93345 11.4944515 34.992157 60.489124 90.33028 40.238457 73.35548 30.581547 71.429596 2.4288237
460 66.35727 1.909262 7.7254353 19.62374 54.508495 18.782621 21.284985 12.216764 81.71114 15.254998 68.32026
461 26.357132 47.74244 19.265778 15.663284 34.953373 50.245594 23.200321 99.040535 49.30452 43.825413 61.29699
462 62.64162 37.556194 20.057415 9.820003 80.20222 23.465134 44.80789 93.50151 6.379652 51.941193 97.46705
463 88.40943 73.61088 38.64996 42.569965 30.654562 99.238525 40.792774 37.682693 97.309044 86.11604 80.288445
464 85.03993 22.22795 18.114853 43.278496 68.72446 48.370117 71.22379 59.544193 67.477455 29.487968 77.837166
465 9.500628 86.63652 59.046467 13.265217 6.4243736 35.140305 80.849495 81.67903 88.042984 66.75353 83.569176
466 96.13791 19.196474 73.2043 86.22684 1.8752813 39.663113 33.15081 21.259176 31.782372 86.17984 89.98214
467 30.28174 1.4846683 11.995995 16.396088 20.755178 12.32441 21.858484 70.28734 31.754255 93.0244 25.077158
468 8.333868 17.781973 54.20951 88.2654 87.21536 51.472294 79.00898 85.55926 91.87183 41.057034 22.6744
469 4.717684 12.664932 55.170864 34.85788 68.68764 83.60188 96.03069 60.545753 84.23556 59.59798 88.912056
470 75.59345 81.41696 77.57672 89.378136 96.62539 73.35731 22.337925 4.682225 94.33275 47.492195 19.676203
471 88.50881 75.81587 13.5661125 55.131264 81.65261 72.78369 35.88363 73.736015 19.831795 35.66011 87.17362
472 43.74863 24.625189 41.788315 87.65736 62.97428 97.11309 52.112705 58.259003 80.07705 85.34539 13.412637
473 83.1785 83.24029 36.983562 91.13084 70.14112 45.45594 44.64868 15.164816 31.486385 88.22263 62.503975
474 32.066547 14.865446 44.935238 13.818091 31.630373 56.747013 40.992332 17.666048 73.86215 47.31618 11.6847515
475 62.064774 99.1451 2.879554 11.119854 15.80627 95.694725 76.81788 18.459637 53.704216 5.0835314 76.770134
476 72.09323 23.131865 19.985527 32.46997 91.327736 83.38545 14.922595 2.9275477 19.877714 34.90576 17.584347
477 64.961334 19.790203 30.641073 87.44751 68.00188 90.19564 36.310375 2.458626 17.241007 96.97765 16.060871
478 41.29854 92.27846 99.46866 52.60742 86.361496 69.174995 3.7799537 30.552095 4.514617 77.076 72.352455
479 83.933754 2.7225912 37.198227 71.56831 26.43459 12.811768 41.91916 47.40769 88.920845 63.399876 88.974335
480 19.594496 4.52897 22.041195 83.42218 71.68892 28.298151 81.95037 15.205008 65.20226 4.9315214 65.60406
481 59.011585 4.896736 4.738432 82.72212 85.98468 47.66244 10.829276 18.556965 22.93253 54.226406 38.425392
482 16.339285 7.4748755 89.74341 4.494172 26.72417 19.424534 52.159847 99.172104 19.046837 86.17678 45.054756
483 72.50521 21.339607 68.51893 71.18588 75.391 85.90081 2.7094662 43.752663 43.282734 67.573784 63.601715
484 41.797012 97.81402 75.93453 94.75481 54.371197 54.179035 88.757774 36.70185 3.0992746 51.584106 31.200945
485 49.70944 25.344688 87.6548 67.19836 37.40655 68.98503 4.1870236 70.985535 11.587733 56.21193 86.48089
486 47.185623 14.371359 37.056786 48.664825 17.503971 13.848818 75.54394 56.440197 56.12613 84.58445 2.3533762
487 11.650425 20.043034 60.074444 70.31253 91.664566 15.692025 24.860764 63.418343 3.984809 70.77305 87.80359
488 19.718105 12.526626 36.45829 22.483099 24.363232 98.026695 47.35442 67.333374 35.420383 88.91694 76.70753
489 77.47373 3.3172846 0.23652315 74.98056 6.925005 99.667046 32.771706 98.91356 57.67145 55.017845 50.214767
490 73.64392 58.607166 22.99068 82.87655 75.872284 69.60533 3.2844067 18.096947 45.18138 44.648315 13.945389
491 72.25708 82.530174 23.098045 57.732304 91.055504 59.04983 53.773136 64.78016 63.877075 59.26791 35.597748
492 58.320473 36.631256 15.802264 88.3275 8.996874 63.90016 47.728508 43.42923 51.190845 5.7150006 2.8792799
493 78.84995 99.4166 73.431305 81.23662 61.47117 49.74538 91.22215 8.600354 20.88673 88.67862 19.43919
494 58.437393 60.20793 76.01986 89.851364 27.13383 30.391418 68.02236 13.471174 40.990574 9.670628 9.152013
495 23.790432 69.74407 58.678947 34.753376 22.8072 93.987335 73.47365 90.10466 66.83051 95.75887 55.657722
496 13.969922 2.8595746 31.21463 22.969257 44.79299 85.07248 90.46942 20.94254 55.92795 31.91052 36.47359
497 81.48421 91.378235 46.256683 46.570133 36.454956 66.84766 9.689468 6.8656864 1.6687512 91.72841 73.72022
498 50.764805 31.246382 8.015865 29.827463 4.292488 25.179976 91.909966 21.083324 37.81017 89.53349 15.713984
499 12.885988 7.3716164 73.23747 72.062614 21.989273 50.537636 76.3141 52.80245 91.442764 27.553839 69.031136
