500
12
0 84.77528 85.64493 10.310864 15.143723 15.009344 70.84894 29.758846 87.92597 8.445519 8.51757 75.96556 80.807274
1 9.58373 56.37088 54.121677 97.66001 54.261814 7.052392 26.97925 31.149746 16.26408 90.519424 28.133207 81.92949
2 46.14318 74.38653 95.47513 57.269592 15.888464 69.23284 7.4971795 83.07879 56.205303 81.0502 99.71834 80.09408
3 66.69291 82.76044 77.36818 44.012486 49.079937 50.38504 49.083298 58.730465 86.16768 40.386642 93.0496 16.430967
4 85.82116 75.36018 47.87265 24.36204 72.134445 72.137955 44.404305 28.694551 21.98394 45.051266 68.535095 65.30244
5 72.092834 67.19277 58.128876 66.7125 12.29273 82.73818 87.192986 76.41919 8.029276 56.467754 7.218295 85.413895
6 77.77469 84.39442 87.37874 51.860302 77.65087 97.73346 92.74861 60.642063 0.3141284 86.2818 41.492325 43.86528
7 82.40103 75.61576 99.530945 11.724901 84.29202 83.431145 73.73053 32.414482 77.63379 85.96862 4.2409062 73.508095
8 65.30615 66.98054 93.10178 50.5686 0.9676695 34.35739 32.303448 73.298706 51.924767 47.659576 60.62885 88.57261
9 11.109877 41.771168 18.11366 72.95175 58.008457 85.14899 20.954716 56.146122 61.335976 17.186266 22.100174 69.242325
10 20.34216 48.61184 85.305466 16.854822 39.32974 26.231884 97.68831 6.7012253 99.15103 92.3837 0.12717247 21.055353
11 28.232443 57.963078 81.395966 46.252068 27.531206 42.62548 73.7021 54.62848 82.52033 67.624825 0.09625554 50.273056
12 9.908194 55.684406 61.662735 89.56333 66.72367 52.295124 50.90619 90.11674 69.34305 26.974546 31.560595 69.42784
13 75.02002 98.42372 11.212069 55.656208 8.838123 0.38012266 36.509907 87.85842 35.379375 25.53721 79.017586 48.086403
14 82.7515 52.500935 28.414572 21.42442 3.2077909 38.759987 27.101559 66.994354 71.011154 3.500837 32.400177 59.570606
15 66.33114 94.30448 78.39813 60.62218 11.026854 36.88653 85.810936 33.81359 15.679836 76.71308 74.56284 94.282135
16 70.02994 94.23533 17.494923 85.9658 84.18008 84.38789 14.863884 6.0427785 34.028126 47.706955 6.0891447 30.883068
17 20.126581 20.823675 88.338615 61.09088 48.64449 43.11591 9.629166 63.07992 40.706463 92.96281 8.581143 86.58342
18 71.816795 49.407303 3.0465543 28.528898 6.363207 25.220442 87.57765 67.33962 88.66543 46.57043 94.98043 33.058228
19 67.3345 7.9815626 52.68184 9.382736 94.79523 33.340748 20.817816 86.9846 59.966938 12.750923 19.123686 33.12676
20 75.87837 38.48251 24.990772 91.96561 72.30538 22.640354 79.37047 40.9132 98.572876 75.01042 52.29652 60.52902
21 55.97411 46.50721 60.209854 14.638239 80.66272 85.40034 65.37007 21.33352 34.511612 7.81132 28.600525 38.370895
22 26.763386 87.655334 93.4272 3.938675 47.090157 25.137001 98.13672 8.147728 0.017851591 47.034817 96.00877 15.708989
23 70.94601 30.330276 99.39871 86.54005 49.91574 66.320915 94.69585 20.449966 85.865715 2.3307085 29.512142 83.12448
24 31.699991 8.687639 85.62819 3.4715593 79.71814 30.030811 88.91491 93.6481 33.78256 41.55477 96.14703 60.997128
25 45.291866 55.8752 46.630955 10.464459 76.172745 17.249912 89.99646 83.183624 85.591675 93.41535 49.276196 24.726826
26 55.12867 86.86835 57.255714 9.49142 27.267742 56.664818 3.5727262 76.86042 87.07449 77.411995 47.53831 22.739845
27 39.995487 86.853775 17.322826 75.99523 48.2831 49.10504 17.98197 13.907158 73.39351 13.0603075 79.595634 1.3264954
28 15.905762 89.7251 71.1667 93.58127 52.461857 37.20031 97.30452 18.779778 90.63763 95.855484 52.336674 47.940327
29 17.541986 90.98624 82.404594 94.892975 21.63968 37.1553 60.164635 37.23976 55.44474 72.71919 1.6150057 66.487595
30 60.294933 99.06052 0.78632236 13.005233 44.66188 35.15763 58.871834 29.486847 40.95867 51.77073 80.944984 86.47838
31 29.471313 62.20984 79.6431 43.148285 24.069565 98.94258 92.82506 15.335035 45.265896 41.826324 5.787933 7.013792
32 39.82047 18.2023 90.51675 88.29335 40.57987 15.222096 89.81826 57.03999 39.044834 17.406088 96.04207 77.95155
33 80.05678 58.43774 98.2215 44.65718 92.056625 95.51881 1.4856696 1.0432303 66.99725 31.25217 94.92898 7.9152346
34 75.8887 15.047359 53.0125 72.270164 94.14435 10.58867 78.06564 17.409765 55.70662 64.15699 12.417394 62.97085
35 17.008919 10.809952 85.79185 81.34236 97.13187 10.914909 92.33993 79.105225 45.306854 81.67674 70.34941 23.853642
36 42.790627 29.547077 52.39136 54.383766 64.97469 66.248276 63.349705 8.677971 48.61106 9.160495 25.1786 13.841957
37 35.7495 95.63215 19.892036 66.20415 3.2242417 39.07457 13.573414 0.7587373 57.44349 95.24473 34.276825 96.18613
38 47.28089 1.7217398 63.563545 75.53996 61.813526 78.12225 65.878555 60.6333 68.578064 94.01881 70.6354 89.03594
39 66.31994 4.8267546 0.16929507 51.81993 73.59703 41.176826 21.876638 4.734439 21.08878 96.61975 96.93455 18.888367
40 26.38545 63.108982 10.849792 94.368454 91.03621 98.83053 45.398712 63.18105 1.6742527 2.911961 87.776825 59.700466
41 41.383022 4.72495 54.278362 67.22126 20.701445 29.33818 23.687458 39.592773 36.682106 66.6843 53.707397 5.1728606
42 25.422108 80.74217 73.922516 45.946026 21.001017 41.132885 75.52873 93.64435 99.61609 26.676155 23.746807 34.68577
43 20.046413 36.40688 8.623099 80.862816 63.86158 85.12616 86.8144 58.699448 94.786575 58.635765 96.746216 39.528305
44 55.42518 48.321342 5.8422623 68.47399 80.52291 79.71176 57.771503 24.069668 53.825752 38.115715 74.08673 23.15685
45 65.38068 83.55146 55.286217 76.55759 28.161633 33.13285 56.080364 49.860703 97.83389 82.107666 46.164494 17.191177
46 63.247658 84.180405 36.5752 42.25522 64.148735 30.968702 61.04204 35.05927 68.19057 61.883007 67.75149 20.836348
47 43.524467 15.885937 48.54238 2.787912 83.23837 61.048107 16.489565 86.73672 31.230236 26.19946 28.655893 74.72073
48 78.57122 19.971073 35.865402 88.538155 18.1808 78.88565 55.84826 92.43879 82.158516 99.70208 98.01915 87.26996
49 29.163765 7.8292966 88.27603 13.711959 82.88884 8.238763 29.158724 48.62444 51.32525 86.92684 95.91251 1.3839245
50 29.886383 47.67509 81.6993 13.393664 29.540657 12.75621 17.43821 57.227898 89.25972 8.528196 63.40243 97.229126
51 65.9417 32.802624 93.425674 62.470566 25.485569 34.781372 18.867004 49.04859 37.14025 68.60865 61.649483 91.46674
52 46.212368 35.622936 24.837572 53.76233 34.584175 49.72074 99.277756 97.9175 86.47552 25.426847 17.533667 99.46311
53 41.00004 43.933277 36.25256 34.059517 11.148077 32.21265 17.567223 41.822487 79.021706 42.08522 44.342125 52.413784
54 82.907906 26.63843 56.00332 89.15825 6.873721 31.543154 27.148771 56.966763 77.08398 88.52214 33.732914 0.48564076
55 90.37283 71.50872 97.7821 16.067297 24.452084 45.9529 65.5643 35.837692 50.53033 65.41695 32.95783 22.857868
56 28.381628 93.24526 70.30359 23.237556 71.6827 10.946285 34.958405 90.71873 33.6927 18.306042 68.5825 9.928435
57 56.34752 96.53979 16.192442 0.98872185 21.1644 47.424404 41.305237 46.814354 29.895824 4.8409405 45.01552 78.13678
58 63.842518 46.062653 83.32442 14.537704 30.652206 78.076385 56.026024 53.593212 9.126634 97.91621 59.319324 37.2171
59 69.17784 98.171974 33.225178 93.60997 44.073772 21.328037 31.838018 45.591747 4.2616606 35.267075 20.231438 8.804369
60 60.43784 72.083954 85.07815 45.166214 62.539196 22.296423 98.16499 33.450867 60.670948 24.68161 12.219596 16.922146
61 23.678082 20.437359 98.869095 61.12056 36.444927 20.357586 68.98525 28.261084 3.7139833 50.474346 88.81052 49.928295
62 7.208252 19.473272 21.594751 60.06525 95.38995 78.51163 67.30242 65.43256 27.875687 98.30159 33.388977 62.110744
63 66.24704 60.9686 71.61862 12.143124 61.954914 85.823135 41.141624 33.540405 72.733185 73.42163 71.11882 15.627027
64 69.246635 44.83167 69.43737 87.70102 21.742392 70.6097 62.680603 56.363277 75.711334 63.465237 19.484425 1.3724864
65 99.76516 50.80037 50.534283 23.781967 77.17831 38.220715 47.342484 67.26392 94.22623 26.71637 5.0228653 54.333645
66 78.27927 97.575905 15.785545 65.62457 51.604855 37.351982 46.859825 40.969913 83.32111 36.53468 63.882195 45.9149
67 52.577488 70.26246 96.133545 53.076405 36.76923 6.727302 88.8642 62.70609 35.69225 2.2883356 58.607704 85.68439
68 57.59501 34.139015 75.96776 41.32344 67.97922 8.180809 95.79296 64.69752 23.948097 17.106937 43.669815 58.22237
69 43.41987 31.222815 39.815773 70.905266 42.44591 90.91629 94.10513 8.682835 88.34376 57.694702 69.28631 9.71489
70 79.83019 32.14357 71.438354 0.13101697 66.58992 87.91211 58.16788 45.81871 43.822132 15.835655 34.578194 53.24461
71 6.665021 50.567554 46.07638 42.423946 74.71485 31.680298 44.859516 14.970743 18.149937 64.23641 55.48862 93.20721
72 49.57392 11.514675 54.18207 87.683235 25.25078 10.16137 99.01478 11.816102 6.873679 19.835371 54.58315 56.92845
73 21.66009 43.808895 78.190384 48.525475 70.979195 11.414253 16.334581 56.55688 42.788315 39.194763 74.16947 36.56596
74 93.090576 65.691376 98.39281 44.509983 58.94536 29.604834 70.25103 31.67776 28.098637 66.30724 62.394028 75.129654
75 16.196363 81.09099 26.346964 97.6026 35.25766 5.9533954 59.374756 44.580288 90.3856 11.001229 46.300114 7.5120983
76 24.663263 61.66135 87.01136 54.821045 74.21662 42.80671 40.387207 76.78081 71.230255 3.7168205 34.4104 88.53859
77 87.296715 70.61741 87.39192 16.047405 83.197556 72.57697 41.34495 12.548256 84.69784 92.03212 43.309288 95.16778
78 43.144012 82.4854 99.32034 30.394226 40.85601 56.347275 27.043402 38.448673 36.081367 87.92058 12.965983 86.22694
79 2.5256634 66.65301 37.386086 29.46089 41.397297 79.5801 21.988218 81.50868 37.02479 68.97386 20.115095 89.76622
80 93.25364 60.294323 56.282658 3.695935 50.151424 59.3654 9.226042 10.052216 7.5020494 88.07958 59.792294 81.76957
81 11.921537 40.756767 12.113226 54.454414 32.261093 63.48241 72.31137 77.33189 7.6728225 65.33346 94.940094 29.255407
82 4.0061116 81.43266 2.673161 91.96207 27.098507 5.383086 51.49104 5.6856036 81.35501 64.01489 61.622856 21.618986
83 14.419806 5.781168 6.471944 13.210541 84.69024 39.883606 48.16549 17.103546 29.175114 84.67258 12.527561 74.47478
84 91.339264 38.489586 99.29157 15.939772 8.99871 65.40853 49.169838 35.982567 23.242886 22.850758 19.72199 95.50692
85 83.28109 42.427498 21.361834 59.63071 16.872656 93.29257 5.676347 59.852474 59.74773 6.5227866 85.677826 79.369
86 83.61592 56.399162 64.65782 13.338364 94.762566 80.81793 2.7608454 94.5491 52.928764 68.35811 11.86046 93.12059
87 62.556915 47.775448 26.224827 66.93245 40.264374 29.947836 93.04336 29.435093 58.604282 79.69306 90.19918 11.863417
88 97.11635 31.60838 43.579285 77.76019 8.0058155 20.395542 50.389458 25.773638 81.4733 21.352238 43.873726 20.148754
89 1.0209084 4.2091846 66.82858 71.96898 33.563496 95.71388 72.46359 64.37081 44.771812 39.809937 90.41883 54.560493
90 53.974945 94.502625 89.84294 78.98005 2.6707351 31.16491 29.915546 46.436005 59.06862 13.814944 8.426642 90.01526
91 91.26243 55.54117 31.179464 1.3290524 32.059395 38.578964 17.05094 30.770302 17.94479 69.43432 96.32504 72.32718
92 97.22143 35.845036 32.023228 79.914246 72.42452 67.27354 6.818354 79.571594 19.381624 43.102814 40.97169 45.21544
93 29.784489 74.888596 91.62848 18.435389 71.196945 32.096584 90.608734 50.221306 83.68373 19.978024 99.21241 76.12785
94 16.668303 27.92713 45.01026 59.46825 4.481035 85.19693 90.41412 29.457241 30.925823 15.669745 7.126403 34.143597
95 8.96703 15.986628 68.28431 29.394823 13.527351 72.304306 52.977264 44.594254 35.90958 24.896997 0.37797093 39.118023
96 55.34395 20.444983 75.35088 78.67437 44.761806 6.906867 69.26298 81.3707 87.56341 12.173283 71.808556 75.64705
97 93.65135 56.12603 7.773316 68.263664 75.42454 16.219807 40.41619 84.20258 7.164341 53.266953 36.96673 32.04882
98 19.00233 99.80621 65.858505 90.12865 14.4568205 75.40279 26.797031 48.935402 88.69582 67.650566 88.456245 84.26532
99 23.870956 64.78228 42.18728 49.67694 54.027843 44.955452 49.094814 44.60044 1.503092 81.85125 20.4908 40.44273
100 60.94747 68.63975 94.18605 87.708725 38.064884 59.13392 50.252678 15.397745 75.0335 81.64134 6.5231028 4.2104006
101 20.898611 67.25656 85.73531 28.450214 35.828823 8.809435 0.25170445 30.522942 76.15208 2.1496832 36.847313 5.785948
102 60.99301 29.72154 81.16936 24.902218 9.888231 3.3438623 19.915659 23.09395 98.042145 53.701633 27.17731 9.61678
103 56.29893 17.278402 41.1672 41.79789 46.152145 45.382427 87.94835 13.071924 36.211987 26.670652 11.83592 97.14308
104 60.8339 45.345955 37.73694 95.79769 39.7252 77.248024 61.48849 57.649 10.245257 79.6933 40.74618 72.43762
105 73.07039 46.523327 24.461233 30.222178 73.48737 54.835438 4.5797825 48.222733 51.70517 15.798229 23.227518 68.13492
106 58.439617 89.36389 4.0450516 72.88801 79.149704 26.208443 62.065296 50.10998 69.51946 43.55096 54.93659 77.58601
107 24.230146 22.378046 74.57037 37.911842 74.210655 68.84594 5.4183903 1.0752797 98.16003 13.129455 39.361584 87.13025
108 1.2851298 14.675063 91.235504 30.308449 37.285484 7.6992807 89.75021 81.25172 53.351192 97.919304 70.2245 77.51806
109 17.33951 18.039394 95.196266 82.65021 31.692272 61.63559 11.455536 90.995285 60.695267 53.036194 85.05042 45.787884
110 52.317917 23.903381 64.82678 49.97989 49.377747 68.86027 18.381077 17.702347 78.73046 45.119995 78.045586 25.427002
111 23.487705 81.16222 77.61165 58.766872 9.118038 22.634394 59.668686 97.8891 27.21147 89.45968 78.24418 52.745068
112 33.516426 55.300743 9.237367 11.349445 62.7344 11.814171 42.121017 39.32192 19.939445 7.3491154 48.531563 7.5654387
113 26.145714 78.77541 77.47714 94.57795 97.55956 40.912567 91.5802 29.3285 28.816647 89.57481 45.461456 5.283779
114 79.727325 79.615776 85.30348 3.019303 52.7535 90.67845 69.856224 31.427103 9.950506 11.822165 37.52588 10.9352
115 49.07184 97.06408 64.399445 28.044617 19.910496 41.452682 24.587154 42.08907 65.00725 39.96524 10.416049 2.2163868
116 60.17597 46.730877 36.891705 66.52669 76.77314 91.32994 16.389143 13.990384 1.4804602 12.775212 77.475105 12.68217
117 13.094974 84.86968 30.653786 91.03999 7.26285 62.651157 76.02979 39.888847 77.39551 26.329214 58.571136 16.017544
118 46.626453 23.3118 18.820185 88.88559 15.374458 61.48551 56.341953 62.852066 50.954895 27.797258 23.530853 62.00605
119 29.121262 49.38918 35.043877 3.6495328 17.129427 73.12955 7.329595 31.711334 8.918447 70.489716 10.528034 81.38906
120 25.624907 24.530905 6.2904954 1.2237668 39.538235 84.540474 77.48596 45.26881 72.71828 80.91009 4.8105183 44.24258
121 39.10407 41.557663 69.29894 75.34028 12.625676 94.00249 24.76619 32.06962 5.483693 40.61201 89.207344 80.979935
122 67.59127 64.11629 5.895466 15.946025 77.69955 25.860369 62.88854 43.782417 91.782776 19.12844 81.25304 69.99848
123 67.98715 6.9784164 67.707664 89.6194 68.305984 20.19046 14.575505 15.916168 83.90137 92.03482 39.706264 16.893637
124 77.732315 27.545494 20.006489 44.327343 39.265156 24.850714 45.81974 78.4278 1.2406826 2.9247284 28.869474 19.817097
125 47.77497 26.017683 35.865074 12.962734 11.806816 21.182228 3.0400932 6.625402 3.7212253 47.000877 56.516434 48.90005
126 62.830395 13.14407 19.957287 80.28738 80.552216 60.133297 17.786694 57.709194 5.172229 64.088806 70.42641 96.82517
127 19.904005 23.81078 51.45892 17.329067 50.780773 47.8428 17.105507 75.57373 41.23857 81.826324 90.46251 56.9296
128 53.91942 85.16535 58.92923 14.320141 75.37688 78.53629 28.364594 93.55883 99.46285 76.91498 34.71325 96.15911
129 13.983286 97.42986 88.94797 38.486107 71.813 77.42956 77.79522 66.314644 71.45195 59.67705 47.27262 46.46222
130 27.691872 41.619484 2.806598 54.15074 75.66563 51.359577 95.668846 4.6525598 11.400879 0.46437383 65.53312 90.69151
131 39.74179 83.34259 40.7854 9.659302 32.093178 93.920334 87.30961 25.193823 18.150318 26.124477 51.11739 60.83396
132 69.18739 17.686104 76.50862 75.66322 17.481863 3.5054386 48.363884 5.9918165 84.25853 20.842844 11.420077 57.676506
133 14.665228 73.54497 50.516403 11.674756 95.573425 25.073784 71.18301 23.472082 33.576805 73.03175 29.755026 94.269295
134 14.895683 22.986294 14.418125 8.991724 44.75458 52.568798 44.029587 40.57175 55.26638 53.000324 8.823782 30.405151
135 82.323784 83.38026 37.62948 66.80258 93.17462 41.333725 9.235829 93.62154 17.260706 74.07554 83.096054 13.607157
136 8.863336 47.806084 66.51527 80.38943 86.76592 95.85994 54.50755 51.240337 34.47336 51.499462 25.115902 52.80965
137 55.787426 78.06022 80.4673 73.91742 11.310357 64.75551 33.297432 74.43303 78.62898 2.3372233 24.051619 95.22412
138 94.72658 69.55504 46.687675 80.58764 36.098324 93.58671 76.52465 17.513489 47.941196 29.017485 53.26103 43.177933
139 46.794468 78.28329 31.80321 37.377716 34.580154 38.57406 85.788376 65.9206 89.90293 56.90155 29.455387 66.568085
140 53.798443 46.309895 16.427088 14.82991 31.262165 16.05202 15.442646 93.14631 61.554726 90.03672 47.35792 35.73776
141 14.483965 88.09878 71.865585 81.185715 86.94029 69.84924 21.239025 35.731285 64.55537 51.279346 9.649682 9.001118
142 83.421394 99.2346 75.73536 8.613801 52.618767 51.726376 1.4079094 75.67086 51.43597 55.245758 57.49541 65.84213
143 87.52182 20.29454 55.642937 63.52522 30.992771 78.81624 92.684975 93.86638 32.248043 51.72507 98.002396 30.310196
144 90.75311 59.984653 83.55149 96.39556 91.48355 11.43409 30.47654 18.895948 33.532326 79.6143 63.480293 95.83552
145 80.34507 36.089962 85.228355 14.684278 97.24001 69.13426 96.617714 61.99269 63.68869 98.148766 76.17189 51.2798
146 54.985405 92.8948 52.3741 8.1106 50.438454 11.645704 78.46558 63.52443 8.406008 53.921562 19.983213 44.402946
147 38.01845 66.79457 33.762806 13.655222 24.234766 73.16907 53.782524 7.4703813 28.241545 94.32584 87.36297 71.13041
148 85.703094 94.81578 55.99255 90.33529 77.90234 76.99815 12.332076 9.579044 17.58402 25.709146 10.511351 82.301834
149 4.841733 45.346916 65.21253 95.36447 96.51189 25.760645 78.60371 90.44605 43.394703 17.48724 48.117638 81.41214
150 76.6719 27.907091 55.352776 55.263382 31.90261 68.66798 22.80724 87.237526 45.035015 81.19598 64.35547 91.848946
151 19.365871 45.27685 33.76645 41.519894 70.020584 78.61897 37.380547 84.95809 98.33227 70.126114 49.360477 87.102905
152 22.801172 52.50919 85.572495 41.3929 6.7608476 21.10182 22.814148 99.96323 31.421202 94.63407 19.271767 56.382538
153 92.87073 3.638637 8.065486 53.473442 74.48281 85.55739 14.635855 81.973335 3.8787782 78.98631 39.468746 67.19566
154 33.359592 98.40999 56.983437 94.91692 42.049694 54.86252 98.87274 15.477503 99.730774 75.90059 13.147569 49.14253
155 29.626297 92.840866 48.776333 35.282154 78.68548 66.21415 98.11185 63.622086 37.977802 37.701775 6.0635805 64.96948
156 36.728794 43.386776 4.8169193 40.284653 65.69788 27.977716 67.24701 66.15522 18.728191 30.812592 60.262947 28.60899
157 95.40435 4.0533485 73.197975 29.310513 98.1712 92.7294 55.896908 53.621166 19.636333 90.434906 19.019157 40.424133
158 31.06202 57.84632 75.76187 2.2463918 2.5147855 92.18214 73.01479 90.835 55.36676 91.71793 11.998826 19.312138
159 35.72646 11.999911 67.64017 45.25265 15.12438 40.036167 14.02961 98.97223 54.910946 64.11578 64.86255 44.018494
160 91.17189 23.702072 65.11316 69.91912 5.6752324 33.823265 78.54172 4.820985 88.88989 78.356575 17.955154 63.47443
161 87.22932 7.449925 57.238758 6.3626585 67.456345 95.99028 49.6649 22.495264 56.031384 76.513016 92.28781 81.88765
162 94.80341 44.319023 15.591038 56.006687 41.85026 1.9544065 18.01613 24.012882 77.8045 10.803259 91.43143 69.568214
163 14.297592 9.600425 13.67358 3.9667726 48.175358 42.505676 93.500534 4.6049175 39.15154 76.37116 99.93357 38.124187
164 81.15539 30.422956 58.15102 1.281476 80.68854 58.26766 46.75308 92.636505 86.2422 17.493927 43.08458 58.969933
165 38.759033 5.7943764 73.9303 2.9910684 37.084503 93.17778 85.650215 5.9598627 57.48769 10.228098 30.874187 99.49415
166 1.095432 74.31245 16.216564 5.782044 6.248033 25.023567 87.90101 71.956856 88.43062 61.904613 78.31806 21.36461
167 12.956232 10.649806 57.798637 77.273674 64.682 6.569296 51.5131 30.213129 24.747955 58.28015 93.45036 92.118225
168 61.970753 11.528235 7.7554584 33.90384 81.74702 58.01288 74.98546 39.64121 79.079506 51.39284 57.56889 33.401863
169 15.903878 90.678185 8.224863 73.84056 82.846245 87.39883 58.427574 48.06394 28.776814 38.79124 5.1158133 88.18406
170 10.249066 15.325999 64.48386 40.65772 59.64778 31.83989 6.4002333 26.099651 23.443287 91.02817 94.1477 73.32757
171 28.509926 63.84952 36.937447 10.109091 88.46918 40.314495 80.01064 60.159283 27.23282 47.046535 54.90244 73.66552
172 32.430832 74.86508 44.220425 0.84379315 36.606346 94.44567 67.50684 75.165825 83.65355 3.929764 11.650533 76.912704
173 66.98358 56.315434 37.94049 97.14381 14.65919 52.750908 33.072388 67.11611 55.887436 70.729866 0.90717673 85.31013
174 88.75614 72.96701 41.02607 91.73567 7.2155833 26.793463 37.42912 61.89057 57.62225 57.695435 2.198732 26.973862
175 23.572487 80.63044 33.520264 55.6239 69.46645 54.55925 61.858345 40.032654 65.777084 8.857977 61.87951 26.815922
176 25.186617 3.614074 98.25331 83.09276 71.739075 32.017357 80.930565 30.00661 63.398243 13.947773 17.877197 50.127132
177 80.66631 91.31555 41.3361 49.09218 64.29071 32.66681 26.11084 44.33009 37.960426 16.033894 26.539404 60.154076
178 36.97475 53.049732 1.9923568 25.916178 1.1772275 76.08927 30.937761 25.782293 95.3169 54.839592 90.72912 10.140246
179 28.072947 74.48721 96.96749 1.34027 33.213634 68.96349 3.053707 63.613342 4.0270925 97.7852 90.68124 38.403954
180 81.83999 11.40883 76.63939 3.336209 58.02697 9.188336 94.32399 3.517741 68.61461 36.552364 11.528826 37.345158
181 23.918707 38.528545 33.965218 91.44516 0.45485497 18.929451 38.89302 98.462585 26.773882 96.13223 40.419994 1.2522459
182 62.35307 84.247284 20.425833 13.367099 12.990684 13.460326 62.49299 60.846867 56.386757 75.387405 4.2926016 18.04588
183 97.14277 92.40863 13.004929 31.007242 5.9827147 57.209152 82.78976 77.66455 68.60876 27.284986 30.11188 93.46821
184 15.587097 35.157005 6.735575 93.98753 86.659676 48.734154 79.10357 29.293829 6.85032 86.99141 12.100488 86.70439
185 93.95127 27.25969 3.1675637 23.550106 49.01799 84.403854 5.4986 16.365486 95.26263 65.49643 55.532177 90.20185
186 63.425808 11.843479 36.90051 76.10283 80.84202 3.0158818 9.951437 97.19272 9.828615 73.57396 60.290615 16.9097
187 21.865528 55.200756 51.67161 85.82769 55.750717 16.795666 45.980446 86.97517 29.283451 8.603787 96.819084 20.862484
188 89.12658 88.60965 61.902927 59.417522 46.724022 99.21002 74.575714 78.114395 59.20822 87.666275 85.45061 94.733025
189 43.143536 7.1503696 33.558052 74.94431 21.04737 67.53291 42.28428 34.37423 81.55655 11.668462 1.4929891 75.61985
190 14.817799 98.13133 94.02667 50.09472 66.449234 63.521492 35.58297 58.354546 32.825005 94.03684 12.869131 80.04464
191 14.3736 48.499817 49.87972 13.728464 14.257658 73.99784 87.857574 67.07441 49.739838 35.378826 95.53625 55.230373
192 60.567062 24.725634 4.9872103 77.301186 0.96839666 24.370665 99.98272 61.82219 82.81812 3.8208365 31.22378 17.715645
193 60.933243 38.02218 41.872383 39.71125 76.43715 31.644075 11.18251 90.45428 80.02199 25.509405 50.069763 85.92628
194 68.489006 90.005264 54.434006 18.334848 80.15824 83.407845 67.00399 59.828014 97.94801 66.73681 51.26983 51.350468
195 13.776082 31.271618 9.385806 20.345634 70.38418 59.532936 5.248618 17.040522 43.006058 18.733585 92.58783 66.51528
196 75.06828 79.878235 11.956984 9.003979 81.226555 82.34234 58.91323 26.80717 64.70636 78.45547 45.157684 17.293667
197 21.654165 14.9809065 64.52878 78.76276 75.846176 47.113567 33.86079 92.02745 75.79085 58.46598 35.01413 44.623955
198 11.455411 39.293636 26.841957 97.2751 58.315575 80.80524 95.27991 0.92105865 16.253084 90.75171 44.745045 56.12724
199 84.402405 53.59442 16.032797 60.39669 50.083065 15.483898 14.14482 9.825272 90.46665 2.1646023 96.01697 33.177776
200 4.950279 97.95054 62.808483 13.929158 49.985188 61.343967 16.936565 50.768166 17.2974 2.0126462 30.88333 72.72222
201 32.30663 33.077507 66.2651 41.219242 98.68187 69.43528 18.850922 69.40008 44.261475 8.651733 22.073072 76.74633
202 45.22 86.378815 49.826508 84.0633 1.9019723 87.90053 33.556194 76.09377 88.997055 54.990547 71.145744 4.1311445
203 2.8460085 0.52216053 11.122143 33.111584 23.099142 19.02551 58.16899 22.516281 8.468634 10.516346 60.69479 60.29195
204 66.004906 57.36667 11.846757 87.748184 99.57971 63.7542 58.32033 81.423904 30.7819 77.381226 60.82818 17.20544
205 39.24539 20.822788 63.21085 81.059525 29.86467 11.240977 88.75764 9.714919 62.055904 2.539879 10.036355 20.145489
206 77.14848 42.651325 7.892978 96.99835 10.4114 63.913536 4.577321 56.958633 45.714863 68.87465 91.292015 54.79467
207 55.29244 3.8248122 70.7754 70.394485 1.7118335 33.500416 57.55229 53.95886 71.50101 12.341106 61.770798 68.69298
208 62.744175 49.105705 74.452385 69.43606 85.502556 55.321266 52.69061 80.845436 22.58563 65.76614 10.831338 80.73197
209 77.76907 96.8527 78.75325 70.21246 43.10737 31.318844 19.655931 91.34851 0.9178221 64.0645 68.679665 80.292076
210 39.023823 32.345177 79.46405 66.626274 69.95976 65.98962 50.45311 21.11305 71.389206 1.0326922 56.23541 39.532948
211 91.61623 88.4029 74.1448 31.388145 21.73484 22.391909 73.22944 62.159466 25.932158 99.94081 4.823661 6.347418
212 40.319717 78.74511 92.44315 87.033554 15.308428 21.312582 87.49419 64.081764 49.173553 23.970545 18.080341 46.832634
213 73.59555 29.041212 75.55701 34.261997 33.443684 88.677185 29.786497 63.67605 1.0354698 87.92711 44.462955 92.25906
214 73.01419 79.30113 41.39242 59.898968 79.60776 32.305443 83.031654 28.976042 50.447697 49.05655 59.522457 61.058163
215 7.730955 45.172874 66.33193 42.112648 21.00724 86.74027 85.66173 78.89242 53.28948 16.387575 66.07187 58.11842
216 45.847733 90.580574 65.14012 37.05795 39.600857 96.40088 47.122116 45.75054 70.42352 68.63706 36.978806 55.682037
217 30.207825 0.3575325 32.096935 61.93767 76.74052 34.70018 79.6586 42.125523 45.274075 58.90543 89.843216 78.56127
218 50.28858 49.20487 79.6076 44.817577 24.882204 56.684772 18.238407 74.80094 80.32168 88.36481 71.56885 14.6238985
219 52.676876 47.2204 46.874214 43.850613 55.610443 11.549622 12.997162 83.93192 67.065605 83.819855 81.00353 55.097485
220 26.873898 36.869175 58.24734 17.48451 16.58436 60.083836 44.554127 33.26575 81.80391 27.995253 92.55441 10.966099
221 61.054466 10.764551 57.062935 64.56239 18.928177 41.442513 70.66987 13.443041 80.801994 83.961205 97.06116 16.522402
222 12.514525 82.84684 80.50595 27.98239 32.48022 59.02108 62.740654 63.036 32.301258 73.22079 18.2535 1.1212468
223 81.930435 51.01826 39.6582 38.95051 19.045353 31.732105 18.177134 46.331192 52.03567 12.311178 24.784779 9.674793
224 19.712479 40.24269 27.654732 59.22027 46.66676 14.43395 36.383034 30.374205 54.58958 66.66199 56.0165 72.93728
225 50.58931 69.455475 59.996635 86.62932 22.683031 89.109856 54.35224 71.09124 59.59512 28.943993 42.261147 53.84162
226 51.472248 80.95074 2.6937008 22.471083 65.140656 80.80398 46.296818 86.20479 62.420826 87.95206 90.84205 26.94866
227 3.4201145 49.505867 25.119411 47.720135 54.604073 53.136326 79.59904 65.17058 80.06986 93.60819 52.80605 27.519941
228 5.3941193 22.337936 20.27341 25.992186 98.595825 85.975685 77.078735 39.67279 49.350582 94.04169 92.0727 45.079464
229 53.134556 56.72546 21.519125 93.67984 24.296934 60.77196 89.3535 25.702589 94.30378 76.687744 70.803764 36.031403
230 67.01966 26.117462 53.691936 28.467196 40.667152 60.04626 18.149925 5.4782095 0.10946989 71.418106 99.34902 10.577321
231 87.73295 68.82721 40.5878 15.081984 76.17061 89.20687 24.944126 67.19655 61.425762 9.035039 94.72576 72.64494
232 35.95664 96.69104 39.012848 77.57145 73.61477 18.486668 93.35105 77.77826 92.94787 91.87334 52.61404 86.80431
233 63.551746 59.775116 31.50909 88.654396 78.467766 17.35533 8.263868 60.50951 50.96653 48.29713 79.630356 34.398632
234 68.64256 52.43141 21.213263 34.06074 84.087105 64.90845 50.824703 60.110058 67.34067 62.773357 6.448102 40.733963
235 38.99606 25.524193 79.63842 30.66253 37.684875 98.82182 52.78008 43.7734 15.5047655 5.8607874 20.370638 86.721375
236 58.81322 48.9425 84.00926 16.255844 79.12093 48.519783 84.47086 41.8215 34.27054 21.471024 16.377718 9.600985
237 18.705029 11.742759 88.59081 32.888084 93.74549 50.96228 81.396835 26.673185 25.055344 54.42037 77.53899 88.2408
238 10.824418 98.27602 33.6193 68.64284 46.931107 90.31775 19.687527 56.90798 6.0155926 41.572063 4.0398836 56.12297
239 47.917664 85.98203 46.30658 50.98716 16.504436 35.855095 91.54752 34.569656 70.05702 21.426947 20.852058 88.823524
240 91.93238 52.399914 7.214588 61.532074 8.311939 80.44321 79.408775 90.93817 18.948847 96.205025 99.19714 39.061146
241 13.700938 88.26234 79.291306 72.922966 86.36817 39.56331 89.63378 98.43296 72.33636 68.30557 29.231089 99.929115
242 77.470085 2.9053688 49.16848 66.31614 52.61706 46.878212 51.62878 15.911734 16.31449 60.26221 19.586445 41.6097
243 73.47183 94.92385 45.026825 37.452717 0.89827776 46.010536 70.54006 90.40087 22.819216 59.33183 73.25794 6.76952
244 27.564054 92.00526 42.45547 22.839855 47.303867 2.794969 6.650919 31.42752 48.27748 29.770226 84.448456 50.201023
245 41.88925 40.843834 80.226074 99.308815 5.222148 51.109623 43.441666 32.998093 91.03079 37.437397 13.98834 46.550507
246 55.617893 32.31886 98.6635 21.743095 51.923378 96.36912 61.2268 73.45052 33.750404 92.11517 64.32219 60.786808
247 24.71146 64.751175 12.155265 48.74953 96.90708 71.474625 2.48698 72.65089 24.56957 46.968662 82.27934 16.232145
248 67.24623 94.753525 98.07153 65.359726 56.20566 12.749254 57.551003 19.251282 12.583351 95.788734 48.30296 8.502513
249 92.60915 71.373055 51.672733 88.564354 5.660921 70.112724 10.173214 5.103856 76.76016 75.55083 54.83892 96.7803
250 63.674377 44.985634 31.10783 45.853752 97.53573 13.128269 17.752956 68.75146 97.65966 42.63807 60.450226 69.84557
251 39.19376 42.527233 19.934427 51.404743 94.80432 48.934628 2.3482084 71.69323 67.584496 28.71437 17.131323 88.79134
252 15.826427 89.60973 24.242407 88.74635 95.634224 40.491062 49.078213 18.544556 14.272404 59.293644 79.39484 74.09514
253 65.66518 77.0277 15.892029 4.47067 74.91707 44.737858 36.758907 11.153865 96.760414 1.8191516 99.07272 46.657497
254 24.406164 32.965775 36.9806 53.8351 71.65162 75.617256 11.377186 65.27082 88.86355 97.51562 9.433764 82.67398
255 79.502686 96.39998 8.760196 37.11889 60.392517 11.509138 91.930756 51.734753 88.4812 74.06584 87.12732 75.10024
256 87.23254 44.971092 92.11286 63.72939 95.15459 90.29617 16.82018 79.81054 20.789701 65.64077 17.513538 51.500748
257 86.51719 19.906563 38.555485 59.868877 36.84152 77.458336 79.90021 62.870384 54.84913 19.01276 55.964844 12.934542
258 97.92325 98.97512 48.739273 42.82378 25.627178 17.465431 11.933261 82.9202 39.235455 5.128437 88.49184 82.10348
259 94.35266 88.26169 28.610056 60.567505 41.369152 30.137808 64.93605 54.503174 19.430655 5.0205765 24.266493 74.336624
260 99.727165 56.721104 46.825386 96.50348 85.129486 40.113388 94.100464 26.470947 12.727261 97.3952 60.93019 92.36284
261 31.16896 0.6687045 56.63916 65.13374 88.70459 7.3174596 80.87342 15.374607 43.630356 47.425854 22.566574 47.673386
262 14.888149 54.940544 43.159508 41.724003 15.650636 92.28951 38.60333 42.35918 40.907955 16.694618 87.40873 97.22634
263 15.757996 24.441988 95.49217 36.33979 3.9964616 54.977215 12.047643 19.200533 46.725338 71.99861 66.193405 66.11155
264 63.380154 84.92272 21.569622 15.829575 38.462723 66.445755 58.06993 63.444 17.313934 34.739613 16.967428 83.58235
265 94.739494 40.479565 21.14278 14.495241 47.793186 56.84499 47.053486 99.61873 5.4213166 56.36781 53.423553 62.75976
266 75.18523 52.592583 95.12152 40.57263 43.42668 31.585747 83.88095 47.526627 7.85411 32.081497 22.766525 91.7054
267 88.752304 1.2312055 93.774506 58.686012 40.30962 42.349686 30.668427 1.1443496 60.686035 32.602585 57.88932 6.007278
268 87.49333 62.19723 24.758017 2.7692556 93.7207 86.32782 48.631374 46.421932 42.521763 79.951195 95.42197 78.28189
269 62.701668 0.56081414 47.99378 86.37986 10.538548 41.675083 27.267092 54.09173 48.38542 60.016132 55.08017 78.00761
270 2.2846103 81.64227 57.452347 31.873238 35.85628 99.99141 60.172146 57.582355 67.57745 24.334414 91.71014 32.99815
271 55.14239 87.03093 80.25348 32.74569 11.097574 77.79201 68.91703 96.51848 5.892152 12.512768 15.45462 10.916126
272 60.71217 21.835773 37.437088 7.973969 56.116573 33.195644 91.05675 75.5198 52.02316 31.494034 69.449394 52.020126
273 68.77244 93.64081 95.49543 58.943592 51.908802 65.91245 93.08457 75.720665 89.356 69.42785 11.229783 31.525373
274 68.535065 96.08916 66.43343 21.321028 22.696186 77.21257 62.39369 24.431044 85.64495 40.969444 52.354137 37.416985
275 37.78093 7.9286575 70.82154 30.928331 14.89101 30.75081 78.49253 5.6553483 65.71991 52.814026 20.341671 85.352234
276 81.55852 18.69048 83.043625 26.45111 97.841194 8.446532 78.15642 1.9675136 46.23328 18.273819 53.52047 91.67834
277 48.43909 66.602585 11.678612 66.96841 17.800861 51.293736 63.159878 34.889442 19.835018 17.506212 69.370056 16.016214
278 31.620216 54.20721 97.58286 90.340485 96.18251 20.915031 64.92814 97.00035 50.79741 5.076867 42.940857 10.947508
279 96.84229 28.49332 15.592945 13.11866 98.19174 1.4716089 76.01699 92.271675 40.172737 73.051544 37.39747 64.908134
280 42.118816 40.891933 56.61527 24.72877 4.2254806 75.48536 92.85977 61.51692 39.672016 29.601871 73.0583 49.44098
281 22.105753 58.626263 19.916492 51.294147 88.165955 73.1909 32.72797 24.496841 16.651232 98.719635 44.822777 29.683907
282 47.41243 82.75563 21.321589 17.857706 61.6029 89.87523 96.29491 18.444979 73.37161 64.28237 76.859024 30.746763
283 54.585968 44.588734 93.347145 74.37816 47.177917 45.628292 37.465157 21.079361 0.9882927 4.312128 75.07548 78.027954
284 92.62232 35.440018 25.564814 40.341015 37.218403 88.05432 77.06665 73.23593 49.879898 1.4151633 25.365818 19.292068
285 66.84475 64.12267 36.1615 76.95773 13.603109 1.503557 95.369125 37.975796 43.762188 90.36966 22.97759 55.416298
286 49.458813 0.9613514 33.133095 93.72916 12.801475 31.688034 59.896786 67.44877 74.76861 60.61271 75.632454 37.243317
287 10.091841 30.001652 81.14923 8.8148 26.119476 87.23997 75.29064 81.19353 33.006477 71.6281 31.17606 52.26914
288 39.643456 95.71486 39.12755 98.55563 12.665028 69.64298 77.628746 67.36141 38.122322 44.29942 56.452995 18.449348
289 60.737007 54.755096 36.164032 21.21145 53.155144 69.487045 69.14944 96.19564 16.684364 47.204906 65.618935 6.9182754
290 10.333663 64.8202 57.825886 81.24882 91.60102 64.32835 94.201256 19.796394 70.70251 19.312841 26.988007 31.760956
291 90.451836 3.681463 80.006744 3.29296 52.73817 55.422066 72.85806 27.759516 95.7828 30.000473 92.47484 16.224586
292 55.662918 83.954834 8.591164 16.266197 12.868953 85.77558 25.320726 30.882818 67.11656 23.861963 3.3729374 81.15805
293 8.785963 39.846085 16.032213 57.592316 66.041306 18.563234 64.24691 68.16938 26.035828 86.17782 52.195637 5.46605
294 25.091743 17.26349 52.508038 11.155587 15.1268425 5.8632555 90.716034 31.386889 75.96418 79.66136 80.112305 99.58797
295 9.902203 9.3882675 2.4221659 99.655174 25.746494 5.518502 75.79048 99.220825 64.43149 83.338524 81.59832 73.277054
296 2.7217329 86.748505 45.41741 87.970245 80.92362 75.972374 27.660025 84.52839 66.01575 29.001427 76.67652 97.26621
297 84.38931 69.466095 14.492041 87.21431 35.06114 92.16083 54.172504 55.487698 41.675888 3.1411111 11.892521 75.95464
298 82.05675 54.736973 57.88339 14.562827 80.01655 31.611788 13.118148 68.860535 83.43426 15.831053 15.206539 3.4138918
299 33.380848 24.54636 52.70067 89.127815 44.800007 10.161818 64.84142 92.64972 33.68271 40.612366 69.50632 48.35773
300 97.90274 26.587318 69.36505 73.75558 68.296715 37.1819 81.43503 29.825884 17.884409 88.62091 82.59474 53.003216
301 45.353043 9.500938 90.20744 93.455414 24.40381 76.63208 37.695564 35.40166 43.925972 88.28082 27.363348 75.91045
302 11.179363 45.739044 72.47852 27.231825 77.500206 63.048977 85.89596 39.011276 95.079666 20.841492 49.448753 17.055523
303 65.99411 40.09981 55.87223 27.582455 88.09734 30.808252 59.900993 4.5625153 94.138245 88.5156 96.94031 33.880775
304 73.373825 77.52602 23.723347 34.21649 32.152157 75.48114 35.80079 29.909538 9.89973 22.331762 9.5582485 56.38377
305 8.432036 42.99482 72.51942 21.211279 99.597374 12.292826 3.5829484 82.47603 53.356243 32.082737 15.984553 96.14087
306 25.1993 61.865013 49.410187 22.6112 78.335266 17.751217 45.863514 93.15635 7.668352 51.65062 66.472946 94.39412
307 14.877308 78.16722 16.087723 85.324814 37.86225 5.2944365 29.745405 69.64128 14.710093 84.93485 73.19734 86.02585
308 8.727312 57.997524 59.76558 82.221756 3.894049 67.84028 61.801846 12.745344 11.513144 35.69461 28.663408 54.65886
309 91.381676 77.06592 28.963846 6.887424 62.3323 22.632664 35.26127 13.734901 55.62222 38.629246 19.489086 96.692566
310 93.845604 6.9044113 40.302193 56.064022 71.58057 74.67978 74.906555 7.635069 80.93621 58.432037 81.47444 93.44566
311 94.93349 39.292316 10.348188 70.08317 68.94221 11.962766 7.1392536 54.78402 90.22624 2.5230467 45.588673 47.540337
312 38.349842 98.82931 77.53185 46.45633 75.41684 0.74912906 9.181314 10.4463215 70.80639 95.54467 82.69427 76.23574
313 56.504776 59.691345 17.92714 10.301834 77.89357 34.7422 17.511559 27.221786 42.835842 88.023285 57.839756 66.79068
314 16.309755 54.53807 35.96148 27.704561 66.193825 34.09927 57.31961 66.608635 40.94094 46.08501 79.050804 0.48607588
315 74.93468 96.087494 48.42681 86.868126 40.757698 95.902214 33.899952 90.90498 38.1881 76.67333 57.942677 98.23328
316 61.557198 9.508001 35.050655 66.658615 74.54623 77.501945 56.3358 73.34985 44.276608 45.94816 63.309795 54.488815
317 14.678341 35.65834 19.79928 24.669838 97.935936 89.00415 32.305855 28.895737 17.95532 14.736408 28.201479 22.430456
318 82.225746 30.18201 78.422554 96.26651 89.43703 76.428055 30.093569 98.33288 96.33692 41.024 85.88775 24.15318
319 85.47014 75.06694 54.842804 23.375559 57.83685 67.85151 85.53374 49.907207 53.66388 37.190483 41.51124 59.332783
320 8.228332 90.7392 63.10852 65.47517 26.155102 10.937595 84.27542 22.528774 0.28469563 50.336647 1.0058284 15.883244
321 73.84432 95.97864 64.98352 65.84313 6.336397 61.09531 55.894917 67.785645 33.67818 93.67784 54.871716 80.293396
322 36.39168 97.52487 43.969673 1.4245868 41.073967 49.317383 19.512976 41.075706 70.30569 61.29459 65.399414 54.44742
323 35.225857 93.46639 53.746773 74.60468 89.169556 11.311561 50.052555 99.24895 56.302357 27.956772 6.639123 2.8788805
324 37.67308 66.34929 47.67716 66.85463 20.438885 43.431877 30.448305 29.40818 61.401432 70.36633 17.460966 39.833153
325 40.948933 0.06283522 2.122128 66.974815 40.85861 44.34616 94.25664 24.324387 62.32183 50.78126 21.028603 71.65976
326 87.467224 35.30589 21.746248 76.99141 87.344536 37.256145 82.4226 39.851295 75.87627 13.062769 46.43234 6.5530777
327 7.0797024 42.846306 62.57672 45.363068 61.61561 58.41395 60.58123 91.52603 88.451385 43.88898 28.555696 42.323612
328 73.467896 32.576225 67.10737 55.90297 34.834682 60.938984 3.289014 36.15991 75.88564 17.048967 14.875966 22.716373
329 11.314833 74.95158 74.89761 29.782402 68.36331 65.504974 19.014341 21.784813 18.176073 39.906353 38.156067 84.98926
330 25.881165 14.880121 37.56072 62.411446 3.699845 92.998215 95.522514 0.14272332 87.36978 61.52429 23.142498 94.401955
331 30.496675 36.27542 25.3443 94.330475 67.601105 20.092445 6.364292 71.49199 48.36549 39.48365 45.64826 5.510312
332 1.9939363 47.796036 96.19929 0.12168884 81.068634 92.878845 63.350166 55.54638 33.528835 34.701435 1.9158542 3.467518
333 4.430473 20.900642 0.76872706 8.5804405 16.299337 31.953394 90.93446 55.739445 78.81192 52.85191 34.005283 50.84185
334 41.183655 14.118022 97.49839 44.973976 0.28282404 35.109055 61.051167 49.785053 85.70269 49.28114 88.15489 3.9013505
335 51.70857 60.89143 41.41044 8.353448 52.337612 81.104294 71.78185 7.937723 67.48696 88.24727 13.576484 16.203869
336 87.41197 10.732067 14.258128 76.95097 73.81578 14.667338 1.8767416 13.885826 66.10065 3.2608151 80.86421 33.171333
337 30.141132 77.61652 70.0007 28.254992 88.2095 33.420288 83.112946 61.465652 76.83105 54.27739 64.95191 7.810479
338 54.07736 28.18603 50.948494 90.16694 89.1385 40.92871 22.2157 85.18068 80.28308 60.231895 86.11489 60.74822
339 48.162395 2.635783 70.60998 20.642466 70.79838 95.44836 77.98387 82.852715 65.7848 97.3084 83.58732 35.343925
340 80.808395 0.1937151 79.24497 77.53967 42.456852 94.68616 72.682335 25.81073 97.62953 69.51175 45.599045 96.078125
341 94.22592 30.439585 8.3489895 62.35148 15.985764 46.24074 40.959774 64.218346 58.540337 58.329792 83.60849 13.137669
342 3.3619165 62.755173 97.656006 42.59348 77.1384 89.24785 6.729025 3.0188024 35.234295 52.022873 99.74087 12.751389
343 58.722042 34.95939 20.584429 11.543536 29.686028 42.72674 26.752216 95.28964 44.135918 6.5085354 98.38966 38.192844
344 26.246744 74.39159 55.131817 81.663956 32.41639 52.48931 58.186825 14.491338 34.752995 42.773075 64.99945 14.463228
345 77.345085 60.77162 71.756 22.44799 26.607985 13.207131 41.09087 82.29193 31.035822 88.77269 17.551262 86.68781
346 53.02617 20.18454 88.40736 4.8731804 93.60344 31.993818 41.812916 43.67097 52.680386 5.1069736 5.487424 71.58368
347 26.107418 88.2962 47.182465 55.55618 54.62605 30.996984 71.19988 62.35413 97.73297 26.268566 23.948246 28.550297
348 91.45916 52.875984 4.5704546 23.716509 67.566505 20.042986 75.47478 15.996164 12.371797 15.590584 51.392685 94.752335
349 46.34216 70.04461 66.42008 34.985893 26.100784 97.0591 36.236942 77.793434 44.180435 89.41444 40.02093 1.9471049
350 9.722382 14.226431 93.95968 26.94974 86.609695 99.22364 9.026546 97.434494 90.82765 61.45699 60.928505 83.885925
351 73.05558 42.101467 23.787361 3.269577 47.820515 56.661522 62.916725 24.741756 59.503098 93.52784 60.556072 16.206425
352 75.91208 29.145496 83.98434 94.68821 70.18072 22.795832 53.233963 31.461292 34.842472 94.98268 38.65085 97.33452
353 81.88512 31.52765 12.596327 6.7295194 28.442747 30.659277 98.27852 75.04874 78.95993 76.632195 38.456665 62.722824
354 65.85702 73.80017 41.82276 63.226997 46.96138 66.72074 32.279884 49.795616 19.576794 50.98043 10.969973 26.644539
355 58.6881 6.251502 60.430805 11.888849 26.396381 56.941467 50.171135 89.24395 7.5220823 50.052517 1.5448153 8.805352
356 73.98058 86.97269 3.192979 50.064 59.922184 22.376347 35.43343 15.740431 77.942604 54.786007 19.546532 37.48492
357 31.431086 49.268944 95.488266 5.0269365 82.16235 11.901778 96.51657 91.563644 38.701355 50.78889 11.722696 29.214096
358 8.532262 21.381336 45.503216 79.9553 43.815403 40.492256 17.391222 66.8844 41.399788 28.682566 25.000822 46.764744
359 86.56915 83.602036 78.5525 63.02325 56.682735 15.481413 26.776976 65.644775 95.408264 72.410225 32.9925 94.29103
360 95.965744 18.493664 36.678207 18.555105 78.350746 87.7144 92.60038 16.20751 41.84308 44.64767 16.977013 49.818974
361 21.498888 28.469532 71.590126 4.043615 72.35513 16.40011 73.288086 51.46193 64.63845 8.339792 51.88695 82.12574
362 59.572792 36.553417 75.820114 20.289867 80.94203 37.46394 86.5483 47.29307 30.216234 70.624664 2.0925343 89.76118
363 60.938652 30.50173 72.26484 31.408237 24.65136 6.6322746 56.235146 80.43051 89.68053 7.9078617 92.7879 15.107166
364 74.68938 67.10845 98.60159 31.589144 10.433173 86.38369 46.555363 0.38380623 70.32194 16.21117 88.666084 73.69988
365 88.233826 86.58596 23.83886 73.14082 0.85630417 26.00159 4.0360394 76.32184 22.308344 21.425724 91.41106 38.49729
366 36.87212 40.268642 48.901566 59.44323 7.605791 66.6694 76.03234 91.429794 66.0032 1.7242551 6.3558636 87.48786
367 12.60475 57.058014 11.982143 93.23326 7.755047 88.95896 20.75928 74.73381 23.064762 95.78936 32.411003 60.32323
368 10.4005995 43.23903 18.682503 18.480295 99.54091 12.961978 39.465027 36.06133 76.45389 52.04278 89.95316 42.021435
369 10.249072 59.45844 83.93537 8.570748 72.30326 96.17501 53.943054 73.33334 30.263912 76.749664 21.611088 57.91895
370 52.29286 60.364902 30.471605 7.3535204 43.05114 40.230637 90.56447 64.57972 67.87311 53.444355 19.564503 99.829254
371 40.980232 33.95194 71.273735 87.74707 38.397915 83.519745 69.7947 18.934334 97.73323 77.99041 49.78888 26.858341
372 31.728436 85.991905 81.04612 37.20119 77.419754 96.20611 3.0719638 12.59448 40.010197 7.845253 44.278873 80.78792
373 52.728058 81.76159 65.194305 34.660072 38.82241 10.31847 68.23814 65.69772 27.586197 90.533714 13.2484255 2.8063416
374 86.355415 63.88572 81.0367 41.290504 98.57729 68.42663 32.63372 54.845184 53.354095 74.4184 23.154974 30.274456
375 43.746994 97.59896 82.80028 70.81259 74.27228 97.46431 67.640335 1.3377905 97.46116 28.746874 86.5864 25.97493
376 75.41505 68.77214 13.150793 35.678524 55.61591 51.838512 8.960843 17.031776 66.80302 3.5057664 95.97652 51.913025
377 56.77222 46.074562 74.28176 25.653994 81.074585 94.034294 58.28594 35.191483 1.6812563 41.353245 95.11016 41.406094
378 4.949248 66.75 91.5813 75.821205 6.1864853 18.14704 50.166195 52.136932 76.60703 42.057926 46.71206 60.296337
379 30.633127 70.452614 54.192726 24.083048 15.796256 78.49719 64.782616 73.355225 92.6849 57.353844 8.291149 36.214043
380 12.563765 71.89557 36.904167 63.53423 49.842556 72.7422 5.720341 3.7595332 25.208748 23.525017 44.978905 96.65958
381 32.978485 69.867386 95.20037 24.392498 28.393507 87.4178 70.567795 71.816444 22.845793 87.6451 71.43835 7.203847
382 8.3013115 56.318558 84.3818 2.557063 87.79012 39.027752 70.894615 99.38823 23.31373 48.189735 45.049267 72.45738
383 42.786896 38.247795 99.73329 8.47137 35.886658 10.753661 42.55102 58.604397 47.446133 63.372272 10.45183 28.9442
384 74.136475 70.24633 19.077307 79.19406 33.771645 73.36109 73.86021 21.329391 0.10473132 12.37424 88.049736 62.142097
385 43.23084 24.700481 63.880993 58.990795 45.751625 98.40688 50.664055 50.457924 57.08597 61.686802 84.0675 53.406864
386 27.435928 87.40422 78.54827 57.10447 23.957163 86.56515 16.787708 92.16378 64.97071 56.76953 90.99363 57.164307
387 24.232029 50.980694 68.69782 75.584595 12.301379 87.63472 5.704534 58.35514 62.206417 48.579903 19.429749 17.695635
388 53.43458 9.026307 83.12639 22.285498 43.735004 30.102516 54.342777 85.14155 29.453594 75.32707 16.14914 18.313915
389 79.69043 6.934184 76.740524 83.69576 40.28774 85.23931 39.34696 79.47278 53.67379 56.843494 50.12973 66.17289
390 8.360463 37.27242 44.903397 95.64048 6.189084 96.50605 16.898758 27.83525 0.32280087 56.718784 95.984184 22.993237
391 16.888697 39.42213 76.21885 75.79536 77.785835 22.148323 22.558285 10.740667 11.516434 14.963526 81.022446 7.4517784
392 88.29797 65.64354 69.53118 46.246803 80.819275 84.538765 31.588465 9.65563 13.769716 20.313215 42.54252 97.86078
393 74.9685 54.24514 1.5651286 95.09033 65.13076 41.064476 62.893494 91.12934 28.92534 49.879677 31.186897 25.257307
394 49.211246 30.179136 99.80789 88.53572 81.705894 89.810165 61.992752 30.495375 36.671005 57.931793 95.59358 55.507233
395 75.6445 63.961212 67.528824 26.622099 28.257656 80.303535 37.25996 86.15653 60.5244 3.04932 55.31916 45.069958
396 50.756485 20.786453 56.759758 31.0692 81.83901 1.2046576 76.81438 38.800896 13.702148 1.3406277 61.262207 16.422886
397 2.4665415 37.24646 84.078316 99.817604 23.25396 78.75665 4.727614 68.820946 92.68543 25.13243 14.649111 25.75025
398 80.59403 66.99308 12.541813 63.446236 24.727446 12.481934 69.31146 2.7824044 88.78907 3.4998 62.082172 94.488205
399 24.959904 37.57625 71.44285 30.090069 54.264088 48.104458 3.8251817 26.269257 69.30794 49.868237 61.147266 97.00309
400 96.86801 86.73069 79.96882 21.093924 55.67238 96.78788 82.56565 38.257946 75.96835 49.03324 60.53133 55.567104
401 50.86813 80.50851 68.55315 34.996605 99.094185 38.976456 70.50116 30.97511 89.00281 92.343124 13.339001 99.57584
402 4.3534517 20.448965 25.851238 55.296253 93.23451 39.568596 50.835793 80.78685 98.18301 96.19902 31.093914 24.50497
403 3.4924984 89.72961 23.940289 52.744877 85.946556 67.69104 16.541313 59.05643 19.013823 70.85327 38.469196 5.494237
404 54.47781 65.92554 9.548992 57.786083 6.4436793 82.50901 44.298775 38.283516 52.873165 98.831 40.75914 15.93132
405 81.76664 92.27723 75.82805 67.50165 70.67025 69.52755 83.7229 16.580046 47.48048 14.944488 14.061106 0.42515993
406 31.005775 81.57875 14.269525 45.573635 55.193977 97.62141 3.4049153 93.21242 0.42803884 62.289417 54.60351 98.73938
407 68.22437 62.983685 67.7046 6.990516 66.74656 3.1733572 36.349052 47.300232 18.789917 94.96547 22.089136 99.41601
408 51.633366 37.90676 76.62442 2.4072409 90.0373 86.48817 69.876236 40.75044 5.6472836 52.399166 11.717278 72.96283
409 4.413426 7.186806 7.08555 23.277002 79.93502 49.055332 74.045 42.250572 66.78546 90.59978 31.035774 40.79491
410 81.06937 67.867775 29.82263 98.36001 93.23251 84.9169 64.051346 50.962894 93.317314 0.6712079 17.224157 40.992363
411 54.5771 59.13458 58.48079 97.42372 96.087524 21.706432 37.81116 52.956093 77.4938 7.345557 45.028984 60.926582
412 13.389051 97.582664 57.61616 68.50851 75.427185 47.89506 22.832 29.074501 6.839788 32.79367 68.50633 92.67251
413 26.570665 71.26363 66.75339 22.8589 64.09552 53.13459 45.316376 25.755142 76.80227 50.791103 45.056927 94.80377
414 40.52728 28.68256 9.727841 25.517345 21.743095 93.73499 98.911575 18.32701 83.55676 90.445854 77.985245 95.79179
415 13.998586 76.66048 34.109966 20.83655 6.266737 0.35242438 26.277775 24.818594 49.16231 78.78815 14.932781 74.11419
416 79.735146 92.94045 54.978592 9.166116 7.30654 99.679375 30.26706 44.700195 81.99894 18.929518 70.92203 89.826836
417 65.45336 23.518383 22.887177 24.27665 75.63544 85.792885 35.512264 95.92595 50.91467 71.25371 34.233105 5.4581347
418 85.6562 8.517295 45.695286 38.452923 75.4088 63.990837 19.071436 41.933014 14.740449 54.928516 24.6894 21.524025
419 75.50628 6.281674 27.100134 33.559048 63.79195 94.276985 99.85756 41.906273 86.226494 86.33527 31.859154 6.802148
420 22.385443 35.21946 36.21835 28.88124 91.50177 81.678375 11.234498 18.81715 55.8757 69.89897 75.83051 35.999435
421 27.744793 53.42311 48.394276 99.504814 43.77432 24.516666 5.64937 33.87396 64.899895 10.052961 27.171093 60.039192
422 17.456324 53.605717 39.441597 68.88457 53.128155 22.517384 41.705685 38.644928 4.3408394 5.1587763 52.958267 46.511017
423 2.6709914 76.42896 26.592833 24.813879 10.396921 26.826769 55.80421 69.98736 59.456245 54.28617 40.82104 1.6859949
424 63.15789 79.59848 18.3051 15.066057 49.655354 50.898552 6.473422 72.97917 93.38432 74.68652 97.16196 49.90418
425 92.66985 38.57022 11.458039 95.63825 55.098038 51.786877 19.796001 15.430784 23.919832 15.1012 34.461575 22.283268
426 70.916405 72.445404 94.025116 66.02791 26.326519 87.29536 39.871162 68.572334 42.44833 10.956496 7.0763826 32.954834
427 42.52584 65.41741 20.584858 59.754765 83.97025 87.03491 65.92754 13.6681795 28.61913 69.92025 37.432087 77.97491
428 21.682655 99.44372 9.583485 9.037823 14.661848 80.76822 15.351189 27.297735 50.554432 87.827446 93.13198 27.431625
429 57.110626 91.81021 8.521843 56.96199 56.09467 71.191 3.2865286 49.73918 4.0935097 67.91101 39.32619 35.027176
430 89.34835 85.781265 15.612 2.627802 45.63782 40.927708 49.31289 44.365555 29.994429 72.56979 44.74249 18.671495
431 87.88452 22.12227 74.26451 80.860695 84.631966 45.101357 70.63871 71.46628 72.8376 53.23005 70.01918 69.7091
432 45.171875 2.1645129 46.295757 61.4429 63.341408 66.15795 70.8732 79.88179 75.708855 36.55678 5.3003073 93.81073
433 26.748526 72.165054 58.192398 9.087658 5.330306 31.158411 91.24959 33.91414 80.13522 55.38206 53.28529 31.99063
434 79.0258 26.595163 25.282616 47.255432 4.9410105 2.655226 25.642437 52.968086 59.192924 90.961845 12.837762 31.535984
435 99.55349 61.954052 25.321722 81.35764 76.19215 21.394903 66.23871 26.289963 14.629168 84.96104 6.5603075 51.925064
436 97.985634 59.723587 85.824265 42.03259 7.835281 75.96572 8.619749 46.195858 26.101757 9.99577 99.07582 85.31763
437 62.21753 38.81405 99.4215 31.328535 27.999126 4.365844 4.559386 68.69641 35.542767 86.41815 67.70585 22.367405
438 84.36106 75.648476 5.487591 85.2933 46.735634 53.210384 70.248055 90.998215 63.9335 59.78356 46.320164 96.56033
439 59.922207 29.929417 2.0913959 89.33986 38.226032 69.52388 85.05978 28.746218 96.61372 22.255247 59.80736 30.8407
440 13.728434 51.84868 43.763416 98.71263 92.20758 20.06356 10.469198 72.0081 90.25131 65.922455 80.27762 92.953476
441 14.252621 52.449112 62.325867 68.48496 50.58213 95.85994 15.319437 5.0203085 76.820015 95.171585 57.088875 36.89726
442 48.85469 43.12455 30.762905 96.029755 17.840904 91.80614 68.29579 39.93165 92.86202 27.07885 27.35449 80.52664
443 54.41601 47.635036 95.38943 26.262384 8.999962 59.02227 93.06892 55.698914 94.87254 56.195503 88.953 99.232025
444 37.610523 44.99249 86.93024 85.78828 65.73773 22.402752 28.966957 58.60046 31.201267 15.673357 87.36135 25.513107
445 6.8181157 53.29632 5.004138 58.212006 18.348867 77.943726 88.98818 16.417736 98.21838 97.711494 14.955723 49.090446
446 52.05218 31.917858 57.31337 18.285067 9.402627 29.556614 7.181114 32.25705 82.8821 99.7695 66.78732 44.096863
447 2.2958994 85.88102 39.900677 28.476841 84.4825 68.19821 54.542877 51.49909 77.94326 90.54713 21.201212 83.17338
448 11.808538 55.08778 19.423115 6.3268065 29.387934 17.074257 23.199541 63.91257 90.945984 72.72322 83.920135 74.466446
449 52.20001 70.100525 34.710693 75.14132 23.436552 74.87383 15.255796 17.18023 68.481384 93.91318 28.192604 10.27664
450 37.742146 43.11677 71.0739 61.9908 40.19234 48.626583 68.79032 84.77631 35.81208 88.96642 95.07633 96.32133
451 83.28957 29.841 85.97838 45.482315 63.67514 22.69169 38.424175 84.309235 45.43513 45.99411 61.600666 31.313103
452 81.55976 67.14455 23.837978 38.55931 76.93014 9.1214 62.03317 68.29141 21.253008 75.489525 1.0696292 88.07456
453 7.0468245 39.37005 56.745464 17.928999 96.24099 45.415432 64.78166 71.200935 36.0768 31.365252 20.712751 62.150276
454 73.63026 9.226805 18.857986 48.14453 67.18312 81.40653 13.931126 0.22155643 25.931889 19.154184 74.78335 71.46776
455 31.538189 28.475624 67.714226 53.56316 55.497013 40.28843 65.9673 74.943474 5.2491426 19.16647 84.50054 22.856485
456 24.724394 9.736067 44.751312 41.24368 77.21671 66.901596 75.57623 18.518538 31.11788 19.90878 4.3264093 87.16222
457 3.3433616 39.178257 19.419176 90.40134 37.853577 36.301647 33.901714 61.418457 74.40075 73.091515 22.295612 15.484047
458 7.723445 65.68123 72.20259 84.561584 32.386303 89.01028 2.2918165 63.360577 91.154274 49.295773 71.74046 73.092804
459 93.34316 45.036404 98.13864 48.48568 87.457855 67.53661 24.284601 80.64546 73.387184 50.75578 24.987877 95.42777
460 32.55026 7.4207425 26.579416 57.910664 69.07938 37.794037 60.724968 88.786766 66.08528 62.33137 84.58916 79.96871
461 13.301635 66.81885 48.45346 52.970356 96.278885 4.644495 64.415184 14.784277 13.438023 35.884315 43.46238 8.682495
462 11.65868 96.18586 98.519104 9.845847 79.933624 43.39193 16.288382 82.76273 85.554596 78.904305 46.99867 55.277794
463 70.197365 50.44671 47.41055 5.9255066 81.35369 18.713593 95.40124 41.22588 5.3346577 82.0157 13.666153 18.983316
464 94.37421 59.14665 42.923252 64.914825 65.34059 4.050195 71.65183 22.29824 59.671085 78.28196 97.832054 58.499104
465 32.153427 14.611811 89.175125 45.491047 14.167094 32.343967 50.56008 2.6758373 29.363155 91.046455 62.247284 84.84758
466 26.210636 12.445063 39.15944 63.00137 2.3890734 42.379177 82.15891 54.397125 95.99364 37.12871 56.66825 35.950703
467 93.58514 26.35687 84.85597 23.297573 86.219696 52.68926 75.428505 19.981497 93.00105 3.944385 23.134178 66.94755
468 63.994728 15.685595 79.50827 33.212368 87.421974 20.584042 51.095844 42.155636 22.119576 87.63217 3.1196237 83.797424
469 87.828896 23.156893 99.86397 7.732004 0.79572797 80.54241 70.286736 61.67697 88.566505 44.338352 53.724022 51.02809
470 49.212784 53.81559 19.006878 61.1068 0.2748549 11.9196415 6.6646996 48.234856 50.56783 77.900246 71.760544 62.216217
471 3.0355155 69.67023 90.71494 81.660515 83.77435 48.23302 83.464935 96.81753 86.20266 28.445673 19.524843 60.74376
472 10.450066 54.14357 57.82852 98.78753 77.03393 1.4988005 83.31426 45.21852 56.73024 81.73254 73.55257 92.56395
473 11.505413 16.331423 64.61358 48.631622 6.034994 57.17088 2.9388309 4.64772 67.58977 36.92745 18.1467 8.324748
474 31.12614 17.435402 37.20092 92.47436 63.79584 74.83724 72.75744 44.0274 71.62127 29.186565 55.140114 72.615654
475 23.912918 15.33702 68.456 91.36748 6.589574 63.31128 84.83461 95.99527 22.67195 35.765884 37.4631 88.891525
476 80.936165 72.59456 11.604607 61.649662 56.430996 47.14717 74.555115 17.596657 18.988579 13.0505085 79.75382 82.538345
477 28.0113 47.32945 19.06439 40.51141 99.03116 95.63441 20.45126 17.005247 95.45526 34.136642 88.56461 66.5229
478 68.490074 54.374115 13.605529 57.715343 10.74689 90.39553 62.57181 67.43283 51.05382 69.40041 57.697052 26.23877
479 66.42983 19.212883 13.517708 10.135078 34.220963 88.92225 78.27194 55.926872 75.57793 77.503136 21.802425 26.842648
480 28.598976 52.88445 53.16461 58.322662 33.71723 28.521902 91.90972 35.452114 58.735146 32.86154 70.50431 59.070522
481 50.06852 10.038948 7.368505 39.41861 79.34234 67.6831 64.17425 58.137882 89.873474 93.78868 23.770302 81.92472
482 10.489618 92.35215 90.63019 16.134035 39.58739 93.96468 1.1029065 2.6618242 50.659786 29.009718 20.84853 93.60916
483 92.36579 67.77906 19.336527 47.20247 57.53267 33.015 21.66242 73.43904 52.54184 39.48607 4.4993043 8.727521
484 82.93535 64.652016 91.85756 77.74872 74.68603 70.77349 16.404861 39.782143 10.60738 87.539925 0.13769269 50.30113
485 85.35898 95.05409 13.745504 57.76968 73.260994 78.51588 44.43301 12.874037 83.81303 30.94343 17.440266 82.05265
486 18.873566 70.57526 15.013086 19.87176 81.66744 91.08916 38.927864 82.8153 55.231422 40.39598 97.47912 29.265314
487 20.976948 6.5209208 26.52049 92.25239 26.451189 95.03963 95.94857 79.92769 5.1326156 93.81878 9.98497 27.18373
488 65.536964 8.613801 91.60872 15.528297 87.678696 2.6520371 91.19372 98.85458 22.98848 8.996373 77.30358 23.37355
489 90.398605 94.61937 36.988743 40.46684 93.05767 17.163717 24.932426 62.92799 63.91767 20.824749 79.3276 65.89618
490 46.45782 97.23147 49.175858 43.223167 61.58997 85.252914 17.331034 84.08564 31.16178 84.0078 28.429169 70.959015
491 70.58083 3.7619114 46.027946 32.766006 21.38254 16.675335 31.81067 31.82528 32.826454 94.38893 7.393861 62.43885
492 78.91162 22.159826 79.7261 86.41807 92.94629 63.66998 70.7051 96.96779 40.697735 59.80928 34.708477 59.09926
493 30.203707 85.8025 1.2814462 20.65925 61.880142 60.19941 79.11604 73.2443 67.25455 6.7340016 69.36609 93.37361
494 24.448277 65.19728 86.759224 39.54644 99.69327 43.638958 84.1921 74.99322 68.28114 3.8564444 36.640717 35.393097
495 57.300407 91.749626 12.210822 48.483532 13.527054 19.283485 48.73139 22.802807 90.41483 95.13589 53.00814 66.81924
496 21.116358 95.30693 44.067585 40.008896 72.9989 85.78269 1.610297 13.206858 81.656685 18.596363 44.443886 67.4984
497 27.733934 46.192913 21.681993 56.320946 32.042515 51.820503 30.588812 13.162792 7.878083 4.747015 90.54501 2.68085
498 73.81768 86.49984 71.948906 83.18941 15.638232 30.180145 53.996502 96.83033 7.6614914 90.40044 26.070148 5.420369
499 97.45199 51.791 46.5818 96.64236 4.3263617 63.632267 81.05394 50.12825 32.845463 95.37566 91.27763 55.856728
