500
3
0 83.80375 6.1553955 66.14944
1 70.02602 24.271505 9.287357
2 54.6015 22.811491 1.7335176
3 23.843586 87.29158 82.284966
4 58.22794 99.50634 19.108814
5 59.778015 22.251247 12.903643
6 2.7522087 47.203033 47.619152
7 58.027393 25.468338 79.3812
8 27.90076 65.75744 58.016075
9 85.90642 80.12006 33.528072
10 60.2291 44.299126 96.08201
11 39.452034 15.687836 34.43224
12 54.486984 43.438866 26.77412
13 4.540384 87.66919 4.7777834
14 91.644516 37.35438 45.616615
15 30.383522 96.36167 4.6484947
16 90.75143 89.81981 92.572815
17 6.174082 60.17828 17.027617
18 36.785824 48.818535 19.718624
19 59.413105 48.59543 60.923416
20 4.5753956 22.92474 98.34682
21 89.88346 45.013046 7.616168
22 69.94459 66.10505 38.652206
23 87.90699 11.138159 58.61629
24 82.089645 91.58752 95.01982
25 5.3929863 68.34718 93.14819
26 75.09894 90.907074 99.47593
27 2.1440327 38.670837 13.444275
28 38.40452 83.235344 4.845977
29 42.112404 15.294754 48.799706
30 94.1755 97.72286 22.290266
31 70.41614 24.992132 0.23800135
32 39.211094 35.227543 90.13646
33 38.412254 70.61997 45.6469
34 98.473206 22.603607 82.48651
35 14.857406 54.39931 50.29464
36 71.68962 30.147844 10.347575
37 24.252384 2.6726902 45.716667
38 91.09867 26.899725 98.112076
39 75.879196 22.598856 40.605484
40 71.448105 8.640361 34.0678
41 64.27754 62.096172 63.68398
42 61.66339 71.72572 54.199432
43 13.621884 0.10098815 79.42493
44 78.56585 53.800194 99.72085
45 91.0424 68.17212 95.344986
46 28.937143 96.69663 40.101917
47 15.027207 43.2275 67.50292
48 42.362045 90.83211 63.336666
49 74.45726 40.599136 96.038124
50 47.73814 6.854725 36.793007
51 99.6639 92.25277 83.78152
52 45.566414 5.162096 36.75422
53 65.124695 91.42223 50.36905
54 52.85223 31.18559 96.15822
55 33.417286 14.151865 25.351364
56 65.63899 35.353325 63.019447
57 38.173695 51.310318 89.65756
58 24.685133 57.238304 98.16888
59 31.131004 34.981716 51.80918
60 17.763197 16.402822 35.126102
61 98.635826 64.16897 90.64161
62 2.8223217 62.57069 91.2916
63 20.254839 79.79487 7.6209126
64 31.39702 80.079315 81.90222
65 48.429523 34.11893 81.75775
66 38.548893 34.43389 20.559996
67 33.93189 66.589676 47.385067
68 43.28009 6.1442018 92.74252
69 53.6436 56.295372 18.820595
70 64.20148 84.6211 22.607035
71 38.615154 35.234104 78.65095
72 54.711117 29.252106 57.68793
73 44.996452 57.04582 95.63355
74 94.20915 53.00416 31.007778
75 86.53777 87.34797 86.75921
76 2.17461 57.1689 67.40483
77 75.987305 26.429033 75.90543
78 42.73954 38.174717 44.077026
79 23.911964 53.26215 73.55683
80 47.634483 36.223186 59.954254
81 5.1830053 55.135338 68.18579
82 8.598828 69.93939 83.56126
83 11.774302 26.554424 45.252438
84 69.84331 97.611275 58.587032
85 50.067097 14.938646 86.16682
86 6.724161 30.271894 31.398565
87 6.54245 34.136814 28.515148
88 59.84247 44.731075 12.565554
89 29.624706 14.619488 11.868978
90 14.227277 56.7196 5.023879
91 53.65272 63.974415 93.513336
92 13.641935 56.989933 6.294024
93 6.9915714 57.21956 1.6085625
94 99.159325 6.154484 93.88597
95 20.595413 6.472838 69.20743
96 11.248266 22.816866 20.621395
97 8.640265 46.943336 85.34929
98 43.31584 84.04269 72.421104
99 9.183473 87.29127 62.06163
100 54.321117 5.6484404 23.537994
101 15.230775 89.64066 23.619492
102 92.52354 32.916237 61.387623
103 63.34113 66.417984 32.565975
104 52.53685 46.625923 99.77789
105 34.873623 86.40128 15.618694
106 34.669094 37.23318 81.08476
107 23.885065 43.070145 53.646297
108 41.163868 20.252382 43.912
109 11.53543 89.372795 33.868134
110 37.65506 15.01624 19.624155
111 69.92859 60.32288 16.203403
112 36.53663 61.362995 87.907104
113 29.991966 18.668682 79.643295
114 76.596565 90.209335 87.34758
115 45.345467 23.993736 65.62224
116 91.37099 48.948143 90.05598
117 30.371153 92.54131 67.76223
118 46.69025 45.168148 97.131294
119 64.297874 93.555336 41.02089
120 64.69571 63.562847 10.563582
121 77.13615 5.423403 15.830773
122 29.766232 47.624672 69.31415
123 61.71287 29.756868 49.10037
124 30.275965 77.62082 52.501877
125 62.479877 72.74335 11.939812
126 47.73507 99.29338 21.150333
127 40.772217 84.9264 75.47844
128 88.652374 12.607866 72.60611
129 96.620255 12.537373 94.68418
130 63.812344 18.41337 43.022186
131 31.387217 43.010815 18.051678
132 39.380783 23.395628 11.451
133 17.41901 33.94271 2.278006
134 56.078823 11.277521 58.34463
135 21.126736 82.38657 4.8737345
136 96.987114 90.06873 58.576584
137 70.05314 75.977974 33.966072
138 90.83672 9.457135 99.53052
139 36.45328 75.127464 29.846508
140 73.98951 3.109318 36.47809
141 81.04195 78.10324 40.80037
142 23.262793 12.19483 39.130558
143 19.137424 11.2172785 35.714348
144 1.7160952 82.96374 44.066788
145 7.6054454 50.594513 96.529144
146 87.633804 25.454437 91.067986
147 65.540924 59.30697 88.8862
148 51.376472 42.934948 60.973072
149 46.872086 48.643906 38.632923
150 51.19578 89.46655 31.696451
151 28.696323 40.883923 3.881526
152 57.933712 71.42675 49.3079
153 64.57137 82.37513 58.6765
154 66.53648 30.311459 91.35013
155 51.817184 0.6816566 77.03505
156 33.961082 10.675645 49.32273
157 60.18558 25.896692 27.803802
158 93.76203 14.094478 83.44346
159 32.535667 31.033325 5.7718573
160 3.2343745 52.543724 4.5963287
161 46.67527 24.544542 83.496765
162 82.22088 66.48707 86.517944
163 58.710064 34.5728 88.48608
164 39.871525 64.449814 55.401093
165 45.356453 60.22107 67.20073
166 12.996221 98.66204 83.61706
167 6.4359426 50.809742 93.96657
168 91.14158 30.2616 44.923447
169 98.748924 82.03335 77.07628
170 48.624664 41.71276 18.87614
171 19.732643 94.93581 42.495293
172 5.5646896 20.572424 10.878622
173 90.6309 72.27623 97.395294
174 10.904032 85.22105 21.308434
175 68.4997 58.73004 73.21638
176 14.744687 46.2936 8.305663
177 48.456158 17.384647 45.8226
178 86.32521 77.37151 5.7053385
179 99.42139 55.283165 65.09441
180 1.8297851 49.39381 81.176796
181 39.98602 28.175175 75.31233
182 21.385633 20.482708 17.789871
183 94.655106 82.80012 98.64319
184 73.09175 18.838942 78.81519
185 75.66719 84.07393 10.340607
186 26.28978 69.55797 89.89588
187 49.921543 74.00364 70.44332
188 65.53841 10.689878 85.58597
189 89.09126 9.842337 42.867386
190 19.473373 55.90779 1.308614
191 90.01016 52.370804 16.048092
192 23.60912 94.70489 91.19089
193 98.8859 70.50333 65.3845
194 60.851814 42.45549 47.998257
195 92.14727 54.999733 33.908825
196 54.913795 39.904118 96.13087
197 1.6295016 47.868954 53.71472
198 87.224014 12.34107 65.998695
199 71.01069 4.4233265 94.07854
200 88.91649 6.0632887 99.16216
201 12.809027 39.591534 6.3660917
202 57.083565 74.15406 84.50793
203 51.713745 22.944815 32.25744
204 65.87733 93.12428 7.209545
205 53.347485 65.508255 99.142784
206 67.109436 72.76138 14.480459
207 75.56197 17.540287 79.74577
208 45.878536 55.593636 4.248208
209 75.64705 34.915817 70.731735
210 31.426752 47.396175 78.79988
211 27.982784 10.214758 31.525486
212 61.19036 52.133377 4.8478785
213 74.194214 98.17503 37.92375
214 34.628998 12.519187 26.00262
215 77.35625 16.760015 62.39679
216 18.581915 33.15875 45.79845
217 31.262272 94.7726 67.227295
218 27.50932 21.976202 23.101109
219 69.58322 59.67816 30.180628
220 62.644722 81.20672 60.603188
221 93.768555 2.9118955 45.56815
222 32.12042 44.109344 18.641907
223 36.605064 41.828133 56.733692
224 25.149233 93.42925 66.41915
225 59.480465 70.30848 87.65259
226 41.517876 41.631912 96.236565
227 71.66191 64.03301 14.114833
228 39.465298 14.53389 30.717056
229 2.0361125 56.757133 55.95507
230 25.374949 43.077652 85.11039
231 72.2077 80.05198 12.836093
232 90.89907 97.01703 89.68493
233 78.10812 83.033516 14.163846
234 1.3116658 76.255295 58.607132
235 98.890396 88.25649 50.809364
236 93.373314 37.226337 56.058533
237 15.888346 61.796803 72.70326
238 73.66674 33.08543 77.13091
239 90.093704 33.029568 30.381035
240 37.333878 37.69775 79.162994
241 72.23833 80.56379 50.51456
242 26.655394 60.112892 28.955507
243 73.897255 56.988728 42.688362
244 92.41916 3.8285613 32.71572
245 92.60543 27.906227 78.91754
246 42.18486 41.457207 93.12605
247 49.0599 13.966429 95.367744
248 87.78525 45.196987 89.281586
249 0.353688 57.350506 17.832417
250 78.514656 18.504221 12.948763
251 53.315277 33.299904 74.22822
252 41.72849 16.082632 56.784832
253 53.647507 91.783936 72.08988
254 33.610683 91.71235 88.12624
255 88.87887 59.110016 70.643105
256 96.26865 66.78377 69.45328
257 22.53607 99.43798 64.611694
258 45.299118 78.900276 97.45392
259 43.02754 69.29442 23.815828
260 99.71592 56.403072 39.97225
261 76.437256 52.85344 95.953705
262 72.711975 76.63236 73.337906
263 85.7884 83.02262 56.38683
264 6.197405 91.560295 43.117435
265 13.768089 88.95298 46.557953
266 13.254952 38.092136 2.605468
267 80.46552 72.38432 69.64953
268 53.105335 45.100994 45.066814
269 77.91008 62.95622 32.984776
270 44.329166 54.341125 5.722463
271 37.677975 12.980455 93.453766
272 80.078415 88.85582 52.99527
273 64.86253 65.06313 34.753357
274 26.899427 4.2431235 96.36159
275 34.95743 3.8184404 99.15229
276 53.256374 57.853447 2.155465
277 51.596462 97.48169 60.011406
278 61.00797 30.676407 85.222466
279 15.370774 2.7276516 11.0838175
280 10.15957 86.52732 42.85471
281 34.981525 83.55228 10.318595
282 63.45715 51.976334 23.218323
283 47.14402 8.182335 33.41764
284 89.83145 5.2460136 37.64733
285 29.864143 60.67772 55.041176
286 21.786577 33.806564 78.93091
287 47.356426 50.13047 20.978535
288 23.221832 16.239065 34.461178
289 3.0077815 46.94559 0.32882094
290 22.698563 19.742405 80.09865
291 45.37394 64.08824 2.134353
292 35.748245 38.42364 78.73729
293 24.686432 37.357872 75.931206
294 18.27457 51.59716 77.535416
295 33.16195 26.968485 32.106422
296 30.306131 0.93783736 56.144405
297 70.20666 91.27777 3.1985462
298 70.397934 41.70087 88.15614
299 40.76022 47.153027 50.23698
300 39.64727 3.9668381 85.88175
301 53.91583 97.06927 10.9231415
302 48.164402 88.65815 59.778572
303 5.25527 72.1658 4.8375487
304 44.138317 54.759956 86.540184
305 93.66783 14.132584 42.082077
306 69.81942 41.211636 59.330482
307 13.223773 6.616056 25.204908
308 68.76476 27.067286 15.175623
309 85.53075 85.007454 27.33382
310 9.6955185 8.302826 95.461426
311 80.95778 2.2068083 79.1211
312 93.36287 7.5008154 93.56995
313 78.94166 11.49202 72.0434
314 91.2061 19.771433 40.964664
315 58.369648 76.57781 83.48338
316 16.13589 54.90899 21.21098
317 29.686153 96.56254 17.837126
318 73.34472 54.825737 56.67678
319 64.29936 54.297382 99.407974
320 3.4186006 54.54729 74.59996
321 31.085909 58.218987 50.831245
322 4.188466 53.84334 40.64164
323 69.43609 71.84403 65.92591
324 81.46369 41.868168 79.06421
325 77.63744 29.353386 63.79187
326 59.145714 3.55739 30.494612
327 73.08143 99.023865 18.883646
328 88.9876 68.81771 38.97579
329 56.014328 18.657 64.052216
330 32.345123 62.515823 86.62058
331 79.82597 56.739025 25.458061
332 14.774239 4.7270117 31.49994
333 27.719986 37.954277 1.965195
334 89.54423 60.079456 34.231503
335 78.62046 39.82858 97.31504
336 12.420904 93.773834 18.75664
337 18.589306 9.8659935 73.36688
338 82.839806 31.290882 66.85059
339 89.874985 23.005611 45.33842
340 76.1386 19.553644 54.296417
341 51.555107 82.24123 94.77062
342 38.57443 25.78488 26.721685
343 54.72673 56.561924 10.428101
344 6.392336 65.96359 47.47801
345 0.32666922 60.423244 31.040686
346 57.12545 71.5394 11.512554
347 46.529995 70.03831 63.443573
348 13.277453 72.23233 78.788376
349 38.516605 60.382713 64.78417
350 58.395863 64.64318 85.66717
351 38.429565 49.68768 64.22129
352 37.254543 91.82305 10.150152
353 57.881462 12.50363 75.76367
354 1.1472285 61.274845 40.387257
355 36.5061 47.199993 16.929276
356 91.7743 11.835516 16.289871
357 13.230139 51.97226 61.82174
358 33.859486 45.58187 82.17947
359 7.7930984 0.40941834 54.98354
360 98.16877 26.610523 40.453564
361 63.659264 4.11371 93.10992
362 65.293015 50.884853 87.0707
363 92.25993 93.85143 42.42117
364 29.908323 90.11069 94.00098
365 49.49106 65.64794 85.255226
366 94.77476 96.32091 29.035955
367 81.87287 80.05236 35.023163
368 68.052826 73.365234 23.221731
369 11.948496 41.889008 89.339806
370 15.531069 27.323555 37.155117
371 95.761665 97.9767 9.563965
372 91.778275 1.3126433 36.318665
373 4.474658 88.7666 85.51468
374 3.9292395 87.79761 8.958769
375 44.4462 19.47652 35.227955
376 53.73905 36.677574 51.80527
377 97.89484 32.774364 89.45502
378 67.74118 12.005711 76.96682
379 97.56739 88.91673 30.308872
380 78.423706 64.4435 9.1634865
381 69.47592 74.29817 16.868078
382 36.66547 73.4955 3.3842623
383 86.60583 86.11312 58.564537
384 48.457115 29.827452 90.79047
385 22.439665 85.19214 29.498428
386 7.1868715 21.256954 43.29986
387 48.088448 83.72694 72.74481
388 27.060104 14.669681 88.0002
389 77.65437 72.078094 8.589935
390 74.94928 35.041153 40.726555
391 53.63885 12.408102 93.48869
392 89.85366 44.491768 4.799187
393 44.02039 16.963238 69.04797
394 4.392785 43.662952 92.8069
395 64.22336 20.053709 16.579712
396 83.32982 92.267624 12.671876
397 25.372631 17.903727 63.524467
398 55.36734 34.359043 66.04839
399 68.819466 75.022446 2.9764175
400 85.234 49.74164 33.725876
401 87.381004 18.281246 2.6855648
402 47.382576 86.02324 72.30639
403 27.662956 31.178772 17.55405
404 50.63051 35.90638 53.98335
405 51.705784 34.682877 81.81868
406 36.37067 43.474915 1.3380826
407 90.826515 39.0809 23.498804
408 90.55826 91.44443 23.771524
409 31.267284 13.449889 98.929245
410 78.29926 8.854079 68.23806
411 31.19865 51.008934 0.11944771
412 44.11819 2.4077833 38.161343
413 80.56188 74.94068 43.24498
414 85.33488 15.734386 17.251228
415 42.453617 56.076717 58.75227
416 82.94733 14.4552765 62.0132
417 30.081665 44.87937 41.698845
418 49.87123 13.497734 44.846016
419 56.2582 78.29294 71.64105
420 84.8922 47.331726 55.885017
421 61.592102 43.46348 64.05296
422 30.636656 76.753876 73.2111
423 26.111734 37.73179 75.31866
424 54.051445 28.127272 10.001648
425 79.74861 66.997185 92.842224
426 4.0036144 55.884033 46.391594
427 78.66316 80.22596 47.183144
428 62.154217 9.816003 22.522045
429 49.68246 82.705925 73.6838
430 77.95002 49.846977 3.1718612
431 16.331179 21.177578 1.6682982
432 73.6071 80.68897 89.0085
433 15.092206 86.26422 34.58146
434 20.966036 46.853203 38.79587
435 60.24646 75.8561 91.61314
436 67.79414 51.057404 55.521774
437 38.307285 81.810455 32.951077
438 53.34472 88.97003 29.133797
439 91.05187 93.264046 98.032234
440 28.855251 99.932556 36.04837
441 24.95327 16.397154 87.94524
442 93.21427 55.687332 0.5840838
443 91.48823 9.336251 25.310076
444 68.890205 98.65265 93.608406
445 9.387791 82.6857 38.43566
446 8.523136 72.406624 73.65992
447 31.947952 53.619785 2.658087
448 36.21704 96.425316 25.680244
449 92.074295 35.1831 37.335705
450 42.824657 62.111126 41.852222
451 4.7224402 2.0685852 1.1893213
452 29.021322 48.724854 0.48356652
453 81.53754 3.5631955 27.862246
454 5.6607842 12.461251 16.178555
455 89.36462 67.27844 69.82745
456 46.72021 11.1018 37.84615
457 7.456124 30.932968 22.335243
458 25.836552 2.510798 33.198452
459 78.73662 61.167835 44.05614
460 19.074703 74.34317 73.18896
461 29.68971 81.799286 18.119473
462 90.819695 60.35841 95.766594
463 69.65235 88.252304 96.750916
464 26.142687 21.613485 46.634396
465 73.44114 12.654793 85.69043
466 50.489574 28.483278 64.15974
467 3.7311316 19.423306 48.476357
468 72.39166 82.20037 12.096363
469 12.089616 53.411983 71.35518
470 65.78251 31.344063 5.393219
471 61.765514 25.376099 90.06989
472 84.68697 1.2072742 8.85821
473 96.20356 28.438723 91.11767
474 79.40865 40.066284 22.666847
475 70.62441 89.068756 58.403397
476 37.630127 49.845104 5.6834755
477 75.49874 36.939865 95.22284
478 78.40942 42.662136 49.26419
479 75.94941 71.05961 48.18325
480 59.221954 50.17379 44.71978
481 76.628044 91.33031 46.156876
482 88.23146 72.11289 93.37838
483 90.584785 28.172852 0.72650313
484 65.6322 62.972607 38.82057
485 16.195452 73.683136 40.874737
486 71.24856 46.62967 45.941853
487 20.171988 22.27993 32.979286
488 13.726264 93.05078 25.583427
489 38.733894 51.129066 83.75679
490 14.989114 0.26271343 13.477159
491 39.439156 44.34204 15.705895
492 33.87038 56.359673 48.234398
493 52.97028 95.23434 66.692024
494 57.134842 52.459778 55.326088
495 89.663345 91.20997 73.792625
496 20.539968 54.786743 16.010689
497 86.85249 74.084305 71.6072
498 55.742424 92.824936 99.61009
499 57.253395 95.68157 19.936323
