100
17
0 20.947086 70.83366 29.88196 94.93611 33.867542 37.08279 52.29218 10.6022415 78.249565 73.44583 10.389942 31.468206 75.40861 78.505135 45.10112 66.83633 4.1699467
1 72.9978 18.917364 90.86631 44.320827 48.421963 8.722025 90.5882 98.884926 13.61413 94.33673 53.80661 21.368254 73.28872 80.41037 32.855614 59.84085 20.750237
2 20.02207 25.613392 78.1839 49.360214 68.520256 34.678726 15.988928 37.47701 79.518875 78.54403 6.448281 25.913382 32.028824 59.677315 29.19057 29.712772 20.391346
3 38.668983 39.520287 34.280533 45.534454 11.339492 83.10824 54.48516 67.19232 47.586815 86.10351 51.94165 38.769817 82.73355 54.213917 35.79392 77.724075 80.483376
4 33.910034 24.22517 79.45604 32.89653 86.98846 33.75877 68.105576 68.939384 22.787785 40.09254 76.23456 96.35989 75.95166 24.474829 41.634773 59.409626 31.40601
5 73.03246 14.448124 10.105157 90.85421 30.361372 44.031887 36.4419 69.347946 53.266663 1.7028153 85.6989 68.17903 53.778015 33.372414 53.473167 17.338139 33.269756
6 92.42795 63.438915 32.041122 70.29555 96.866234 43.435013 12.335992 45.031517 81.06097 60.050232 0.64122677 32.24715 68.611855 26.419943 31.35618 24.540657 2.019477
7 61.8016 80.620125 18.048758 2.5525093 92.3047 88.130066 96.64514 51.28299 20.870388 50.976784 38.265903 33.083336 12.496233 20.101631 71.744576 49.191708 84.365486
8 90.654945 75.517296 12.106789 26.860405 9.754944 4.696214 96.98015 22.62522 9.469229 92.044075 45.805786 59.413326 53.89939 5.8668795 40.598522 26.238941 0.7331312
9 86.136566 67.002045 39.49944 67.29258 74.438705 44.53477 9.698385 45.767754 16.599024 69.689445 43.95009 82.85988 44.87766 95.63549 93.66648 65.41152 43.045753
10 1.1801362 30.111038 89.7734 98.8993 2.3340344 37.558807 31.717527 49.060642 54.273582 99.646614 32.78212 97.317245 28.22935 59.464424 24.21655 25.115097 26.956594
11 18.672932 81.438866 28.835535 0.61908364 11.390305 39.440216 88.62792 20.364784 21.042091 66.24852 56.146633 64.37581 74.395256 39.840145 9.663773 27.083857 38.493717
12 70.26609 63.623055 9.465361 0.3864944 58.8054 92.505226 21.341515 33.909927 59.301876 75.44091 86.441246 55.183895 62.171833 35.696636 0.23858547 62.05407 31.644976
13 18.14978 38.409607 10.914129 3.4335017 56.146477 40.8906 45.94338 69.09537 47.503864 20.243937 94.87883 99.807594 16.487837 32.19866 36.40002 75.09858 45.795406
14 46.23925 26.747925 99.370766 39.13529 11.941158 17.344683 92.90595 22.981817 5.9304714 66.26146 5.676186 25.339502 89.97551 30.041283 6.937331 22.57415 14.459742
15 49.58009 75.57704 23.029226 66.561714 15.770936 43.902027 41.554863 18.66296 14.006578 8.423519 3.3436358 61.167377 18.3079 6.737697 22.519016 62.955498 98.007614
16 0.3669262 12.496299 51.58608 45.08972 94.055786 65.78363 30.132633 56.29725 46.195717 62.975224 85.79921 59.118225 80.535965 39.385597 11.360109 48.20045 32.944893
17 16.071814 69.733536 62.397755 59.59105 35.6897 26.915514 41.59709 84.461464 86.34484 52.91465 36.111397 78.62768 34.753586 14.651364 24.4538 84.17504 67.86372
18 30.989153 22.755522 29.35701 86.64776 26.685732 31.283272 24.51431 41.9388 59.18593 71.09752 90.86348 17.604137 26.486748 72.82744 5.726081 76.53456 24.00964
19 16.09115 61.518764 98.16766 58.30211 3.843075 34.295517 68.674934 51.807182 32.77846 57.331856 85.45117 68.795105 76.07543 51.73218 12.888175 42.320496 85.726585
20 98.95502 66.14452 96.78375 1.3374507 58.178078 1.1021912 2.9368222 93.69268 57.319534 82.10476 11.139912 93.06924 82.11037 72.389206 25.070053 42.9792 78.75373
21 16.15492 69.190056 63.834446 87.35258 34.5722 87.95464 12.336916 64.440025 52.14472 88.37005 30.917269 1.6749561 73.943695 97.10602 17.29195 36.196285 0.37741065
22 72.420975 22.515757 97.455444 54.210808 64.79921 42.41813 80.82105 97.182526 10.073447 82.984215 54.1898 81.268684 18.14012 6.345278 28.620798 45.715393 68.95303
23 47.159523 85.08026 76.51785 76.65122 96.188576 88.241425 63.989693 40.349358 91.013084 15.498865 58.179127 75.7666 15.603757 29.555202 45.700516 51.52681 68.70244
24 59.81282 77.42321 25.228428 13.817352 79.10799 19.570738 51.41489 14.553177 54.87581 94.12012 82.09998 1.7507493 68.51077 13.75472 92.801346 22.584349 73.4304
25 5.6272507 86.957756 15.751404 55.16331 93.25882 79.561356 15.897065 58.733208 61.272644 58.79794 59.464043 16.826593 40.389053 20.991362 83.57844 92.906 5.0538898
26 69.29025 40.01916 6.8147125 90.91225 36.976105 93.729774 35.83195 89.56089 20.234722 15.985775 44.95578 21.91736 87.50267 87.810135 48.858185 95.24426 29.424507
27 91.42991 10.975212 11.289936 57.945507 23.693233 48.131626 70.88937 89.590935 22.939587 1.5838563 53.26302 17.581541 62.66788 16.08705 83.519226 2.704054 54.62209
28 10.307097 19.683916 82.95458 89.06908 36.42226 28.937828 7.6250973 59.848255 89.97017 2.4367988 59.993576 10.308844 7.8369856 7.738769 12.954598 47.91355 61.75874
29 58.88706 9.199065 9.783095 34.878296 15.842181 18.892796 88.8049 41.902702 9.263981 76.74782 15.462738 90.42695 33.486485 62.026447 19.906944 67.28514 2.5741577
30 61.025368 2.9342115 93.67525 22.089554 45.178913 24.750853 14.657122 75.93889 38.881557 73.23686 49.888687 54.507233 20.807987 15.803379 24.643099 81.17444 58.814247
31 33.051353 53.809727 10.955561 80.908676 10.813355 61.350555 41.98496 19.321638 57.625526 67.25375 70.22604 68.97567 65.37743 61.15128 35.31364 89.82359 35.28115
32 43.26351 13.811928 70.30303 13.156205 50.080795 61.198353 98.837746 76.42685 84.12974 39.176495 55.746185 69.566696 38.30617 76.90385 9.506136 19.709742 88.652176
33 47.63264 51.044037 74.796425 32.241524 23.15349 26.103401 83.270256 65.206474 32.166637 78.89654 87.62893 40.14426 62.95909 26.817638 90.021645 61.498993 41.026646
34 74.21596 92.84021 85.40417 86.84833 97.88023 42.457653 89.332794 34.010567 4.3174744 51.819946 83.241234 12.214952 52.031136 34.699028 3.274709 80.12534 35.28753
35 8.591043 81.15706 19.06777 50.341137 67.32141 25.804483 67.65382 73.36604 61.545403 11.238718 19.63023 10.572958 73.964264 98.34381 10.652912 75.90115 24.983454
36 53.292484 55.043133 77.548035 77.802414 77.50399 39.520668 70.282845 33.939613 61.7893 48.84881 51.396084 70.669106 88.957886 57.50763 41.234596 90.79511 66.73222
37 23.98594 18.099731 47.951084 97.53264 29.9115 46.93957 12.824416 18.810314 7.699859 3.406471 38.333523 51.436764 48.18229 2.7008295 16.090805 12.582308 7.0740757
38 75.96564 39.054733 10.975826 77.27833 27.18252 63.001377 87.93713 36.81449 58.457993 4.5372305 77.67803 51.3519 80.751625 8.351106 79.70751 20.468485 66.52084
39 39.094215 98.44197 30.206621 38.037712 1.8302917 58.06654 66.43701 84.43162 12.867236 31.13547 66.956665 27.550518 43.739044 78.21623 40.93846 3.7982404 54.23302
40 23.015696 65.93158 40.04311 45.04727 36.8808 21.508842 96.914406 71.62435 71.40721 29.108519 54.280792 12.957823 15.246421 16.673773 69.97339 23.042023 7.266015
41 99.216934 53.97377 68.775375 73.2431 80.10331 42.994015 82.491875 66.57406 8.149279 12.854129 6.152707 48.443176 30.86164 33.09754 49.162907 91.95003 30.424387
42 6.2253714 14.681047 4.354912 15.289354 75.68434 7.3695955 37.428738 23.188448 66.78545 26.310253 67.51855 10.606724 4.094708 73.11347 33.052795 6.6019416 40.12183
43 90.22943 90.56597 75.50236 22.49778 56.576138 2.7365744 1.4489949 10.999739 45.60798 79.28433 98.77228 49.038197 28.937853 18.804062 94.41906 65.412636 40.991634
44 25.72748 83.50015 76.67996 6.6228986 19.668371 45.749016 25.336243 44.167564 96.54834 31.320555 97.72231 56.404922 13.312369 88.776955 43.22547 96.95719 35.979073
45 58.98235 64.622406 80.7626 38.545948 96.44758 71.51595 95.664795 56.26477 87.73064 14.54491 64.457825 58.457245 5.9219418 28.739822 19.804716 4.8603716 94.95115
46 67.968765 50.515694 16.041119 99.1828 68.33774 89.249245 17.329485 7.071739 22.716278 66.6179 90.68006 34.890236 18.84712 3.08398 87.63751 42.891716 3.9303362
47 41.377537 55.968613 14.730197 4.868907 2.2269845 13.4105625 87.31014 97.810135 34.046097 54.31423 46.11206 77.0631 2.2624493 2.735436 86.850266 92.32642 50.909786
48 71.81365 32.309658 76.39577 62.959297 61.20493 10.427988 71.67223 36.964943 18.095291 81.003334 32.958 96.58949 13.166529 11.487972 62.86514 12.418783 90.13474
49 72.66893 52.89986 68.43059 49.511646 60.93186 12.702358 70.14424 26.49157 71.373055 78.37016 9.731298 35.8462 94.188835 81.18033 62.424324 38.982357 92.27187
50 14.825368 45.938652 59.512474 30.329449 73.52506 83.153656 42.496033 62.47446 7.6687455 41.129707 41.686035 76.29964 97.14027 95.12181 90.47411 24.919552 15.903491
51 73.360306 91.650276 25.152313 22.065115 61.085182 63.519924 38.528122 74.33112 85.03801 34.355225 93.58008 43.94363 12.040913 51.66704 22.132385 57.799297 97.445656
52 99.49606 21.102959 97.04306 26.448816 17.028881 74.54508 61.100597 39.18689 20.600748 70.94129 41.51852 0.10390878 22.867615 78.62131 86.346725 14.594019 55.995052
53 30.90427 53.906517 57.94437 67.56201 63.278164 85.99006 30.033653 10.017091 11.550749 82.74002 96.28681 67.52019 54.176228 44.13728 3.5646677 2.4826348 78.429474
54 92.212944 46.81264 91.77479 91.12958 91.39725 6.5477667 7.1560025 35.3818 5.9820533 22.086418 62.81434 28.299873 39.22825 24.575502 55.860634 96.690735 80.479454
55 36.46912 3.146094 61.84298 88.59715 79.48592 83.867 47.285877 82.51904 95.99632 25.151926 48.915028 14.7357645 24.242805 74.32466 92.26457 19.51527 16.123169
56 32.99037 91.80803 54.87731 8.109778 44.759155 39.665573 72.29306 57.195198 29.614323 61.473473 29.078651 10.815197 7.0330677 43.73205 10.252458 64.08607 99.415146
57 25.805653 5.5814743 61.29937 23.674948 59.826637 26.562107 58.65025 67.57056 29.79462 81.6384 89.154854 78.10824 26.712137 17.090618 61.47077 20.864885 47.02213
58 88.32742 5.0154867 74.0666 97.08706 40.945076 12.83915 11.566919 84.962036 43.60113 69.91919 80.36071 83.06609 42.771103 21.986729 55.891598 80.160034 71.66439
59 93.06394 41.16566 69.721375 87.3791 98.293495 81.638725 63.60587 78.74704 92.39618 79.12688 76.85115 55.79635 8.532768 75.792816 11.474287 25.435919 63.1151
60 28.836464 16.818268 78.504875 60.166885 32.184784 21.89954 63.95291 25.446218 51.6108 4.6016335 36.4101 32.2912 1.7577529 74.56135 15.113574 64.93154 99.004
61 25.129688 42.99558 63.030807 3.5452604 36.598503 44.173496 36.003937 12.120855 52.51555 32.153965 55.026234 63.16204 75.72973 57.36724 72.75714 66.54688 45.98947
62 15.345025 79.10148 7.423508 29.449486 81.667206 39.59287 98.591675 18.124819 39.016033 40.289955 58.65181 57.77992 9.137678 58.820713 77.54607 82.37973 68.63067
63 20.100616 40.292557 76.298164 84.231804 72.306244 20.782232 39.02731 49.187172 24.23882 26.657724 26.02185 87.47682 29.907173 83.77987 51.223034 43.76707 45.953453
64 43.92681 87.22346 22.215832 48.706905 95.54053 96.25874 31.440617 1.7638564 56.9795 85.358055 42.421608 53.949535 51.355965 50.978554 53.76552 8.527011 57.199646
65 69.02656 69.07116 95.0996 19.525497 84.88258 35.150467 48.637806 0.08172989 62.260605 30.166763 28.594744 66.37093 89.620316 66.51531 13.61177 28.287453 6.4028263
66 25.21251 72.62867 54.77692 69.37617 33.964706 25.382143 55.741352 10.470009 58.802425 68.69653 25.488113 53.07561 94.602425 9.349865 81.420876 23.124683 9.949482
67 29.654335 27.523787 66.390976 50.148426 33.557224 47.68772 24.244081 3.881967 14.688396 24.324167 19.201773 45.681202 34.31299 57.3237 9.563583 31.256681 47.860645
68 65.62182 22.46539 25.612831 20.178688 15.875596 7.985103 16.085863 88.7898 81.535225 47.3794 11.914551 83.43302 71.48021 27.87925 68.14762 71.548256 25.010794
69 79.26795 30.645609 50.963116 83.03188 76.07315 68.24704 50.998817 61.493057 98.800125 1.9984484 74.988594 59.37144 31.204288 25.418026 34.56515 80.58226 43.9492
70 26.358425 98.10629 77.116684 81.73396 14.003497 31.82419 83.44194 67.52718 44.28628 26.850689 2.8211474 58.15221 45.52413 24.328386 81.84827 7.180381 21.86702
71 13.296914 16.339218 98.76928 55.343716 43.710106 30.026907 27.406681 14.528632 75.190384 56.591927 88.977165 87.3616 47.39012 98.801735 76.456955 92.21963 81.66914
72 88.369415 4.9778757 41.31052 98.10664 93.08398 24.907917 66.74422 93.85189 19.37229 74.71335 6.710738 86.000824 8.359135 17.245192 48.089294 77.39694 80.38555
73 41.09543 45.128994 80.139175 19.582867 72.97076 70.73751 97.59402 18.29515 75.62229 98.113556 60.12307 96.77605 19.54984 73.24576 66.63338 41.598766 44.081264
74 92.02414 57.82969 45.613064 25.938183 84.77877 37.4031 1.1285067 70.27611 82.948364 34.348743 78.42627 32.481148 70.82246 28.498066 84.89505 78.580154 34.993805
75 27.8233 31.30359 40.652245 16.961962 21.080685 55.27881 21.604925 53.467514 34.173107 56.334972 34.39918 84.39437 89.81578 59.235203 15.3873205 0.8026004 24.572992
76 34.567356 53.791367 53.756393 17.308908 97.74773 11.236447 7.5638475 61.078514 74.856834 31.213749 84.88226 94.30945 49.453514 30.744713 53.462368 44.935726 86.56051
77 30.527336 59.267487 26.39687 5.182922 78.45597 34.031593 20.88117 39.88936 0.41791797 39.298958 51.95061 85.09577 25.296724 47.464855 65.13308 56.747555 64.5799
78 73.72245 25.910944 78.16339 25.114853 33.087234 4.793936 7.0123553 23.433287 2.3532748 39.170433 64.93714 86.533424 68.03219 52.029465 20.462776 34.74729 64.69642
79 24.392319 58.86011 72.81555 81.91601 87.65827 62.94402 73.84521 96.92729 45.634533 28.820688 43.549507 80.65083 95.681175 66.858635 47.99062 9.594685 81.36481
80 46.212494 83.7015 80.009705 32.798607 50.70429 54.105972 74.44246 88.28454 33.457 87.94704 37.154602 15.109205 10.131777 24.150394 12.906694 76.83603 77.7614
81 81.179726 34.061306 17.951982 13.876122 98.28416 71.13035 38.349712 13.825661 59.71005 10.622353 14.249182 91.91719 2.3732662 86.747345 38.495182 72.279236 31.904524
82 67.18216 21.726435 60.35529 83.43825 1.2234569 32.03161 36.81915 21.879309 56.356018 90.03132 87.74129 74.32703 48.201286 59.810425 52.337765 75.35027 62.207264
83 35.04094 70.979294 17.192633 53.0819 60.564987 78.76976 72.85515 21.204615 19.543732 55.42438 74.28214 11.985863 67.22907 90.95436 12.301379 73.85437 87.00024
84 3.4261167 94.094154 79.27147 60.358067 83.50029 70.15668 48.499752 78.23202 88.32327 81.13783 81.94822 19.683683 51.457203 88.58771 69.50237 99.65756 66.77329
85 38.32726 96.60873 48.91522 82.538925 64.46533 50.86841 66.088425 61.304577 12.470836 69.9123 48.607166 14.710074 35.393387 83.35481 11.118484 67.108116 75.36592
86 37.188793 77.2453 84.139145 67.78105 48.188488 43.783623 82.33931 15.685045 95.39129 71.6601 12.837494 52.467316 93.75395 31.43885 49.579334 0.14050007 16.411411
87 94.45869 62.74513 4.519129 92.95285 5.694169 87.60955 86.340096 44.681232 38.37327 13.59058 45.56336 58.41111 20.770174 87.281334 34.29757 9.020925 45.25616
88 5.543393 19.375748 30.307383 41.778965 43.01759 68.73695 92.851295 90.90866 24.494558 54.43839 67.318924 4.2053103 92.36102 90.13089 49.175804 46.012733 97.741165
89 40.79062 65.0288 65.25761 39.988346 18.83884 17.146439 48.141945 10.91826 32.736378 98.11105 62.77783 49.738335 83.76171 95.56334 10.159617 53.212254 23.834503
90 32.707767 8.043927 98.455605 34.605396 55.318016 46.269684 47.206455 66.086525 83.63514 65.068 98.83092 65.14637 27.575111 18.567389 22.150982 21.35002 97.402916
91 10.887754 14.922732 83.8183 87.39806 94.14423 45.015495 39.74368 26.504337 28.86861 13.673514 57.48948 63.558887 55.63349 32.37471 57.173687 23.031498 60.178066
92 18.488438 84.47652 44.432713 26.539648 27.992989 92.09909 20.39343 27.36373 56.822765 23.640745 17.162573 56.777237 45.915775 0.2674222 90.76223 48.360657 22.728306
93 17.83923 72.69053 63.551514 46.942066 15.389675 62.844814 79.273544 7.438117 2.053523 32.785797 38.045364 37.543316 63.587578 59.675907 59.923405 86.32263 79.194565
94 6.861311 9.334058 54.61093 89.93383 69.35019 87.41835 88.92925 79.883316 66.15481 3.5313487 26.855606 76.51965 92.95952 9.902287 20.321232 96.43232 30.760979
95 48.37745 84.24823 63.22208 23.473476 15.1549225 46.560905 95.8042 1.0362983 51.311558 20.583677 4.706794 96.899414 86.86132 4.935807 71.49879 29.058212 22.52853
96 1.0649323 10.190505 22.78064 15.138221 50.405502 90.12155 18.10574 23.601347 46.746643 16.100252 44.93916 77.29944 3.7505746 24.811686 58.538418 96.95812 20.743376
97 36.0052 5.341995 49.86177 24.034369 44.75884 56.985916 71.8343 87.29952 17.059845 84.06773 73.43757 88.24172 47.713547 92.42069 48.277916 14.133966 7.6857986
98 66.57269 68.42969 24.338102 80.69698 37.471207 32.36762 40.914093 7.332611 45.803654 91.33888 10.496283 93.04147 16.243399 33.01024 42.280334 25.896305 1.1768997
99 29.01348 22.866642 5.4441333 30.95333 33.51695 72.53343 27.737785 9.040701 51.315468 87.02114 58.8915 78.83394 19.61363 90.91345 73.23122 29.961443 81.44685
