100
4
0 97.03938 36.82628 57.954872 51.89528
1 53.704556 8.4811325 38.013626 8.611202
2 1.08639 82.37567 73.667366 58.906662
3 57.688713 17.199839 5.738163 32.426624
4 87.381874 74.16072 22.357077 26.899057
5 48.201363 18.99997 99.92899 96.98965
6 4.8029184 11.888748 23.199785 83.36671
7 57.99393 79.17633 97.95078 78.8976
8 85.55402 12.704152 83.79875 3.4882188
9 73.3513 24.533808 49.182846 53.960884
10 34.4957 51.08932 79.72246 89.939064
11 70.951675 37.306618 25.13982 35.67581
12 69.7252 82.654366 20.832909 16.146683
13 51.5732 23.89183 66.492035 93.85912
14 0.34984946 99.02314 35.97496 41.353233
15 5.855632 50.77089 56.65136 29.240883
16 1.7099679 11.511564 60.819702 57.120293
17 85.70406 73.29355 31.37411 26.394098
18 75.74974 2.4074614 45.002693 91.80447
19 96.42556 56.92444 41.742252 19.586777
20 64.80082 14.399374 4.1704416 82.05237
21 69.31868 5.1032543 23.9197 83.97395
22 20.734835 71.065056 30.146152 18.50794
23 22.189552 63.0454 93.24029 8.004284
24 18.257391 34.318836 38.14852 86.694695
25 66.147156 62.61059 72.469475 11.998039
26 41.05748 8.330065 73.844894 53.429848
27 71.03448 9.792757 84.49178 52.55997
28 62.592854 93.663284 24.99283 94.14705
29 58.980907 93.43546 88.211235 92.82291
30 89.48298 80.25401 82.521805 17.148685
31 55.815273 11.452603 13.11214 24.474884
32 34.797955 43.322365 74.12929 17.0785
33 93.45789 69.13525 52.712833 99.10441
34 40.972836 72.43987 49.813343 81.799736
35 22.913694 3.0508995 10.055006 63.60594
36 77.643524 20.703316 33.236195 84.38339
37 67.1176 23.59261 49.406498 97.2192
38 98.39161 8.332533 65.41134 15.055972
39 15.637148 49.41082 97.51564 16.233307
40 52.201916 52.99756 57.92888 46.72539
41 39.116318 27.761894 55.04016 46.468716
42 10.37814 27.793615 41.781967 82.09843
43 80.34824 96.23278 24.184168 63.35674
44 87.72808 67.02084 44.82943 0.42251945
45 60.99365 43.352325 32.111507 64.76876
46 8.021623 49.78891 56.02761 7.529235
47 28.215677 68.27529 31.364298 72.70414
48 88.040886 91.954926 37.787033 94.12642
49 53.88046 23.026073 88.300285 56.527752
50 91.98333 68.016396 29.157084 24.180353
51 90.477104 44.714798 28.473133 32.655365
52 38.54531 66.31906 42.01459 7.748908
53 82.539246 49.689358 93.91455 23.416853
54 26.704443 53.303154 90.03 60.771244
55 30.104553 66.76258 81.43773 51.284443
56 83.03615 85.49928 5.907172 18.088978
57 1.6273141 32.45469 73.366394 3.7351131
58 23.340714 61.59913 96.240814 45.368492
59 97.7631 57.61684 42.504 28.723366
60 64.42378 51.16374 55.308033 90.613365
61 74.573586 1.8523693 11.692947 11.072624
62 18.064594 71.39602 9.208149 26.6006
63 44.95334 59.828163 74.97358 36.050457
64 48.522728 8.892071 89.98772 61.84381
65 90.45941 71.86938 42.138058 67.97496
66 77.37534 99.39922 45.735126 39.58099
67 32.22835 20.156395 51.38432 58.9066
68 75.04359 85.3471 77.102005 1.8041313
69 29.294312 61.393826 5.810457 55.31192
70 87.05792 68.28121 53.30625 68.49242
71 95.37573 76.997116 28.65002 89.04235
72 4.9289227 61.31681 1.3941169 70.98023
73 51.076996 92.64297 99.43396 23.053783
74 6.431067 25.344234 81.38647 82.785866
75 57.455368 30.455816 28.674967 71.999054
76 58.173805 41.95487 56.90704 11.246162
77 9.032482 9.153056 52.205276 33.158123
78 94.52542 35.92064 45.98807 48.94707
79 99.58349 0.14790297 77.958984 44.12717
80 61.27159 10.547709 89.97144 35.20941
81 12.415838 80.90906 97.775215 30.27038
82 39.832134 0.3387928 9.7710495 44.783836
83 28.35377 0.80267787 84.70861 17.144835
84 48.425545 77.1364 28.234833 3.4284651
85 89.27321 89.19238 32.368683 60.94122
86 50.262676 68.282875 24.9425 28.187132
87 2.785945 90.749344 56.969917 93.43986
88 85.667 58.32132 55.497658 3.9558172
89 24.550707 8.724767 75.05933 87.06392
90 84.960495 49.37455 11.220753 37.3193
91 8.692664 73.3633 90.29881 20.318264
92 12.020606 49.57791 17.12184 73.65959
93 73.941895 29.686415 71.214294 64.234856
94 34.604996 43.804695 66.1298 24.182337
95 93.355194 56.55067 78.4842 16.402435
96 16.857327 76.41141 65.7775 25.776762
97 78.86439 87.186554 5.1247597 80.74014
98 81.8487 41.843307 29.889673 48.51941
99 98.398575 0.34937263 25.839806 28.38211
