100
17
0 85.436455 20.431423 52.801746 55.04713 54.966663 72.184006 38.641975 21.714401 9.236246 55.36691 21.487522 96.80244 13.676095 79.33343 85.335365 72.28272 67.22923
1 73.11904 93.448654 91.33425 21.19291 86.48683 41.394817 70.907555 6.726074 58.135033 75.16022 45.718468 38.489975 3.3854544 26.051771 13.240492 52.23289 22.436089
2 78.440895 16.442633 14.005393 9.939694 54.784714 44.82522 70.30765 87.82985 56.511925 24.211061 24.344492 80.584854 3.8363934 87.789604 51.528984 89.18994 44.724094
3 12.684668 55.576004 94.683495 58.26416 81.981865 8.420915 71.16896 23.570728 7.432997 76.55369 12.420994 7.8697863 65.23657 72.25874 65.652725 0.2176702 50.22356
4 60.089256 24.644392 66.78097 12.866079 21.388662 5.329895 74.01967 80.74626 27.821922 17.224049 44.507206 80.00857 89.025566 49.94246 11.35574 12.968361 30.274414
5 25.770945 88.968895 42.123764 79.450455 76.099106 5.6045175 6.5380573 24.85485 94.92186 55.298954 8.712631 68.11116 8.974844 39.193707 65.00242 81.45845 97.908325
6 28.142231 93.24743 73.33681 54.786648 96.39622 2.07811 27.842539 16.754103 39.72875 58.333893 65.208626 26.626194 97.90864 4.8109236 45.092766 31.200111 81.17246
7 19.287132 20.58686 43.0475 41.23622 88.18286 37.26816 15.334309 0.24821758 81.58829 42.375355 18.748177 34.52158 79.57315 28.707022 94.90821 15.325141 8.098918
8 35.812473 59.74994 5.6928215 93.45218 87.4952 75.45045 52.185673 60.445457 74.909195 21.674984 53.66992 56.785046 34.243023 11.54173 28.135098 35.64607 98.11206
9 89.031624 83.85657 23.844164 71.58632 50.994648 66.107285 23.837412 43.85073 85.86358 36.25791 75.4777 61.72191 54.185234 20.398092 45.869106 73.83716 33.684147
10 71.30294 32.353764 86.807106 58.412712 35.208736 90.56866 34.81493 31.307585 25.813507 24.297434 50.197662 29.917114 37.35705 60.639923 77.91496 43.006485 89.55036
11 48.560745 15.2677 22.063982 85.31558 53.443302 88.85526 46.365536 81.37961 18.713116 32.95018 37.20867 58.161007 48.31583 81.92981 9.268123 23.341715 52.81267
12 79.155525 71.88228 70.07032 45.6249 76.06345 36.644005 20.767885 74.61622 8.87093 10.19454 38.674885 4.409015 2.166915 51.922394 57.07751 4.808551 35.012173
13 18.728483 18.884373 55.24452 87.60789 55.576332 3.0032337 0.579381 56.994366 87.70508 37.71821 22.887182 25.82131 33.710712 21.72867 61.34867 96.50765 57.825367
14 30.233097 79.27277 66.913925 73.33749 23.787052 56.039055 46.128254 69.9513 81.81091 61.62087 58.57525 77.79829 88.55731 43.016426 0.16502142 75.66536 27.871937
15 32.671345 25.68913 65.7358 22.80746 47.667778 16.535933 50.75314 48.504387 30.49311 1.7470896 80.081955 70.97341 34.55754 53.488636 60.781815 22.551817 53.83976
16 15.496647 29.72207 26.724535 61.20186 35.623764 38.201374 73.37577 55.68716 92.21491 35.81077 20.85569 28.7225 29.949028 43.77442 46.81195 72.372856 50.579758
17 57.156746 76.65872 50.989937 54.586826 1.6441882 10.763788 98.66767 63.317837 24.659914 30.664587 48.337738 0.27766228 16.979431 55.428196 30.144691 2.6408136 23.475807
18 14.010591 34.52815 17.965942 7.888693 3.3240974 33.371265 9.938288 23.39868 77.67572 6.3711762 14.524597 9.175253 9.094954 71.73459 13.277626 72.89593 23.439932
19 64.24749 3.0692458 34.50825 40.482407 10.121846 65.96834 40.293026 71.66183 88.75777 74.33222 15.714049 83.91897 45.210693 94.78042 6.7995787 56.832485 73.818985
20 91.21139 73.14607 10.863358 59.786427 27.363104 90.383354 92.35119 69.75074 59.878136 9.4700575 74.30292 79.286934 14.9926 6.9407225 87.08231 21.242327 97.72343
21 60.705803 78.77341 16.687065 78.984505 55.77823 27.990961 94.564026 0.94044805 82.9951 81.79705 27.86886 86.93825 50.11159 65.51793 75.983574 12.686724 1.3197303
22 39.815765 63.784534 8.438444 0.10449886 51.34325 89.071625 6.538409 97.27208 7.496989 98.00403 8.919668 95.911415 81.80044 22.427536 29.343653 66.985115 35.715572
23 28.649294 15.108431 31.254614 94.44223 81.329445 92.601654 37.456913 90.56578 2.2525132 25.78801 54.257423 50.121624 76.91049 62.138634 89.75946 33.433365 83.73555
24 47.588966 31.571651 8.44034 44.6853 72.121155 0.99968314 60.45834 1.4933288 7.0900917 64.27905 70.5303 40.598892 81.34228 83.40518 98.645004 29.47377 27.721632
25 99.61271 19.871717 97.242645 97.23493 68.53555 95.42639 29.182089 62.7946 41.235733 39.21491 35.479527 16.211987 57.374413 18.666208 63.697563 44.437145 72.6313
26 19.66105 17.443716 67.70174 32.936043 4.882109 13.0758705 42.30075 73.099014 6.5705595 95.727036 3.6420107 11.024416 54.899788 65.92034 25.6064 23.919409 46.205837
27 60.53771 45.21585 86.91137 78.19846 35.440636 87.43251 73.43964 6.8786087 11.714125 84.256134 20.954502 29.883677 49.97745 21.10371 54.149673 48.860275 85.69948
28 38.01595 94.55444 67.52451 97.75703 35.12159 22.26011 8.426916 48.930264 72.89619 59.354763 79.017944 63.54947 55.285294 20.858574 43.14897 28.564674 45.2414
29 97.217094 97.19366 80.93998 90.48227 51.41359 57.89891 89.07449 55.4593 6.257468 22.048897 38.082165 32.08619 75.21102 94.03836 78.94657 75.48895 29.109251
30 17.303085 17.087996 15.981179 56.249386 17.859566 65.587875 89.037285 43.581635 34.38837 17.618847 0.9387076 0.18712878 88.59427 48.50057 79.02295 43.011612 44.042458
31 13.777465 7.4051676 40.126057 21.166437 90.89131 7.311094 43.861485 23.34634 20.060665 16.715544 69.33167 84.35346 38.101723 58.092327 71.49248 54.349987 96.91786
32 52.33043 23.432487 91.13385 97.59428 58.15349 91.54932 39.355015 9.370577 51.900642 70.20693 44.737522 39.70108 44.807346 74.01934 27.47407 63.18334 91.79594
33 73.757645 1.2784123 40.940105 25.39317 99.7835 77.26248 82.23645 44.19101 61.6896 97.837 32.42641 61.029266 45.355934 51.01849 58.036316 30.884384 38.849712
34 73.473946 34.753563 11.693364 10.512137 47.774094 97.7091 87.73252 59.252174 79.894165 57.692898 99.72617 85.63522 34.04948 20.358795 68.91368 89.005005 38.34396
35 18.156141 84.49802 90.86313 24.119633 3.3307433 1.1929572 67.36972 49.81222 83.0895 92.24786 57.4991 94.84258 59.70694 44.942196 0.52763224 6.7197742 75.31486
36 11.998778 63.651127 94.02448 36.26961 30.875195 3.1924248 86.019424 89.8066 50.97316 80.69536 15.847599 57.204567 19.29086 36.900204 25.992512 55.490093 41.075844
37 34.912155 72.06286 2.9762506 72.07397 80.62469 2.0159185 43.37047 1.7825603 39.52253 83.44967 6.0912013 36.78518 9.306383 20.186943 65.64818 94.16579 6.3563943
38 52.471226 65.877205 16.879017 48.95131 41.93162 32.450283 45.809586 3.5132825 55.104553 32.94024 42.42044 23.145897 37.585396 32.904213 87.00958 85.62977 7.5000706
39 90.621635 61.627983 5.151433 42.42325 85.50328 14.923679 86.74694 21.426428 65.562996 45.153023 42.182552 54.729877 59.060963 94.23376 32.275105 61.382126 32.396595
40 32.212086 24.040836 72.2385 0.023663044 10.397995 96.181816 55.806076 38.61409 50.52115 26.965982 10.630453 14.509183 14.718074 2.2832692 94.995186 64.826515 10.43762
41 75.383255 85.7757 44.16089 39.21512 44.397896 69.137794 52.913876 7.7980757 29.167675 70.008064 43.755253 13.702565 79.12508 61.297546 79.97249 69.64661 22.111298
42 51.966812 15.47296 87.46385 27.140587 12.233043 29.50362 42.380844 48.47194 39.399887 79.841576 43.587326 4.154527 16.614443 12.947142 52.799534 18.797583 44.81217
43 66.58037 95.280174 91.056114 93.49901 24.448849 69.117836 83.66243 84.95539 89.925446 70.377945 44.27399 97.85325 69.660515 51.223366 54.516823 6.8948803 32.48628
44 22.785503 42.009155 4.46015 95.40671 7.278061 34.544815 25.751156 99.28197 57.72992 59.752007 0.72588325 61.21271 67.22801 9.239298 22.203136 19.328636 21.475441
45 69.373436 70.700905 35.97284 42.86551 36.34635 1.4526486 65.996704 85.54495 60.08426 39.056404 73.4489 68.79431 17.896563 59.58845 39.32971 50.512062 86.68577
46 70.80767 18.823368 8.98158 33.232765 38.15103 3.613627 5.072504 60.78843 90.251854 25.192272 69.53662 61.25977 73.18805 1.7088473 2.3728788 14.054358 90.88818
47 13.6677685 79.93868 22.583282 61.203133 74.004 57.469513 79.02348 57.014717 93.67065 92.14329 27.771496 71.13951 94.32397 27.309626 52.711742 7.246375 71.0281
48 99.82826 26.664299 28.902763 97.72187 7.7714977 30.924051 0.37474036 10.652262 98.49797 15.47144 88.915726 15.80739 71.07001 27.103264 14.790928 87.86026 91.246185
49 73.34236 85.811386 54.111725 71.2282 18.540556 24.118692 57.80643 94.68494 68.156845 28.608358 42.961754 65.33546 94.90146 43.75556 96.03294 14.878869 92.47709
50 59.576393 68.43401 33.956825 19.275593 15.695751 14.804691 44.081665 64.918076 50.487953 43.18149 35.32818 50.3372 32.309196 39.67992 75.652985 59.634663 50.065033
51 8.274031 94.86603 15.707397 73.676994 38.678043 46.74159 7.190138 28.168715 66.66564 14.040386 71.238014 47.6342 32.44112 96.15212 43.762444 84.64215 36.499985
52 80.80381 28.690756 76.84687 77.945915 68.27033 72.460625 3.706205 78.187485 77.53906 85.16436 73.05072 10.608369 3.0033112 40.465485 38.41982 93.035675 11.882406
53 41.62628 75.004944 50.03252 26.398438 28.77487 3.955996 13.186687 40.79927 55.03444 3.7652612 23.19125 96.93678 97.52538 43.30704 2.7135313 18.933243 28.788387
54 6.555933 35.486095 68.45378 29.17872 4.521447 67.94965 78.519135 9.628117 18.821753 24.918736 2.2218168 64.302246 34.687656 31.473595 40.045254 25.602829 72.96618
55 67.51687 97.93674 30.23982 52.618706 58.64355 60.36965 69.360634 21.833044 63.192284 16.181982 21.66034 9.5544815 38.17405 48.139484 3.7642717 25.164783 20.369179
56 33.40129 3.7877738 85.1871 8.969766 15.132416 42.716736 68.07106 75.00591 4.4929028 74.05799 94.92792 94.279015 86.53321 39.084595 41.967346 25.04344 7.8451576
57 36.013977 3.5729706 51.20236 63.178463 93.73581 20.493782 34.849 12.96553 10.442501 50.387108 68.689064 14.4467535 84.96255 5.6006136 65.88364 41.81205 33.07172
58 91.115135 50.377167 81.74124 5.9386787 2.2870064 19.607347 91.51819 65.590546 53.541744 99.98028 89.405945 89.36531 4.4060287 36.54587 48.409264 77.317085 84.96014
59 86.397125 92.43692 93.08666 38.499268 81.47814 51.04047 38.534782 42.272705 3.3173084 38.49355 18.212723 17.800396 58.8637 53.443653 3.331399 38.43525 53.81954
60 85.4852 32.163567 4.3477535 44.91451 98.85206 49.717285 12.569576 84.3062 95.40265 73.05469 63.571728 93.12573 38.87912 87.865814 35.307587 64.0908 20.083523
61 18.971134 22.77363 68.61517 23.459698 43.510372 95.79327 57.052452 5.245149 15.932375 12.588442 93.28132 42.81881 72.84853 42.25722 59.99427 65.3882 71.72872
62 78.82463 38.574963 24.315351 67.74552 64.19174 88.69012 24.068594 39.313953 0.9999871 85.58973 74.21501 65.59557 10.8926 77.07695 71.55513 33.067726 43.443256
63 83.211685 7.278723 86.89097 38.497128 17.647427 65.03427 43.99538 95.00709 74.22868 25.510098 85.36533 65.63633 11.820454 85.29364 45.81138 24.238586 26.585072
64 91.48722 10.518569 96.432175 17.91457 68.20988 12.8568945 88.27965 2.3775935 91.41131 50.397938 38.809376 81.32209 49.38625 2.9305995 85.81983 20.72339 98.33656
65 43.700623 5.9543076 6.579405 95.929825 93.365875 37.100517 22.29141 27.002907 24.579739 39.24198 84.25151 50.627728 97.06649 7.269806 23.073315 18.275053 90.9773
66 32.06532 16.896523 80.67623 26.716625 63.313217 52.88051 3.3984303 67.8737 65.73919 97.84862 5.636382 20.010126 69.33644 10.088766 76.11473 70.53515 91.01491
67 84.155396 77.43386 86.49778 80.15171 28.312313 44.136475 59.65631 1.7293751 70.728424 98.99088 87.53018 88.9204 42.974236 40.562515 20.2375 50.72608 16.613298
68 97.47201 14.777899 21.03039 66.150276 50.52296 89.10155 52.423634 96.25834 13.145531 89.939186 43.43696 26.598322 48.67438 2.1472573 1.2706637 48.758442 25.506544
69 68.49993 76.37246 8.545846 49.123035 31.752676 10.814351 76.273636 14.577323 93.78881 52.630287 27.593023 40.935814 37.182735 44.22294 99.16912 47.195225 14.075094
70 68.55465 14.99902 19.605844 56.422337 63.841022 9.896678 85.61779 45.08503 10.41832 42.654484 27.67157 26.547235 74.71962 80.23446 38.919323 33.066906 20.046616
71 10.203135 86.14511 31.561672 75.051346 67.22552 16.422731 49.413647 84.34613 33.060722 32.487957 41.572857 55.0542 32.00225 96.80483 26.855839 94.82301 15.489531
72 80.578804 25.239063 5.0859156 32.657494 96.53311 29.366796 25.226175 66.422104 83.45064 88.6193 3.6339223 77.41974 6.936222 33.175407 18.12638 17.387646 10.530954
73 17.869085 56.314438 27.613508 70.48006 84.66121 54.54343 31.680035 47.70124 80.66817 48.127342 21.23276 83.71601 92.41019 4.658967 51.816273 90.698746 71.83239
74 52.951748 47.4285 46.887196 5.338633 22.203476 18.36961 30.215717 72.253525 16.63075 39.808994 28.323196 26.546335 50.281723 7.4214816 20.50805 27.12701 92.98162
75 72.17387 75.52345 13.43922 52.201782 76.16178 82.40778 39.36918 65.681496 34.150932 84.223656 18.665504 67.298386 76.576965 16.340416 17.191833 33.216614 36.17733
76 31.75941 33.538437 18.79227 95.700745 91.28036 10.993457 68.946365 43.3641 91.685715 5.8723927 68.40298 7.562298 31.53481 24.042814 93.822044 66.00602 72.88033
77 17.538124 20.733196 76.752 44.82827 83.87201 15.413094 40.846313 68.25394 23.546928 29.36871 36.43484 22.367085 16.862541 93.632126 21.678226 55.709003 74.10228
78 46.188633 74.67698 94.39531 77.1993 90.91327 60.46343 67.134346 63.811417 85.5565 2.1108568 43.21035 43.183804 52.586548 0.869596 29.991543 78.128334 45.863552
79 41.249596 59.68873 8.8394165 41.80454 24.97735 90.444046 36.103474 42.321186 73.171486 79.07943 66.80776 22.615469 90.879326 46.999264 60.64436 56.950672 0.8305192
80 47.154366 99.726776 44.640507 73.99181 59.27859 42.74527 4.39353 39.909184 48.762405 71.59741 33.301193 78.121994 47.799683 4.5230093 45.467216 27.914715 77.41549
81 38.087433 30.656136 13.681662 67.549995 7.399744 54.316242 50.130306 36.742508 75.286865 63.644516 49.910633 20.649933 96.40267 59.559692 17.06792 42.47843 60.121544
82 38.89711 35.571144 71.54874 19.304382 35.012047 92.22937 37.113373 22.447115 76.263985 48.296696 41.965527 10.2065325 11.354762 61.267654 38.40827 28.787624 96.821014
83 76.62695 92.182625 81.17328 16.561974 54.05068 17.69085 50.749004 75.356094 60.732548 40.317707 22.650219 29.934479 79.66438 44.177586 17.3293 52.19862 17.93158
84 31.845915 73.65792 52.271927 11.0529785 37.524475 49.66385 74.74468 57.322086 47.912563 86.12853 53.0138 60.77849 42.391373 29.185015 5.1432967 44.20256 32.871635
85 74.25756 54.105793 22.292631 76.011696 55.742466 87.34742 9.425074 29.004818 9.37196 49.89872 12.14863 2.5914013 10.921508 14.096766 11.423386 29.520237 93.56955
86 42.563065 37.741108 56.818054 53.613205 72.38779 49.38096 99.69971 21.263622 93.30296 32.4472 72.84297 39.831573 74.59927 94.85155 70.45784 16.770554 51.079185
87 45.452244 74.80634 76.83956 1.6805291 56.117596 78.5958 18.207241 22.601515 47.078396 50.307297 92.83671 94.67227 14.669413 13.677049 63.21888 90.026726 12.095046
88 59.17798 27.778101 31.318605 76.41067 32.72209 20.436699 66.09898 73.274574 26.502604 28.335392 15.641821 61.543552 20.813507 2.0689905 0.39553642 95.367584 31.029617
89 60.577183 90.09002 16.559357 8.222353 87.65797 14.891034 5.7065964 27.957058 37.637474 52.230762 69.35817 2.8113723 86.78846 52.229946 31.807577 38.52819 96.45721
90 20.952421 64.24385 60.23999 69.41386 65.89693 38.62361 97.956696 47.625435 50.74785 7.388157 93.89078 96.468185 67.90119 28.51537 77.90749 65.412994 36.89373
91 25.330479 21.456354 90.562355 76.641335 65.538086 90.091446 81.283005 89.20184 89.17755 55.77039 96.816475 75.293144 12.304878 33.489372 93.478874 77.50687 85.3898
92 73.73588 97.25902 99.36354 22.471588 69.30232 7.7319326 68.168915 20.388895 39.098286 58.72751 20.979548 14.798146 94.93279 79.69721 77.606705 30.693668 12.330925
93 13.834291 87.0322 65.77701 41.133015 38.41733 66.24123 32.889183 54.04413 97.31501 98.47078 96.979095 34.913723 31.930798 84.217384 88.45647 17.099625 85.95607
94 88.843704 0.5528033 54.88895 51.08242 58.884983 77.33796 27.005886 19.301498 71.60832 41.72217 55.43909 55.660038 83.25815 71.086525 70.18974 10.468376 77.782265
95 0.66488385 51.40692 48.17314 24.536068 71.543365 45.384197 91.65398 98.18514 67.81146 35.9979 14.905226 22.255754 34.213074 84.641785 77.29669 77.82003 86.39187
96 51.138443 81.31337 86.76127 26.85144 17.377441 69.35657 83.86991 43.9659 41.752617 9.41475 40.411613 83.25447 33.364357 73.81051 83.335075 50.70916 3.249979
97 98.491264 66.31338 99.834694 98.750725 45.210655 21.513367 6.386173 74.974014 37.259834 42.35185 88.29337 92.93502 27.033817 88.32562 50.22766 41.443104 95.59746
98 41.9082 41.54522 63.53183 9.553367 95.914894 8.339066 77.92243 36.976307 76.88824 92.02432 41.67969 84.094154 67.99845 1.8025398 17.197788 78.9557 43.55157
99 41.598248 20.587343 32.78481 59.127407 55.294712 20.378853 28.394217 7.118416 20.539528 76.483696 56.3007 80.30984 50.827915 6.141889 70.48648 27.24458 89.35154
