250
8
0 50.228012 35.686565 38.821167 95.4036 52.599037 47.56143 94.23998 14.948982
1 59.843422 11.497074 51.488583 95.69378 21.38328 38.20157 12.414635 36.348362
2 23.164999 14.733971 36.95077 68.74774 9.447872 73.22433 97.1073 13.107628
3 40.263157 50.38004 39.538383 87.805016 19.13572 39.36782 94.82934 59.989243
4 4.5930805 89.11616 26.955658 80.82783 0.97694993 39.719486 20.86736 91.412895
5 25.234049 2.7920246 1.7506361 28.802383 15.621525 85.22517 53.419018 61.91147
6 92.355804 98.320786 13.007909 63.633503 88.71362 2.7388155 17.52181 87.346535
7 41.322815 75.708565 37.95681 85.6065 90.53449 89.6696 77.14965 48.155945
8 83.83547 1.652652 16.957659 71.268936 68.04153 37.568275 62.933903 15.847528
9 78.12049 33.989662 54.723038 96.588806 93.35669 67.404976 37.672436 37.019276
10 4.4211984 54.24778 45.650745 57.37453 69.80857 67.825584 42.122562 55.377842
11 96.90154 65.654686 41.78951 29.196447 54.307926 4.334134 69.53056 51.5435
12 58.56604 92.17556 58.228104 72.42764 13.137329 72.133736 88.9326 32.871265
13 51.91108 70.5032 2.593106 54.52671 27.161587 98.26873 74.4688 11.084146
14 14.761376 61.394714 22.859924 31.31327 2.0159066 59.745968 0.78442097 64.205925
15 98.10845 19.347424 90.82641 1.7414331 19.005114 73.473206 33.048946 91.09738
16 60.75667 50.328594 77.36779 26.554983 83.24752 31.137735 74.20604 31.841093
17 84.195175 56.12185 29.986221 80.2122 87.02316 97.558685 31.7743 45.28662
18 90.352715 10.825515 33.187843 87.59697 8.336782 64.58135 31.85081 6.258917
19 54.755486 40.13567 17.864668 82.28686 7.381588 54.242294 38.92639 9.249568
20 8.096415 77.26974 87.12818 11.527681 66.89093 94.71894 36.703827 42.85174
21 10.33752 50.73367 42.936146 4.5679865 46.290398 50.487633 87.31685 29.765965
22 63.20544 18.608688 30.373526 15.635806 84.11402 74.14929 14.180195 10.895597
23 99.303314 1.6312182 64.59303 50.59397 88.32376 61.54191 47.157795 88.86692
24 49.050625 83.062065 69.190346 87.18908 99.97232 34.04426 27.81822 36.250465
25 40.275734 37.1889 34.183502 2.8132677 2.0752609 42.385506 97.25371 16.82635
26 29.524399 20.278437 96.78559 30.82667 72.608894 84.81032 79.27077 64.42803
27 99.010414 7.892525 58.804394 76.74253 48.22645 59.109467 27.71796 13.215124
28 78.62333 90.70504 80.77202 38.955696 73.585686 22.810913 28.297775 75.667435
29 68.52093 47.30404 34.802353 95.19919 60.10687 18.7366 32.41719 20.15865
30 44.572906 96.93628 55.693417 35.54251 67.531 34.165264 53.46316 8.65975
31 26.285202 97.74904 2.936405 45.4991 51.823635 1.0018408 74.34645 16.938347
32 74.82268 96.806595 35.062748 68.689415 93.77075 11.639124 99.239174 74.561745
33 67.36141 57.006474 2.1549106 7.5099525 34.038734 20.607424 32.13856 30.077862
34 63.23983 82.9934 82.36633 52.387367 92.52133 25.643318 80.22136 67.93958
35 37.241364 43.26616 23.940289 65.45096 42.472195 73.46856 60.910458 78.05444
36 5.829501 38.89564 5.4872394 82.83534 43.222553 15.355468 38.1572 6.2830806
37 13.269591 0.61976314 94.17437 41.329533 9.209132 45.465206 25.649965 94.77619
38 76.30968 5.5535793 64.00101 79.71699 7.5884104 90.98068 72.491684 54.731136
39 8.45626 92.35083 34.47772 12.905603 31.88892 87.215576 90.345856 0.96585155
40 57.869053 19.375456 3.7967682 27.825182 94.95417 63.16679 90.13276 17.648977
41 96.51193 54.28954 79.97589 4.074031 20.854591 83.38698 71.06455 17.591673
42 92.43586 5.4367304 58.476974 19.425083 92.497574 40.589756 45.139957 3.6978424
43 81.93249 5.49776 55.44585 60.555977 29.340511 70.05968 86.17638 40.486057
44 33.78579 36.117416 81.988754 22.746367 27.912558 61.72482 64.03914 96.03771
45 63.962086 38.55005 36.795647 48.789642 96.77656 78.65932 61.934696 20.29252
46 15.817147 89.843124 1.9401848 26.995205 57.11339 51.819115 77.46673 84.3037
47 68.26255 36.67625 49.830456 40.91119 60.28682 9.973568 76.610886 16.881721
48 72.32138 69.695595 8.0543995 39.276703 94.54753 21.08133 3.846264 39.996826
49 45.117085 90.03128 83.258095 73.71626 14.461094 66.768684 51.388367 22.377031
50 69.57711 66.65816 15.214813 33.818264 28.695185 45.103966 55.800674 41.929596
51 57.996624 8.3576975 17.887217 94.49297 24.477118 98.52149 21.2188 71.93042
52 38.09573 77.26184 65.554535 78.88472 90.333824 93.534 65.00319 83.36728
53 11.316765 52.306778 98.971245 31.616705 22.65181 36.782448 43.843575 86.389145
54 14.846796 10.397798 59.043087 91.77564 66.14568 98.00731 46.17013 17.505247
55 91.21355 30.68363 3.6511183 52.797676 43.499573 24.68555 30.18365 15.993995
56 32.29122 43.06153 27.023548 97.29561 75.246376 75.36283 45.89867 22.923214
57 18.166191 35.882008 80.450165 98.871544 77.37581 69.120445 4.3010054 79.24961
58 15.550507 9.7946825 88.1533 90.08796 51.21283 47.151684 47.05268 95.656815
59 35.2948 14.77446 62.773968 6.023979 47.78378 69.08263 26.134699 16.107565
60 74.04005 35.58994 51.20141 26.222765 97.1886 21.457254 24.399817 99.52734
61 81.161316 97.32341 83.368576 54.33962 42.422874 98.717224 35.21473 99.602806
62 98.89467 47.024734 54.155903 94.42946 6.64466 28.041576 72.202934 31.370079
63 20.901716 30.178822 41.690052 5.5661383 53.056484 48.571934 98.55678 75.08412
64 2.5146127 21.389252 54.093887 42.365 67.3739 22.833813 49.468964 82.801994
65 34.517677 87.52805 1.1385322 17.984068 4.2776403 53.574924 70.94105 21.179152
66 61.559856 58.574528 7.267797 58.307976 91.29734 2.7764082 13.558424 5.169308
67 86.15577 56.46352 18.109905 51.272892 76.25037 61.253143 0.7781863 51.634758
68 49.721188 85.48615 3.8608253 33.66937 37.660263 97.04448 37.85859 9.315711
69 23.202288 19.133877 29.81826 99.26413 51.505066 18.70674 39.765514 2.1731555
70 71.59593 27.749205 46.864647 56.710625 22.196346 25.65419 34.22359 56.811672
71 79.02199 78.944145 52.842205 13.472038 40.865982 81.855225 39.53671 71.504585
72 33.996563 8.470118 89.53259 12.859589 29.837967 41.475616 25.884396 24.285591
73 78.1686 3.0706584 69.34816 5.2924576 68.588844 75.47101 43.507957 10.637116
74 16.02032 58.821022 70.8614 92.01501 73.55073 96.6658 41.53195 47.497375
75 67.89553 78.55627 2.9438138 39.76056 21.786844 57.515854 7.123816 79.62416
76 24.207895 50.212254 13.554632 28.230118 66.870415 99.53757 26.276505 76.795105
77 24.794632 4.251492 11.11483 58.758057 94.22309 66.29599 4.7057986 15.890389
78 44.119392 82.818565 73.92091 22.166103 2.720487 52.87982 90.18631 0.5953193
79 10.391331 65.86729 46.19791 96.56043 79.54761 53.95143 6.106937 83.27663
80 24.65564 90.22479 58.160145 21.705854 56.08814 89.74483 40.10877 18.527676
81 74.52418 66.40495 61.843346 75.61495 94.05707 34.795166 31.37533 95.94434
82 56.452984 44.956505 44.49069 61.118813 53.137184 47.718124 65.47719 70.884476
83 30.336905 9.228897 66.920265 95.44 34.055363 2.017784 16.62987 36.280453
84 30.679672 74.66125 75.570885 84.16744 74.335846 47.68687 73.80624 56.015797
85 49.711205 56.047867 53.817547 52.53636 97.893074 91.27327 49.35124 10.942906
86 89.562035 23.706108 10.667724 1.5460134 84.17753 68.12193 96.57929 92.3108
87 52.96827 7.0701895 53.093666 54.20108 27.764093 94.66145 56.29133 14.187813
88 4.9684525 19.957125 52.026093 58.042217 5.072713 30.889643 11.230713 6.4058065
89 91.6673 75.598755 91.42853 14.134568 51.33741 53.622864 52.204193 92.61872
90 46.379368 31.506235 84.891525 9.812379 77.99019 39.608646 49.926197 54.25986
91 48.329006 54.331337 54.830402 42.731537 28.302229 84.26158 82.601616 30.498547
92 24.571371 23.111313 95.63959 37.160778 77.42562 36.56758 90.844444 6.738287
93 1.9123256 95.63181 84.051186 69.94637 31.904554 13.611591 18.736565 99.76498
94 22.343557 47.11504 57.465214 43.213737 73.27569 69.21918 52.66306 56.34501
95 32.872414 53.03798 54.162945 63.623627 20.553345 30.362505 88.0174 43.88978
96 48.614204 28.608072 98.08487 13.879174 57.195747 82.26635 37.95197 26.744091
97 66.6281 56.271584 15.249002 31.184214 79.57438 78.560005 48.056286 89.72281
98 77.21597 29.602295 88.9048 39.48207 76.01945 76.35601 96.1775 91.71125
99 79.266815 17.016136 96.1627 17.557913 38.189972 47.796883 37.554626 6.461191
100 56.71769 1.979661 20.108515 23.466724 39.818066 99.39615 2.0200431 35.155964
101 14.315301 87.72823 98.30681 37.252884 91.80256 38.410072 62.228848 55.88439
102 2.6008904 63.982315 51.116516 28.556145 97.177956 61.511803 69.70867 8.854664
103 84.40399 20.747858 31.386925 3.452754 84.660515 5.199516 98.979576 2.9958308
104 8.11922 60.009586 50.871532 35.75946 95.27411 89.655655 49.07569 69.53584
105 56.653435 99.97347 68.09178 42.031883 32.984024 8.184284 26.507355 81.21155
106 35.168797 88.48751 67.4023 16.617775 67.31801 62.888683 74.03432 1.9575
107 45.610695 42.367386 19.653744 3.3795178 93.629364 23.911757 15.578008 31.236649
108 71.4977 7.5764656 91.118965 44.0792 14.957815 94.34666 59.182465 59.61772
109 62.56395 91.55706 59.242535 9.923374 8.369625 95.83536 37.1408 57.770123
110 65.58274 53.482586 1.2934506 92.39369 78.20916 50.90808 65.23608 79.7389
111 95.06337 50.798023 45.14531 2.243328 78.870026 27.276539 71.50248 73.178604
112 75.50148 31.138538 10.177565 1.418227 10.494482 26.579153 78.9947 54.16622
113 15.476465 27.56396 20.68631 71.6658 52.435875 45.48662 26.760393 22.279852
114 93.127884 62.019337 44.212364 5.723059 1.3692319 10.611325 78.542854 62.82121
115 42.405922 87.0296 92.83905 92.2295 23.611462 90.32409 99.69772 7.376373
116 29.979431 98.85877 26.78157 53.88961 14.512867 16.367275 79.389984 1.350671
117 3.798145 36.71212 16.484339 89.91311 81.70781 6.0630026 37.344044 57.679962
118 76.04411 42.032097 51.962376 68.3906 33.56297 61.95069 82.25233 59.611958
119 75.57062 89.53655 36.2671 12.015575 59.33755 39.84816 82.404236 12.267744
120 67.91515 17.370617 63.72666 21.44316 33.37041 18.615675 68.17975 32.634933
121 94.58617 77.59091 63.005287 84.57959 62.03502 75.312584 10.758972 10.710317
122 27.561832 0.1737833 80.04578 27.225351 19.253843 67.97123 11.730612 70.70142
123 69.80221 13.8366585 86.603806 70.74895 84.03962 54.873 94.239876 10.512614
124 58.064323 95.184395 26.352024 75.84698 1.8315732 33.996628 7.897949 0.1827538
125 40.42333 24.04009 52.426834 67.95033 40.320736 69.2189 46.88241 75.50821
126 7.6408443 7.2925925 67.80994 59.465034 0.008940697 80.883125 33.489944 71.775856
127 54.885006 96.19034 53.081375 6.790203 69.922134 17.510885 37.85972 4.347557
128 38.29512 62.734245 54.850502 65.93466 89.699326 92.71774 88.66787 17.778831
129 69.496826 19.66951 12.565422 39.55738 90.70413 66.80376 79.30048 93.22084
130 60.412354 65.5493 21.421497 40.38607 40.856987 76.02472 89.34464 25.046295
131 90.573265 11.440677 64.733665 31.221998 10.561538 64.21026 22.19394 51.956123
132 19.631815 99.06582 0.40692687 40.118122 10.399705 51.180244 6.1470985 55.265415
133 8.880067 51.519352 53.034042 90.821396 25.195635 80.32071 18.585182 17.633307
134 47.32414 7.175213 45.668827 33.199207 83.59953 23.716122 70.64509 69.19302
135 0.22454262 74.993965 3.4680665 6.1236024 57.518154 87.39456 33.263863 34.854645
136 11.001497 15.164459 75.164536 16.166014 81.519585 51.527958 94.55058 36.494614
137 91.01766 92.861084 47.728233 69.45904 18.765497 0.8391857 13.1494465 96.81232
138 25.988787 74.870705 74.59244 51.210785 77.07521 49.003525 72.58984 37.825687
139 12.6362915 38.94094 98.46553 7.61106 96.40128 37.491653 47.57611 66.293785
140 14.6838665 43.92412 26.01952 48.247807 87.29746 94.08689 64.75183 90.79626
141 93.41356 65.13893 3.640169 53.655933 98.88536 69.2192 77.68042 20.76549
142 24.7351 33.84442 50.94363 42.24959 34.37716 29.294031 78.61594 56.45895
143 62.085514 32.318634 31.90874 23.64297 12.387371 75.35381 38.094925 90.67558
144 42.46421 86.75684 82.243744 41.2435 93.06749 72.695404 97.462234 7.961452
145 61.52225 69.05208 66.00084 86.00527 49.52305 22.476738 39.15078 85.11626
146 62.862617 65.49308 4.4712543 45.359386 67.02354 79.88122 24.867231 68.003876
147 96.57155 95.5128 6.0383377 36.59191 95.19133 25.06845 22.792542 23.986275
148 2.4894655 66.84288 26.935493 62.318897 61.656525 22.925055 41.48849 46.741695
149 64.84317 34.777397 9.750408 17.212015 79.59042 65.5397 50.408226 20.794445
150 66.59925 92.7219 79.03654 69.75703 46.081203 77.36126 94.74094 36.774857
151 44.262016 58.801067 21.537382 40.581467 33.490967 77.15938 5.77777 85.244576
152 6.8274555 39.02143 42.298462 99.766594 21.734344 33.192043 67.06822 46.863674
153 36.218136 41.332912 67.336685 9.562784 5.844384 18.39456 21.343071 39.74245
154 30.762047 86.90567 58.556133 46.05623 40.242474 70.93965 93.51222 81.0122
155 88.141846 15.036577 17.243832 43.588894 48.80457 92.17874 61.00263 68.96572
156 49.72918 6.32205 78.74876 19.112514 38.11704 68.75931 24.283636 94.55963
157 44.331985 55.081768 42.841698 50.161297 0.2410233 88.62352 17.633999 46.637005
158 76.12108 6.490433 41.77318 99.75693 80.85506 31.628645 53.037037 83.92036
159 98.86547 36.472404 21.191198 4.3133974 18.821573 54.689564 8.547157 8.641082
160 6.5943003 93.136604 97.85013 66.48811 34.02344 58.62916 56.55334 91.613396
161 49.416317 37.376923 62.4364 23.929478 51.74282 19.33244 77.071884 66.62665
162 52.466476 17.235798 15.85657 97.00029 3.9050639 89.335266 16.532915 33.22171
163 75.81211 85.726456 62.977345 53.810055 40.186382 27.638906 33.482307 81.23337
164 3.639692 25.031906 39.07722 69.268196 15.284729 95.326706 19.202328 77.92206
165 92.15631 71.346405 11.163527 96.37418 92.57909 62.46929 93.46177 39.084743
166 37.378548 44.097866 78.82835 12.589371 18.953163 7.8398943 53.43805 39.226086
167 46.344196 70.887115 97.46136 51.889343 80.7353 57.12166 97.31101 2.6875198
168 8.27117 65.20298 60.40706 83.97436 46.507137 97.57372 53.11001 57.573193
169 65.80079 57.81924 6.0485306 56.11955 38.9594 27.533257 18.102997 27.378183
170 80.70108 4.752779 60.81914 70.27534 55.023884 47.665604 54.348373 81.41582
171 73.268906 94.75943 89.78859 28.282303 71.186615 77.53498 91.98732 64.45721
172 90.15831 57.56692 2.7385712 41.44404 29.18784 85.85326 63.43643 78.43779
173 21.475243 30.391956 55.538685 67.20498 96.24029 55.674458 28.847425 94.65167
174 44.71767 74.76095 94.15185 5.3093433 33.448006 66.83797 56.03287 33.546413
175 20.50287 48.251934 11.74379 58.571327 86.28377 67.123314 86.513725 61.046898
176 3.0124009 26.497375 28.140276 39.265263 31.783867 20.86482 53.426582 15.27875
177 56.698112 39.635723 55.270313 81.1487 78.54494 69.18433 16.73575 95.62766
178 90.03131 34.37181 82.2533 99.26006 17.658108 9.535641 46.52692 17.262953
179 26.939947 97.90416 99.43242 24.886566 65.39166 3.914076 16.116512 58.569664
180 37.06752 83.19969 81.92608 31.47689 21.734232 54.87023 63.29285 6.3750563
181 37.100143 56.4442 70.164085 58.77704 92.83609 46.37661 40.212036 34.42189
182 57.146973 46.9693 17.394234 37.096798 89.937195 32.63147 0.30381083 34.232014
183 38.522137 17.554695 22.289991 11.36797 22.546137 72.04395 63.999397 54.320465
184 92.264755 88.726654 28.559225 65.5346 49.435158 45.930046 64.1756 93.66152
185 1.3468742 44.52184 52.8485 51.81924 37.44205 71.8589 96.91627 38.374584
186 93.75743 19.157887 97.257164 36.538254 5.1205277 20.124245 93.52438 26.789253
187 48.513657 14.14991 13.419646 84.392944 95.956474 68.47579 85.675095 77.36523
188 22.139507 23.634832 11.384338 16.542446 34.168392 85.03065 57.181858 16.384197
189 99.26422 52.013004 48.411488 94.26795 65.03578 12.194938 63.05511 97.89723
190 77.7321 92.48927 90.33259 99.66689 71.250465 35.46111 49.364807 17.102617
191 95.97808 97.693306 11.257773 7.569647 86.96114 60.10619 25.875175 80.14538
192 98.41197 14.281643 86.1876 68.75007 1.9826949 86.10193 27.502125 8.2713785
193 13.167268 72.271576 35.480106 53.505306 60.06719 66.95745 50.35075 22.335035
194 85.809074 16.829704 0.14322996 36.80896 7.1845713 61.75054 63.422424 74.85117
195 72.45867 45.33546 62.567783 41.495876 38.43658 41.26361 78.03794 71.09813
196 46.28069 65.762886 78.58508 94.315475 25.528437 88.92564 3.6053479 48.220284
197 12.3920555 23.771238 53.628357 91.19466 80.648476 45.17161 30.567879 61.844933
198 57.990284 55.36788 78.29635 12.680101 27.156712 79.86604 59.19978 63.41958
199 86.861786 9.604633 36.76204 78.28364 2.659136 41.59723 36.374485 38.292336
200 0.41927695 51.491077 15.239125 79.33351 15.845323 24.934315 71.51196 14.499283
201 91.030624 99.15637 67.11319 83.93795 14.892662 17.149185 77.61878 45.289303
202 7.639736 71.26356 36.36427 64.79662 2.2913635 34.44035 23.666763 14.608163
203 38.543415 20.777983 1.5518427 60.849277 48.620136 34.3563 90.51286 14.079982
204 31.676239 9.414238 78.90295 47.12991 16.103203 95.90088 94.14513 92.46582
205 38.869087 33.433617 14.938563 53.698647 1.7051816 91.71321 77.2466 84.14526
206 27.28492 45.9367 6.593013 44.152378 49.071026 37.75033 72.90086 81.85861
207 48.59886 33.393394 9.92561 36.9693 58.794083 95.060265 12.720341 30.763287
208 94.47793 94.87546 37.293304 28.821022 47.29609 15.518803 85.75999 85.79992
209 95.52891 41.303986 97.24766 57.990353 66.02866 68.81339 54.2866 92.42958
210 40.121323 78.99728 1.4390111 28.161257 94.75673 61.49255 97.80553 21.99533
211 99.35556 66.90197 48.45512 98.10173 65.35995 60.55935 87.70387 17.277454
212 44.93463 40.112995 95.79127 31.139065 55.889217 63.87297 91.45118 81.25335
213 37.811214 73.63567 48.04322 89.831055 18.5408 17.532093 67.505775 72.63924
214 47.220074 19.815754 21.933996 55.86533 69.76172 66.44932 39.90671 55.482376
215 32.068974 90.46108 96.92995 52.973198 75.87563 38.48591 34.988594 86.88903
216 79.64975 70.40101 23.971224 51.523136 13.419283 4.8011065 21.738386 16.91438
217 50.2443 43.077435 44.236027 37.462944 69.80533 29.48088 22.020351 17.70758
218 20.438694 80.7341 64.877975 35.408585 76.978226 20.045544 47.22747 55.196075
219 52.821644 1.8681347 49.31997 85.93158 38.405506 17.096323 73.87451 65.90989
220 45.23216 26.830936 5.9578476 90.47574 18.047773 16.145866 92.229996 3.9881587
221 28.834265 68.81263 1.0214508 53.837902 8.876192 97.58784 49.29154 78.97619
222 91.03502 81.91747 78.86037 73.77634 88.057365 51.796043 60.24077 13.713187
223 96.625374 50.63486 46.065998 50.06429 96.10112 25.503563 80.97127 13.4268875
224 68.51164 45.733517 64.61134 11.1849785 48.067455 82.897514 18.364971 52.092785
225 68.01869 90.45388 3.584206 85.868576 96.354744 70.275345 4.699403 50.182217
226 83.98418 77.84658 19.109232 78.80022 16.642195 96.643616 77.9003 39.11478
227 99.726524 55.202324 67.698586 45.08217 81.235016 94.30032 90.31109 82.04703
228 57.45748 44.741375 9.540725 96.4124 17.361944 3.2272696 15.232783 48.070896
229 80.823555 1.0783195 25.131153 13.445163 21.900177 31.028635 32.694828 17.461508
230 47.998768 15.450543 51.168644 83.428764 18.55383 76.18764 53.74955 29.305649
231 30.11443 64.29648 39.78491 29.96906 98.68763 66.57286 86.03979 69.658394
232 22.800148 65.492294 58.945255 52.646404 82.81844 57.411247 52.47146 38.316982
233 2.2232115 49.403538 81.25229 48.217678 76.19298 53.354824 49.529625 25.367249
234 31.252104 73.88052 53.40419 42.26377 68.93078 67.80336 72.10891 74.84943
235 26.232958 12.424403 99.20379 20.39693 48.88742 9.30537 37.685974 12.206584
236 70.35614 22.973091 85.284 11.521339 53.6936 89.64504 14.243805 64.62025
237 25.703447 61.104076 70.6098 42.143993 87.351585 81.132706 93.564735 8.904255
238 52.804607 35.92385 68.33658 50.36206 66.3213 11.651754 54.340927 40.319294
239 93.895164 19.511158 71.748856 20.906681 40.203987 75.17505 28.008287 67.486885
240 14.0559435 11.504078 34.773487 78.502174 52.93243 52.748905 14.291721 3.523165
241 23.027784 29.268593 51.95532 55.803402 71.802124 84.35306 93.15664 41.578938
242 19.73334 41.05887 52.80338 34.30307 13.728958 5.5800796 45.193714 74.16429
243 11.401111 84.6772 11.059803 41.85456 40.794445 64.737785 23.420876 39.95197
244 59.6751 17.364227 70.713554 78.83482 80.44046 65.763596 16.068638 59.195583
245 97.2068 23.997652 7.475221 36.47585 49.60128 40.24968 2.1217704 49.464817
246 39.96463 70.15036 76.94891 65.52194 26.611292 37.91296 29.222424 97.09128
247 92.85878 24.156528 48.881805 51.12418 19.902819 39.004402 36.996883 96.53525
248 9.268403 88.0569 90.64125 50.7621 28.308933 34.436832 7.9501033 59.824543
249 18.670643 71.142105 42.464096 55.986786 74.21231 89.82093 52.779152 41.283714
