250
18
0 29.3033 12.244111 36.05724 73.76675 80.76777 19.5872 3.3528268 73.252975 74.315956 19.39404 71.34387 19.84762 20.687395 44.113712 18.747402 87.274124 15.445727 58.558743
1 23.789543 43.274426 5.8327255 2.4971485 50.259995 50.218098 38.275517 55.214066 46.30967 48.927586 13.254845 80.3454 82.19435 51.93988 28.24486 78.204315 70.527626 39.50298
2 54.649837 35.739796 10.368127 29.334223 30.172539 11.12653 28.243095 73.39437 33.2464 24.79124 41.427612 92.0668 65.75771 94.4981 85.69538 60.14775 99.29247 56.07438
3 58.38305 8.486062 28.899055 49.648293 62.829338 50.057854 37.505646 34.14806 69.73813 6.3819942 59.628433 69.59055 60.25984 27.700006 71.12181 90.7491 92.888214 23.043097
4 44.037598 89.57406 57.74396 50.538147 34.07097 43.7502 96.38736 46.972984 99.783585 30.579264 79.70844 83.2222 45.328636 68.602005 40.23536 29.663229 84.59027 42.713524
5 45.743103 65.78611 17.635895 14.732981 8.511275 9.9792185 8.620852 62.27951 36.959274 19.680113 46.55056 50.25974 24.481392 86.00097 40.677845 36.23033 12.725663 39.41856
6 55.18651 72.36446 74.73459 89.57088 72.8943 60.791786 6.5321503 39.597553 15.017855 77.824844 45.949493 67.3358 48.911972 27.223492 14.595479 27.133781 23.768938 48.43593
7 95.57327 48.730682 66.49925 67.00719 66.30896 46.79915 97.68092 69.44218 35.99263 86.13637 37.14354 41.19179 31.75171 4.4730244 27.340084 65.6019 10.7036295 85.3543
8 22.360003 24.19113 78.21112 7.006878 53.77258 9.135157 80.53755 5.575955 69.29045 91.02197 35.035526 70.19354 44.654823 26.560223 18.175776 97.18497 36.623375 28.786015
9 64.1225 37.056072 89.25837 7.3023677 29.987503 63.015198 35.947834 58.141136 61.961185 17.51886 85.14256 95.962906 85.65 74.09801 13.3613825 68.57359 38.38571 7.4963036
10 59.627785 32.265194 38.06163 44.46729 61.483837 42.47413 27.059673 70.53183 54.72659 87.94819 58.733875 71.25077 82.98598 67.33754 83.20016 68.34304 5.4798365 38.25711
11 97.149315 76.06156 23.324192 12.84647 15.163064 7.9761324 58.53901 97.184685 96.498276 41.613716 52.579147 80.166855 78.24966 32.745464 10.355836 40.24527 62.757534 23.521
12 4.1285753 14.47345 31.457603 21.731907 92.48468 36.318104 89.25058 31.398195 71.34136 8.540839 20.888073 78.33619 95.272644 10.974961 84.62931 15.669209 22.56198 15.176069
13 7.133758 82.23101 0.6070912 67.71109 38.643032 66.896645 19.361622 29.336136 98.21082 51.02856 89.40951 0.6275892 87.11152 32.982647 13.36413 96.964355 84.46132 8.077616
14 0.20941496 42.36698 5.1943836 86.25068 52.912067 56.896515 97.34057 81.02697 41.401543 4.4828296 66.350006 27.203583 52.420162 24.628794 30.11766 62.139805 1.6837358 83.92805
15 53.303062 94.662834 64.47049 82.30605 65.255104 45.81605 60.693073 28.97556 96.89024 63.029514 47.53567 47.980385 50.597317 21.37767 75.00172 80.63874 48.829903 46.567528
16 40.67363 59.006275 54.485626 39.89417 3.4038901 31.538147 65.26168 97.89458 40.61912 19.38007 8.530945 92.673645 39.81977 73.16472 89.328545 83.27691 26.40463 28.89797
17 16.013454 36.016964 42.16157 34.61883 73.123764 40.85866 91.975006 33.198036 63.741886 71.93066 81.15181 51.158184 72.00174 79.617096 28.217524 8.068186 25.693434 47.716522
18 84.353 39.26669 77.55196 56.619812 42.4106 18.843586 87.86838 68.70372 17.562813 96.46019 29.461485 78.070625 15.30211 76.28313 55.532 27.861803 28.248173 88.67393
19 61.041702 5.6655226 73.85959 44.00623 26.379532 43.63061 73.836174 35.830517 88.3714 13.940561 1.1921704 39.387547 26.14814 63.02595 71.4495 57.06603 48.808533 36.5786
20 14.225758 9.748525 6.8133173 30.927217 35.068203 91.09582 31.049156 60.05196 14.420271 58.75125 1.7453313 48.426132 11.119634 64.33049 15.962517 71.51318 57.14962 44.091385
21 17.064512 43.21324 84.14255 39.606506 65.10736 44.506367 91.32215 66.90336 13.922626 53.201473 0.44096708 41.7746 52.135002 50.856537 92.401405 25.732464 2.5508463 80.93383
22 49.5381 22.89322 31.210773 20.004833 49.193966 13.494903 25.652897 10.794777 50.759983 99.40315 76.13595 28.092283 67.60332 94.53815 56.08551 93.64276 15.423065 66.41328
23 4.028249 88.25524 23.005432 10.730463 71.756516 94.20365 93.86954 70.106384 18.219852 30.880672 26.98428 30.44992 99.28397 65.412895 70.98869 98.27788 66.45724 7.979459
24 73.871925 72.409386 37.198483 60.86659 43.882202 31.14907 12.538499 29.3715 97.870316 7.445669 79.33346 21.639359 0.9755552 79.8507 62.199192 40.035915 2.4888456 65.71726
25 59.53719 76.94974 23.147768 28.351217 67.35855 77.76536 20.613552 54.196476 29.95302 79.50122 44.34556 86.10833 56.763966 8.173359 25.731194 19.90829 66.8529 55.799908
26 41.66812 53.35103 5.6221485 20.13873 42.66318 78.05965 70.372444 89.34728 73.052925 98.65345 61.981194 78.931335 99.62159 61.019093 87.48407 70.32944 44.462524 49.340767
27 93.42874 76.5487 22.481329 34.04854 41.158085 39.271458 67.86707 99.27105 4.096961 89.202934 96.86978 66.75469 92.89973 24.098623 66.33643 45.666187 99.016075 50.43279
28 14.007014 45.41982 0.71372986 20.143574 93.20069 76.91866 40.533756 74.975655 72.18689 60.687214 60.035877 90.861244 58.50707 46.680058 49.818634 23.319609 27.371384 7.5187626
29 31.284666 73.36111 97.89604 86.0409 55.39189 79.76572 73.577354 89.907936 64.42421 57.33886 76.53876 25.2405 80.1816 27.86587 86.56723 31.523245 28.292984 68.5874
30 93.92263 19.099218 88.77052 46.26174 82.81183 55.273403 40.44112 28.98947 44.041218 96.244705 87.30844 15.235519 29.775995 9.727055 71.8324 83.74221 89.93939 81.20726
31 79.98635 19.693201 93.28412 88.38606 70.005264 83.536255 31.58393 70.588684 38.020237 57.83649 23.055422 9.003097 4.150528 84.50999 81.67454 79.76266 29.768139 16.439373
32 58.455223 94.45024 86.05166 82.02185 15.279663 14.943689 93.90497 53.430725 83.09085 24.087221 61.946903 25.631618 26.076036 66.9657 11.50524 36.394375 69.08775 5.1438866
33 2.1106243 72.153946 4.4903517 67.73987 47.434776 21.633184 29.713417 47.32314 37.314777 21.245272 51.186146 98.11569 86.62814 22.603989 42.473667 10.646921 4.3194413 43.707787
34 53.108387 86.74784 86.629364 8.815307 13.888163 36.50924 66.1548 56.541897 78.692795 93.575386 4.199272 96.689766 31.858576 64.96662 67.19514 20.751095 93.86649 28.64883
35 30.843657 42.42872 91.87534 87.48778 67.88881 38.001072 61.111156 17.294407 89.79207 23.576159 89.26572 83.700775 79.49629 0.45723915 60.12925 85.98387 5.2579284 0.76470375
36 41.267822 43.117153 85.301765 4.472822 60.548504 9.78201 53.73658 84.036224 39.922695 78.379234 91.502106 73.27207 84.61949 31.872892 46.64832 89.16504 39.60795 95.26783
37 98.34 46.37095 21.005362 38.42002 73.80959 58.57159 51.494156 96.52438 20.036865 84.20021 89.532616 47.894096 58.016117 38.699947 51.286762 61.482597 10.693836 5.243593
38 11.166233 53.006416 32.447487 51.14224 6.3234386 61.571335 72.56783 19.976276 7.491928 35.51444 54.653732 68.3287 93.42895 42.94178 32.992847 50.98664 39.632927 59.4203
39 13.559902 6.2618074 9.886444 31.788296 76.70478 31.886852 97.79822 36.461723 69.22561 76.55846 76.46636 95.37393 11.441702 58.965553 69.55361 49.298805 89.02238 97.973946
40 93.660774 22.337776 26.429272 29.00858 47.426647 12.428999 8.442104 53.617085 40.10354 69.5528 75.72488 34.31122 84.60081 48.616592 49.92608 94.22546 95.61323 59.619408
41 81.38177 1.6282499 71.22405 59.501816 78.90455 30.15549 30.37805 3.0210257 5.0082326 55.655624 83.2513 73.05859 62.66269 25.15173 26.508934 62.034763 80.53477 59.610355
42 50.75981 57.699047 24.699593 3.495121 88.51906 69.68132 35.865707 35.572727 3.3212543 3.0765116 54.922695 8.790207 55.24501 66.314964 56.580013 95.47776 76.28344 81.01785
43 44.32087 7.436246 47.30699 18.895643 60.959095 19.990337 3.7095487 16.519886 61.685055 12.737435 71.41215 43.551697 62.357964 6.9711924 81.24195 18.373377 79.49627 16.642677
44 55.637695 60.73319 92.29922 73.83857 55.30247 41.73218 86.276505 55.265312 8.286959 74.07214 45.657623 38.85303 83.81021 80.82392 93.49878 1.6185224 76.993904 79.00747
45 87.91644 25.200468 17.992956 19.00258 56.57853 74.41225 34.45849 75.29861 33.714825 28.721195 74.887276 95.47208 81.51913 75.29259 32.527428 78.74357 65.76883 65.23047
46 5.767393 83.264175 81.46022 18.564766 47.29179 1.733321 13.73719 66.5986 17.012018 11.432547 80.67834 97.22609 84.455 99.71576 53.715836 26.106327 66.81326 5.9290705
47 37.514996 37.045185 26.43184 61.20918 20.783758 3.0639172 43.65099 68.2572 72.25824 26.45927 80.471 52.696384 49.38596 84.28005 30.600578 58.751072 41.179497 74.2211
48 30.550838 16.546923 69.32752 65.68918 73.31175 2.2081017 93.7282 39.01259 4.8800826 60.05658 88.766174 61.293655 98.89036 87.60662 86.31264 95.65215 45.542027 66.75945
49 89.8289 68.54992 77.9348 90.768974 3.1460524 51.058006 7.15304 7.359356 47.34153 19.42507 82.62324 9.084553 52.312977 99.7898 17.363203 26.94391 56.648426 24.57347
50 70.01711 60.785908 63.511448 13.776154 3.6087155 37.585766 22.612835 74.43017 11.641312 67.775314 12.852585 93.74573 27.733004 51.002098 18.626505 95.49095 97.92056 10.627735
51 39.649765 70.914825 72.92538 44.634758 71.82068 72.646225 69.196365 17.150259 0.30546784 36.644382 95.88306 66.32991 68.65871 39.15872 63.818264 21.756912 25.204563 95.06458
52 91.18455 47.737366 3.7038982 4.722685 28.197622 11.921674 5.9486685 79.07549 14.569246 14.61637 13.594437 39.014774 3.731972 60.10137 42.316902 43.667 77.15036 53.425743
53 48.12054 53.244656 91.15206 24.774153 21.014261 52.16198 53.54504 17.892939 30.787235 25.435818 94.11367 92.61801 81.569496 0.7711768 43.48777 36.697853 52.359528 96.51492
54 60.75056 25.357878 48.670258 84.75901 88.700195 13.973647 22.624851 23.760574 74.424484 69.438515 74.77393 95.554214 74.62241 98.01828 77.971146 15.760011 93.05287 84.43458
55 42.00859 52.299736 40.06781 30.426777 5.367124 88.745026 0.16402006 46.987988 18.178946 13.6211815 76.94568 77.79585 96.94442 78.02591 10.224599 91.066605 48.118317 85.80345
56 26.902897 91.218605 93.61992 10.215055 65.80328 52.46724 88.67808 42.1003 72.06765 34.97874 11.059528 92.02919 74.77934 95.739914 63.322163 94.56167 73.0357 75.169945
57 66.7731 99.68237 62.07427 15.089077 20.594645 14.548868 28.82139 21.407557 43.24345 59.228992 52.27903 17.3115 29.654497 81.017815 20.702684 70.36603 28.730768 92.68908
58 57.069386 14.459491 35.622223 46.685635 54.721607 8.567148 74.756836 67.38566 14.445686 76.67187 27.65888 51.3562 36.05853 93.66034 97.26192 26.646656 15.60381 21.494162
59 43.498844 78.965225 92.580635 48.37774 27.04038 98.87149 59.637665 45.013298 45.583378 50.315773 14.572072 69.413216 84.29945 78.93501 96.2939 32.261055 55.9929 67.01016
60 92.98519 74.665955 12.048662 50.99941 52.643524 19.594372 30.051624 73.74438 19.50949 86.60546 53.515965 75.02705 90.804825 20.139599 81.778946 85.9163 58.33671 76.956406
61 99.89974 90.63499 10.746658 64.891525 48.28788 37.40917 11.707699 78.46806 66.50412 1.4046371 94.72043 56.6872 94.78152 39.44702 79.15863 3.224516 77.668465 90.3576
62 88.013794 82.02813 16.974205 5.578637 53.84121 93.76825 53.889973 83.03134 24.488663 76.60364 93.565155 90.132126 8.373565 73.25106 98.151794 18.436235 34.760494 94.37186
63 77.81774 7.8921137 97.38547 53.892727 72.70727 10.147738 19.895475 87.183945 94.348595 51.286785 44.253643 9.219212 42.4341 79.8857 34.146786 62.19079 24.906439 98.032196
64 85.47991 14.868635 36.360813 24.154837 96.52044 47.65052 25.221401 6.9663286 17.74699 15.194601 45.080673 30.868668 42.856056 64.25909 13.931137 32.715733 29.893738 78.46291
65 28.507137 97.35126 37.62716 68.75492 14.14116 50.872414 4.883665 62.129093 55.78752 13.709391 87.81029 9.302688 8.352309 74.51914 45.297676 21.500593 37.180473 66.28983
66 39.941673 8.040142 88.28924 60.226295 9.963936 60.02883 36.31559 84.78456 95.87485 65.17573 42.58945 47.053497 49.044697 37.54281 70.49224 3.5191238 52.771885 61.153866
67 27.363342 45.6247 90.23226 23.92726 16.537548 32.557003 58.50585 18.658316 7.3113146 96.005104 59.66292 10.064924 40.23214 37.475723 74.92114 74.60339 38.384987 42.894016
68 17.739952 65.303635 58.425213 8.01782 58.29332 3.7662446 86.905136 34.557236 52.263832 61.275654 24.69899 55.292667 98.84925 30.3428 44.599957 37.958424 99.09964 65.58781
69 1.8058121 14.80261 9.353197 61.46332 4.2028723 76.7085 54.068863 45.717598 47.089397 48.289806 16.533768 77.58308 6.049931 40.737526 98.834785 13.391715 90.71513 31.247377
70 88.52135 18.666882 52.542717 87.00369 88.25754 82.7899 30.772465 84.91169 26.485025 12.215721 14.393341 49.089157 37.027233 12.1083975 4.175782 61.64975 59.302742 99.43717
71 20.243895 0.1924932 99.34025 47.333736 17.778545 20.878584 6.3676953 29.240507 29.553669 68.812996 56.966038 89.519 40.228508 39.0012 15.528804 6.2411547 37.572933 89.33184
72 18.258835 62.421017 61.830307 81.316185 40.68228 98.58804 50.773228 80.73059 83.500534 66.048485 27.044964 26.455761 96.67624 34.181446 1.2794971 85.84753 50.41809 63.487255
73 32.244076 74.62982 17.959476 39.72768 39.65058 70.857414 17.801016 63.310665 59.94976 89.80099 51.800274 6.0809374 56.779964 80.07064 94.851234 27.94891 90.02974 22.88857
74 36.92062 95.451546 37.739788 64.682594 39.229904 59.583134 88.180176 38.196743 54.035576 41.313763 43.06678 55.764484 27.722633 89.44608 22.517221 18.485106 86.05735 30.225098
75 46.289444 31.571918 10.026675 23.852783 0.2114594 55.447407 92.6179 96.27321 30.421824 37.157597 8.370704 80.85099 47.8377 41.836697 86.08354 3.4950554 60.699814 50.309807
76 3.5096467 85.07249 81.47598 69.073166 94.37963 39.36727 6.0117903 51.9985 91.094345 75.183014 25.587696 99.89317 9.712714 93.34519 77.27611 51.79575 1.4976859 18.269592
77 43.3043 29.446012 51.67233 48.432358 87.443855 39.147823 50.88578 18.570822 35.004128 70.21736 18.213963 70.89066 14.855957 79.910965 31.65509 54.146843 46.91624 96.25606
78 58.669353 43.455864 69.35957 54.22337 56.313133 74.40223 6.9784937 60.403687 79.19964 50.801445 18.88938 36.570827 40.462612 43.816383 71.29022 54.573788 83.00181 92.4982
79 33.145344 51.813805 47.75578 22.802465 21.238316 17.6005 55.0978 68.34561 40.54916 1.9787312 22.517883 35.307373 98.73877 7.773882 24.680847 53.70493 74.83736 47.776592
80 4.195583 84.58139 5.0238667 47.90182 76.762596 58.343 8.449972 46.09695 51.868267 43.488018 17.018621 19.586277 39.259415 41.29957 31.299305 90.13573 6.7671776 63.790382
81 94.58847 30.374039 41.675735 36.419823 35.554188 72.35023 86.07935 20.042437 61.80316 2.5399745 27.18671 28.447777 9.750891 92.09503 32.27041 28.029388 45.850372 35.483326
82 1.1921823 7.955056 28.842617 59.577602 38.742138 55.143112 48.345745 75.06538 16.30835 24.883503 50.72532 5.6824684 34.848057 70.64496 5.524331 82.689255 26.283073 55.108994
83 94.32828 93.24818 41.122036 67.45956 66.161674 34.520634 89.46539 92.18767 79.533844 39.541233 99.03198 23.959679 79.06111 96.9703 66.22916 77.32477 54.991264 1.9564271
84 38.652946 64.14374 35.557156 18.407726 34.14543 84.61014 26.315546 49.383198 72.36075 17.673742 56.72294 49.046898 39.71775 85.693375 24.212933 40.212666 92.979294 77.43299
85 49.83331 51.043858 16.138739 28.325474 19.75041 54.62032 10.77199 1.5793145 84.123055 89.067566 22.796417 76.57283 2.2874415 83.54431 85.24938 9.510893 51.993336 97.95376
86 4.1526976 77.01317 84.51388 59.68964 94.972496 76.728195 88.557526 8.523846 23.13643 34.852146 88.58883 26.923538 41.36307 42.266953 19.780975 75.248665 97.33762 6.652981
87 97.55098 83.587555 0.98923445 4.1935387 97.45744 90.15963 55.0592 42.250656 26.971716 2.537036 24.876892 93.59547 57.87843 86.25734 32.67706 37.42594 83.248146 26.128881
88 33.104385 85.56614 10.289544 30.640429 54.77876 91.04341 26.983816 57.913376 68.2698 26.87443 21.091784 82.67508 74.19574 95.61176 52.580917 24.446476 52.377552 34.326015
89 10.233468 45.74836 0.3134191 28.603209 28.468287 60.423668 38.272636 45.264904 17.352121 72.49603 10.93821 53.373158 16.31552 78.24689 58.958263 82.22981 26.963789 92.86833
90 25.519747 83.14986 2.1341264 19.171179 55.964397 27.47165 64.360466 21.994698 15.67148 9.317761 27.342575 47.337753 11.391842 89.85472 86.86486 70.53118 42.702038 46.09742
91 3.672719 40.28545 17.33855 86.60549 98.7046 24.022024 41.264523 97.72828 32.221012 49.942596 91.121864 55.439526 12.006676 79.77922 13.250237 11.389947 23.99862 56.6366
92 85.04238 58.78817 61.27594 29.881924 56.697994 39.35143 37.010296 15.318537 45.392235 41.163383 54.209812 57.120003 30.759674 97.21631 3.1927705 97.98541 46.99257 53.140224
93 7.8146577 67.05364 49.657177 71.63643 17.469103 69.19266 66.75204 61.002987 75.52764 13.833833 6.085527 0.49488544 0.72619915 92.58485 62.570156 19.792562 18.410969 90.0258
94 47.661304 21.313494 28.698612 55.53256 92.36637 99.30868 11.473876 41.400646 68.78526 59.518604 39.542377 16.248571 42.097916 17.562347 4.7909617 36.507523 34.68237 7.2030663
95 94.30847 23.166782 31.3361 54.240227 78.32364 67.81188 24.402136 25.151045 66.57635 29.902184 30.303377 87.93378 39.21494 86.282486 65.2066 86.14641 80.183586 30.770742
96 53.229862 25.202858 10.816079 74.53303 32.042862 65.96412 97.28873 71.63273 89.47056 66.98449 53.816395 44.97136 2.6916265 79.948135 82.9299 48.73371 96.0313 88.424126
97 41.5868 8.8824215 91.70264 57.708138 36.792774 94.25208 2.9834926 91.89808 84.20984 99.96832 34.37261 46.22136 88.07721 61.42256 76.70476 29.812235 58.65809 51.591885
98 55.790573 32.504665 95.15251 64.38995 44.964798 83.703445 56.195534 20.817327 39.370285 81.025986 78.11725 98.357864 12.582445 29.236609 2.3151815 24.31494 4.308695 88.15298
99 39.430225 64.13197 86.71232 12.881624 39.38925 1.2935877 12.054175 66.19094 95.45502 47.81792 86.77628 15.371073 87.69658 46.848125 48.137623 82.94063 50.06125 61.218636
100 35.636948 79.48057 16.605259 65.45612 67.614075 99.21078 90.351616 31.386507 15.817595 35.240467 64.42668 78.831055 49.882126 66.34882 74.13435 38.82063 27.404858 64.37871
101 42.82055 84.93679 81.792854 68.60743 8.936703 42.9597 2.72758 7.6112566 49.618668 5.6908665 76.729515 21.043158 93.15574 0.9061992 16.98715 33.337772 92.548515 79.731575
102 41.733837 62.647636 1.3685524 80.727684 83.72195 54.366737 95.57602 53.596764 24.774206 16.540415 47.87478 94.216194 39.32015 0.4855454 19.450193 99.759674 9.895718 24.306715
103 55.22002 25.646942 1.7526269 29.007513 78.52049 43.190025 79.26136 99.941986 87.749695 12.862414 35.279346 82.8692 77.01115 9.455991 27.988338 90.36933 84.16845 44.918625
104 65.089806 86.4178 19.674932 16.855461 0.20297766 74.12459 37.631226 76.56482 63.670277 2.7197719 74.11217 22.662788 12.882238 77.557816 27.06765 23.988611 74.14732 63.038284
105 75.02892 99.29958 47.819286 38.77887 99.24244 98.54336 44.939304 19.068491 64.321884 60.085976 21.445269 3.5786748 37.480057 55.584908 24.754662 61.58603 55.115383 76.20142
106 87.2588 94.68655 30.03282 84.0799 7.3075237 95.3555 92.73948 26.581717 86.259315 55.978043 68.74729 39.308064 21.078575 59.462196 61.12637 0.7014334 37.050003 36.62666
107 66.98475 25.765991 31.030876 34.671658 49.215477 30.53903 49.17029 46.69645 84.677086 70.29016 56.39746 84.98809 48.69599 62.49407 50.73791 85.301704 87.95049 86.452
108 11.489618 39.274033 1.7789066 92.62391 44.624454 15.213799 50.924862 20.438046 44.93168 30.610197 55.678783 79.28991 46.158493 33.673996 28.097837 85.913345 86.810265 76.01564
109 9.098893 16.150671 9.744292 68.17502 87.14797 40.77642 12.932915 97.21489 55.251534 95.412674 21.80422 8.103233 94.0425 32.249332 0.7231116 54.330208 35.808735 16.346146
110 23.09699 68.38699 85.01079 38.40639 82.23566 88.69329 20.666695 97.29689 24.733793 69.675606 43.24543 64.03036 96.3585 48.412407 19.520718 30.772226 99.10867 11.077565
111 22.118748 6.595129 4.474008 0.8971095 12.985587 80.651886 59.47915 6.115186 21.253109 94.20892 61.684902 20.23434 63.359695 58.172626 90.07752 50.30704 26.959455 11.512291
112 29.166847 74.125885 28.119415 29.057562 52.402954 89.668274 74.35901 71.810326 72.29199 25.038767 52.843605 98.00921 72.73885 63.422935 74.92904 64.12873 13.874584 3.2863975
113 64.5063 88.75777 10.959625 1.3512194 80.26434 2.418369 2.2218466 5.9498253 20.939022 87.95371 21.335423 66.44857 20.521778 30.793243 9.630531 24.864805 97.752396 49.41675
114 42.313076 46.952396 64.31614 93.47198 98.55126 9.341753 10.119915 61.600388 94.14584 18.296099 95.761215 61.0029 79.850075 24.85215 73.56528 65.60443 20.764214 15.178996
115 93.90091 15.388191 40.42855 77.60632 5.257636 73.66522 85.42451 76.69468 29.950869 35.88257 35.92076 36.76388 55.307655 78.77597 18.441486 53.339165 68.57193 94.52716
116 28.267706 0.95961094 36.17042 64.93739 19.705933 93.724266 70.8226 65.88939 97.67638 23.893951 87.4996 24.511427 38.70735 60.950207 48.488255 79.0149 73.80322 34.928616
117 73.6604 64.24845 90.42677 63.845856 12.160868 91.2576 11.958254 64.94422 61.597378 34.781013 16.734064 26.663404 88.74367 43.43919 86.708595 15.158499 67.86622 49.725044
118 69.818565 62.31859 57.980885 63.69955 87.4668 87.16963 95.37698 70.00162 76.7017 58.89616 72.16366 23.434591 78.4817 26.181025 2.7595878 16.59069 42.024345 36.89452
119 78.33888 12.878448 29.106432 16.180033 62.250603 40.650208 60.07165 85.562 58.14849 96.17178 29.300117 5.7847204 65.61365 23.782211 36.39229 40.681534 36.8526 26.168388
120 80.02714 36.53893 31.844007 3.1997561 64.38868 23.289078 90.14058 47.767246 88.549576 91.62755 55.271416 16.646523 62.89946 19.065166 95.01003 95.21745 4.5655785 82.300156
121 8.163071 40.14328 57.064636 41.517944 29.294264 93.628624 4.7285852 41.73262 78.04244 47.983368 76.65882 88.57984 23.34476 7.8293324 70.28902 1.6227901 76.677536 58.871674
122 53.597046 71.86894 6.926036 42.751575 5.432457 85.507545 5.0556955 44.699608 23.462624 70.620186 74.55568 88.67922 12.345165 64.60515 96.65015 69.170876 74.67559 38.170097
123 13.323527 21.9836 73.11975 86.92814 89.89696 92.34074 43.315285 67.88312 98.64961 17.37957 88.3211 8.478319 0.039231777 24.104088 21.629662 7.536018 65.491135 1.2705743
124 87.36436 26.527035 70.35867 34.76518 33.908905 96.43123 5.1846685 77.41128 56.814224 39.30003 83.30294 34.04464 34.670113 87.88843 21.41062 85.90158 29.296267 33.827896
125 3.1305373 11.227072 0.99453926 11.268091 2.6925206 14.436036 37.918655 34.289307 3.4331799 88.625046 23.378336 22.308987 33.394726 66.767624 68.934204 26.86572 5.258894 78.1331
126 47.602325 88.31627 70.35785 7.5053635 38.829906 13.942665 14.547467 46.368015 83.895744 55.61501 58.11187 44.649918 81.11323 40.43404 1.2029886 87.73905 79.06364 50.688416
127 42.03293 81.68202 52.771152 78.07241 6.366682 76.764946 42.266853 73.54868 65.8602 69.55329 60.710438 49.699516 99.31633 21.051634 25.788366 52.14229 7.6655684 15.589375
128 64.44415 24.907715 30.907022 64.56757 88.38903 39.970535 16.668957 61.10047 32.87189 20.824575 46.581196 97.20132 10.750425 55.61018 62.21852 22.404402 20.207947 97.39898
129 28.714127 11.058294 90.022064 82.4475 95.8054 1.0026753 78.94384 45.238773 35.424465 6.551713 13.634652 69.6935 57.158424 7.8098893 46.188473 25.866295 90.9676 92.065025
130 1.3106823 1.626575 26.265366 13.622337 23.8115 39.199425 61.442844 39.811123 8.598227 31.012989 34.59249 33.421505 22.52218 61.132442 18.784004 57.48593 5.2731333 4.7843637
131 0.8256078 75.64345 55.348354 15.282143 55.86566 10.411972 77.599686 45.30533 49.13102 39.20533 46.93687 17.281181 66.04648 82.08987 54.708923 88.943344 1.2359977 20.86519
132 71.679214 57.44204 41.583317 92.423615 26.24871 25.156689 7.553858 3.4015536 45.87273 68.18139 77.089066 2.3580313 0.9789169 23.945385 97.12976 31.134499 76.96011 56.285976
133 86.56956 21.264297 54.12978 87.263885 81.35893 43.469788 16.346867 66.917694 55.56394 99.13257 25.110865 10.873163 42.229885 29.433172 71.37819 86.19672 53.52563 29.47774
134 56.552834 97.11372 72.27102 86.57183 6.7643046 82.268234 25.819576 10.837614 10.683459 16.21011 10.429716 16.135157 6.0746074 30.949455 69.574585 14.840073 59.684067 73.97118
135 35.788788 63.107388 69.87868 71.37016 73.11809 87.03851 22.942114 7.129514 39.326042 14.449549 98.69378 89.46145 64.83359 63.062744 16.00995 94.06709 92.84836 1.8183649
136 46.105705 32.713528 74.019714 17.10478 83.59958 38.303394 73.78262 16.065126 30.26188 18.315279 53.692703 72.35697 12.087655 54.875874 84.68141 29.977406 60.39253 8.604097
137 53.262794 93.742455 55.77442 65.62176 27.102406 43.011837 69.09784 92.69647 57.627983 52.12539 65.53498 88.37398 50.94599 7.176304 40.84615 31.235874 28.467083 96.16147
138 78.52065 87.21292 2.3864925 66.75498 92.45996 92.386 93.37715 93.0465 13.212883 36.1697 36.208176 46.22987 92.324 31.513834 28.988802 2.6436388 15.401495 37.15543
139 41.657978 50.537674 1.6312003 44.4484 75.30598 30.817646 17.553795 24.394936 54.852654 99.7109 83.18976 54.76749 0.2553463 67.276924 6.5604687 82.27231 95.32885 5.9872746
140 51.14636 79.25599 5.7933927 50.82199 42.988758 1.24951 69.50042 15.63189 28.437645 52.49599 29.9079 20.621569 38.742943 97.39818 29.587996 80.00127 37.8642 81.490005
141 52.463593 5.985183 79.42665 25.088757 63.01168 90.7891 77.38817 44.285362 57.080013 79.07375 72.72121 19.509893 14.288503 12.928361 20.587694 42.759018 36.09314 45.08741
142 14.7384405 15.944916 9.152037 75.28457 39.1586 69.03841 51.140285 72.69237 92.576294 6.111354 58.912323 34.060417 65.935425 47.47559 78.02129 73.79633 83.19978 8.372963
143 72.00017 6.741798 4.111224 69.65809 71.22731 26.25459 66.289566 48.263073 89.19047 85.450714 41.167458 48.631447 80.89156 95.68664 41.844917 68.5116 89.17512 77.73055
144 44.482414 80.324776 42.904972 53.305775 32.097244 13.647175 81.95688 90.07431 99.66851 15.112048 41.552753 5.5117726 51.68512 63.249863 18.961197 64.91667 2.3958802 10.508257
145 13.2662115 47.96943 50.061024 20.058363 0.8139789 5.3460064 29.791891 57.19108 19.94754 31.993473 65.74476 94.39018 56.40881 73.45219 98.46293 44.854866 70.81342 84.282776
146 83.30788 64.711586 0.18824339 28.01174 62.76705 61.84547 12.816697 52.394794 50.868107 35.698307 48.4892 75.12168 19.17314 3.0905485 41.443573 57.823555 98.392166 59.75697
147 90.35366 41.428696 60.374016 94.53162 6.0471354 26.142185 95.25004 35.73084 63.38124 43.76031 66.278336 29.080402 96.86621 29.393822 99.23318 49.39264 81.00141 21.250147
148 28.087759 49.063427 4.4918895 19.762224 78.6437 74.331024 93.968506 16.459173 76.373184 3.1853557 36.782402 55.526085 34.081226 8.966083 45.933807 40.53032 24.39574 52.23275
149 63.090103 20.39876 7.1983457 85.68336 0.62457323 34.0737 43.875355 97.05655 31.152868 15.577745 39.96551 51.454628 76.460594 40.265137 61.991573 54.812885 68.11525 60.17592
150 39.880413 85.81761 23.364908 39.5506 5.6085706 15.00814 33.88325 70.17917 14.076668 91.715744 16.075802 56.384354 21.548128 65.58582 42.37958 98.67274 58.43094 67.45302
151 18.443197 37.589066 70.19148 91.10904 4.254842 10.801226 26.53737 43.897724 93.9932 19.210709 23.77302 10.033697 73.223076 35.77495 57.812553 50.073105 99.47047 44.15186
152 0.43562055 36.13432 97.42872 85.207794 14.013934 52.401363 0.11860728 66.401764 30.449783 20.33524 87.11488 52.169655 59.099014 98.12193 88.13503 79.34179 81.95547 53.516865
153 10.3515625 8.558923 18.622143 81.78333 69.03696 35.39006 70.16767 88.30776 19.69543 99.74837 71.76055 45.21222 4.6013594 82.159355 36.193867 68.43985 94.39113 94.93023
154 61.58035 15.991813 65.59249 26.337116 9.443373 37.935352 55.087406 89.18417 57.2981 87.23612 52.66602 50.657127 61.065792 39.21072 71.029655 69.01422 66.06305 42.325012
155 89.64007 51.61705 14.937681 99.1238 33.30358 46.948605 71.17944 32.269203 79.74888 36.006485 7.423675 45.057358 11.943239 42.769073 68.70805 20.50323 42.54573 12.845325
156 77.47024 89.32308 49.579727 39.03377 85.03061 20.15819 16.797596 43.99224 24.547369 69.48691 69.79527 66.780594 84.23022 62.245052 23.01464 71.468285 93.535515 34.65774
157 94.46067 83.64551 16.035414 49.683296 28.183567 22.450983 32.861946 23.34801 71.0722 91.102936 12.595159 71.738365 44.82459 3.9290965 25.023151 87.206116 8.4677105 0.13307333
158 15.49645 76.18555 26.667469 38.16862 7.0863304 76.73702 7.289541 95.34363 3.205806 22.396671 94.04309 57.425785 82.84574 20.06874 50.175392 66.421 93.510544 67.54985
159 33.512478 71.75271 78.01602 93.88887 85.89651 72.75875 15.555012 70.29159 68.3063 47.27687 5.1772237 6.866753 1.525861 82.20884 81.71184 31.434387 88.82337 83.99535
160 86.14294 90.19314 27.207136 78.123604 40.7974 29.651815 65.73776 61.910343 26.005005 17.310833 59.208893 60.204323 61.03564 51.637016 42.18952 32.24215 45.315582 55.476006
161 18.686205 74.14473 73.693504 60.81954 16.085238 66.49152 54.69891 85.48133 85.935715 92.655556 6.456155 96.48919 78.71002 40.282867 99.6426 12.688703 62.918003 36.17878
162 49.37936 46.054615 71.65365 21.205467 12.300092 32.460205 20.434738 65.44799 25.651192 87.16814 60.478996 50.279522 81.842834 6.143111 80.58609 0.023895502 84.41462 53.577362
163 0.6122291 55.20957 95.23311 49.95536 69.99739 17.031633 93.54702 38.81789 88.609215 10.247362 6.2450943 38.435017 54.79216 62.549244 86.562416 15.240455 50.254227 62.271935
164 62.144108 76.55809 34.40203 64.44428 9.6964655 12.369699 15.872204 75.604515 54.640682 0.19586086 28.042149 69.928276 22.754007 68.220604 72.78692 9.111118 64.56847 23.274172
165 35.04427 43.69626 30.443394 39.952652 65.03294 28.30584 38.191803 61.813362 88.22769 53.24142 59.691353 36.12065 31.230444 72.45302 67.13081 29.969269 48.10164 36.782413
166 52.8267 11.784911 32.95719 42.07663 43.599083 21.261824 4.9310684 96.213715 16.540771 49.872684 28.003305 45.82032 27.980732 59.369286 65.56082 82.58687 52.176888 37.436317
167 85.56976 47.2618 96.73114 27.182697 2.3817778 44.85318 94.17079 33.832787 23.772795 82.070305 35.16708 60.25624 32.93557 93.9463 0.35846233 19.352972 73.74164 73.806175
168 1.9195497 21.355974 80.392845 93.75532 70.3873 7.458079 39.148434 62.69654 19.654274 56.500374 37.503452 28.137207 16.611135 1.5343964 25.184238 75.88151 40.122116 69.70309
169 19.604952 8.839607 75.61914 77.95664 56.796543 9.9101305 90.68344 43.569 45.88943 83.052956 27.943098 81.25388 92.428856 66.67586 34.157753 75.96192 32.366604 71.28347
170 88.50728 24.301016 66.55414 82.51611 64.181725 99.15283 14.824623 16.33609 41.02935 96.712746 61.969463 16.860939 14.215976 97.17463 45.578377 52.419353 15.850645 97.995766
171 21.120094 21.600676 79.9228 39.55039 23.908073 9.731579 52.568333 28.518932 54.646915 95.25305 41.84421 5.1286993 26.829433 54.36058 46.361805 90.98991 94.90198 37.044746
172 28.141706 78.45098 4.1999936 25.926708 50.04994 77.88086 72.35278 55.183292 75.616 62.892128 90.15434 76.121635 92.68557 46.12467 63.596416 50.87966 31.307232 69.75715
173 61.474293 30.143106 79.88797 9.406811 71.130875 95.09259 86.68319 10.583157 42.73845 89.99835 61.133636 10.507316 47.08126 38.500492 51.75477 41.086906 17.95873 73.74661
174 84.87029 71.400795 65.75459 46.86719 57.41541 79.51527 58.89982 37.97387 13.588488 57.20163 83.19767 33.752655 20.882988 49.596596 21.390718 62.140583 37.87971 31.5453
175 95.85821 70.43031 21.329653 78.858055 92.67592 82.915726 11.029535 25.625616 25.000185 88.90744 10.617333 16.764927 95.21692 54.208298 23.8387 90.861664 8.700287 58.105457
176 27.513432 23.954546 65.34317 74.32992 53.13474 56.047165 79.05293 5.542052 92.84348 23.778814 28.764778 65.57001 46.831165 63.838654 38.637245 77.267136 37.744366 0.4357159
177 89.1975 13.437438 53.410793 18.568213 27.350134 77.33991 57.513885 74.16165 31.214106 72.9204 64.35434 37.619854 88.3853 4.794526 89.509445 83.272705 13.923985 27.33894
178 14.304972 61.98806 0.43900013 10.826624 85.13056 55.284615 98.196815 41.711903 75.6539 48.140556 42.14884 31.843775 83.12712 54.907352 6.8836985 87.0332 91.75182 32.936455
179 94.32309 15.057432 94.307205 55.401707 64.853 24.449598 16.095465 36.104744 65.693344 42.454506 76.17526 91.60187 3.646022 29.054916 63.60781 40.66709 48.72441 76.27173
180 10.113782 17.849041 44.17134 1.863414 34.525646 70.69273 73.4411 94.50615 93.42812 12.147951 90.09431 65.49754 41.426945 67.90213 29.282166 58.53017 23.90673 39.049088
181 74.44222 64.223 55.57565 53.890186 67.66765 56.539833 85.505554 8.076298 2.433294 92.18675 90.0307 53.118343 81.26651 96.350136 40.34787 41.960503 24.65136 55.061157
182 53.860683 43.329136 79.87727 78.9613 94.437416 99.506874 56.426113 29.770184 44.32518 94.66557 47.38524 70.3551 32.315125 81.614075 31.642305 24.571281 92.028206 56.531494
183 69.43548 3.1405926 9.346408 85.78074 42.18928 57.489033 37.81878 52.108105 67.26167 81.9535 49.408295 64.37556 67.875885 64.94455 99.60823 44.445854 59.53675 36.924053
184 20.45251 85.013985 45.87361 24.397165 82.29332 45.17947 1.161766 68.0628 50.75285 87.57584 63.614647 24.9124 94.6187 47.168118 15.585619 50.074387 4.601961 81.7144
185 84.55925 47.79339 63.081985 75.74151 45.548653 21.894377 57.804966 31.149286 32.360535 25.759924 74.87911 69.73655 96.069176 68.15421 0.5241275 26.6015 65.69294 33.63247
186 39.406998 23.138172 33.04267 10.814768 47.860954 57.920647 73.37377 26.075918 30.985588 40.891945 30.999147 68.368935 57.019203 57.770584 7.3956966 78.68051 64.230225 88.33467
187 34.365047 7.298982 33.974056 4.1813555 50.101273 7.5050774 57.900387 42.69353 8.001715 5.884427 62.280018 37.341385 80.96887 39.18038 63.069946 87.23276 4.843366 73.99149
188 1.9819677 67.1957 68.34255 78.76799 67.10903 23.88118 71.13316 24.135202 87.55091 22.731936 61.92695 75.79275 36.236668 18.55253 43.056892 68.890495 0.3479421 21.277613
189 2.9812753 20.214636 26.298254 34.874554 62.499428 27.63869 3.3269703 16.698402 0.8849621 9.5783825 73.941376 56.67164 54.19995 61.671078 3.5188735 19.078583 47.110687 16.176922
190 78.50776 47.29991 61.757797 20.83122 51.296646 65.28128 50.628864 48.78737 98.729164 44.812275 35.7414 77.162994 94.50326 59.727406 82.38089 47.385925 17.708992 45.935078
191 3.5787582 41.44141 80.23089 97.79881 10.696816 71.22075 74.69144 88.9668 27.958447 6.998497 37.372284 30.462355 94.396225 40.719433 22.7641 5.963254 78.146225 41.916485
192 79.021965 28.028118 75.79964 71.93043 47.909832 77.95242 96.922775 55.44606 35.387142 53.396427 81.990776 98.54549 76.718025 93.42631 44.77417 97.41719 65.07504 60.71466
193 99.40847 11.022693 7.5848937 79.98572 42.51724 10.44547 95.45567 94.05625 34.210236 54.927437 23.377132 51.768147 13.717884 43.897003 11.255682 72.55076 8.837795 21.331263
194 82.302734 91.16752 49.06119 55.85996 44.6215 13.335281 73.82813 30.956257 38.127167 62.35878 76.2579 74.78113 19.596392 61.7637 33.151943 60.72522 10.892791 36.26884
195 21.122581 65.961006 69.28875 69.50201 91.22463 86.47558 14.943975 91.889755 88.13477 49.760986 74.965294 85.454056 30.223227 18.817638 52.329666 47.208447 72.09491 48.161465
196 72.88549 1.9036055 17.456032 90.465324 96.54992 64.53155 36.41282 94.21984 36.900097 28.82495 24.26982 12.840504 24.13239 69.61271 58.11727 25.012524 72.66901 53.00585
197 10.343039 57.349266 99.66917 21.743511 44.8509 92.805115 52.8105 75.44274 90.20144 32.45145 83.71408 72.84834 74.915474 71.480316 81.37608 10.409826 52.405952 21.492355
198 12.334985 57.627075 97.85846 5.663067 0.7520914 72.669876 46.101074 18.23802 92.13513 63.918716 60.142445 48.51761 44.421326 75.48604 84.47492 47.153397 65.202194 42.712772
199 88.11484 60.851467 94.974915 11.410451 40.17083 83.68513 24.713171 30.614222 68.79606 98.946304 28.34676 90.26661 23.80336 96.158585 3.8178146 74.07169 17.930115 1.4458656
200 12.449837 64.30918 43.469936 15.371174 17.942757 64.30752 14.292442 96.666405 81.22574 79.236115 40.51268 0.5617261 13.803148 14.642107 9.425426 90.855064 23.5758 51.54432
201 84.7732 11.1586275 67.17804 37.78412 92.77294 65.20694 10.724318 87.661804 91.196434 12.556529 75.90032 9.661698 3.6110997 4.86151 35.271145 28.355247 88.8779 41.144615
202 14.531541 38.49901 33.222878 6.634635 50.5233 23.103683 33.511997 28.906822 52.83649 93.096214 53.440548 63.902058 79.65203 13.445234 4.6872854 41.13706 91.442 82.649925
203 40.980118 6.8358126 10.803854 31.745165 70.587944 12.160188 34.95875 21.955061 40.918137 84.10496 6.501186 2.4001598 34.398872 73.4222 5.3646803 60.45794 27.211779 8.187241
204 33.500134 66.18493 99.07523 55.910637 96.59297 1.384449 73.33912 50.59848 62.73008 35.263668 0.12549162 14.588904 85.037 88.045845 41.936977 65.63152 98.02178 26.33056
205 59.670246 66.376015 40.079594 88.42881 38.739838 41.606937 67.03757 12.4094305 9.277451 55.175537 23.772789 66.30521 53.17389 27.172625 48.149532 80.034645 13.937992 57.55573
206 29.43961 87.351 25.636131 56.84969 12.968254 77.85121 5.0337076 20.904934 85.2382 72.14244 39.78919 4.8072457 35.80708 95.11391 96.26337 82.234406 40.62371 74.40198
207 37.128345 28.758717 58.573593 14.131254 13.230312 50.273163 61.162483 32.494717 90.62804 26.907557 2.4122298 39.391994 14.758789 46.097137 80.297905 14.93063 54.45081 20.03044
208 85.87892 17.927664 21.994251 88.25766 95.43663 56.506313 27.502644 88.070984 43.510586 30.406666 99.956245 77.221886 50.11854 60.724197 30.044079 36.02742 38.359547 50.521446
209 55.450706 80.91037 14.05316 26.255877 94.61769 37.452686 27.394772 41.421795 25.111849 48.214794 58.45006 40.470158 15.22798 5.545497 69.628944 82.263756 27.831984 80.601494
210 25.340021 71.42546 82.010574 71.59631 63.41244 95.38502 46.951115 73.253845 6.478417 81.22996 52.55362 8.462042 61.542267 75.18402 89.31613 96.679596 79.94185 78.30174
211 75.584656 22.77866 40.66605 3.4715116 40.683014 27.306658 0.6734133 23.815441 87.91246 53.780968 94.91825 72.87956 99.92348 51.313473 5.001688 8.500206 51.31375 58.8839
212 82.807686 29.8546 28.110958 59.78797 68.55304 19.958406 82.480675 36.590034 81.08267 91.82733 92.79907 25.281578 51.99621 27.802784 56.19577 35.82292 89.63191 89.34381
213 22.668821 99.92242 79.702934 24.164051 29.576672 27.446205 87.43645 33.258427 13.209349 3.474635 22.67766 70.49973 43.533836 68.51354 61.169918 9.530926 40.21014 76.07828
214 99.004074 18.138863 6.5102577 72.704544 15.251517 59.7359 44.580906 54.876923 62.575638 89.62622 55.122875 11.437064 24.987925 14.084792 49.378647 96.33781 24.021894 30.68357
215 16.501266 9.306372 12.897646 5.57664 57.909744 6.792015 36.511784 68.48432 67.91986 64.78689 12.3931465 8.835387 60.388138 62.569744 83.50984 40.941887 0.74590445 22.542269
216 32.70325 15.25783 45.86892 98.0785 25.580538 93.84107 47.77584 47.22485 54.250275 77.28782 76.040016 15.269625 98.98064 77.895485 25.708992 0.30557513 64.65338 28.94864
217 27.942879 21.161287 10.049087 16.193134 77.807816 1.2607396 92.11173 17.206913 53.80639 31.433594 36.29819 53.996033 75.720055 62.351944 5.127984 59.30785 37.91645 87.58432
218 27.629656 47.488773 53.988693 22.270864 25.36475 74.91296 52.807037 22.731262 99.24348 95.824745 5.951607 68.08069 43.883617 28.687881 30.046766 76.86998 21.577173 71.697685
219 65.533356 27.171022 40.098434 58.929245 64.50829 6.243229 42.0074 59.670174 35.85756 31.353432 77.4816 60.886013 65.24614 53.451157 18.065596 68.619415 2.6589453 3.7597656
220 90.3939 39.62208 50.97193 45.028973 2.563727 44.914883 88.14996 95.86576 82.365944 46.583332 63.604046 61.44137 97.2958 76.320885 59.297665 6.747353 27.740652 66.47381
221 39.482307 80.790695 83.875336 43.121483 3.392291 49.587475 5.7939587 26.611996 34.576355 32.00867 47.78843 42.593662 23.339945 91.48618 99.28228 59.629566 47.379715 5.89869
222 34.886826 85.708855 85.28717 81.78707 57.822853 62.19158 21.169918 63.118958 18.314547 40.821735 71.98641 1.4182329 60.59469 57.358265 35.9282 47.04392 8.256602 78.10903
223 56.736927 11.156046 12.555284 86.274994 19.450659 56.414253 6.917447 50.650196 14.786464 50.255203 73.69984 26.068623 17.04598 57.783474 96.78164 33.29542 31.754911 38.548763
224 51.84716 55.144596 59.703243 20.991634 51.47862 28.845661 51.941864 64.90689 86.01826 64.52063 61.726402 42.244404 75.46793 42.57302 33.305786 2.85331 9.680623 44.399303
225 60.570503 78.84844 11.2810135 20.738905 40.45331 80.173546 10.96341 58.873272 83.97785 57.251644 1.1998653 46.52118 12.1529045 43.50919 0.40554404 58.47306 92.50073 31.759369
226 54.02278 87.64045 85.68809 1.2177169 55.881 70.20905 99.11048 65.14568 46.9616 93.97961 46.790867 98.18727 39.052452 47.825504 11.8309555 74.35101 87.734566 50.61961
227 0.9471297 74.8313 68.03639 61.175907 80.198006 34.55547 72.56352 1.9682288 29.541445 89.1478 86.9202 52.94537 51.834305 63.13963 2.0534396 76.03779 2.6093006 35.51334
228 94.353226 93.38722 61.542747 11.3923435 58.82703 54.43142 68.89094 76.791954 80.64138 19.307232 82.05962 76.297615 8.306736 53.22644 33.43133 17.374308 75.606445 52.220505
229 62.97186 7.330501 57.18063 2.6974618 63.1471 83.92267 27.928644 52.42227 72.29148 23.914354 92.858765 39.700516 31.581337 47.882343 20.772707 80.65538 33.79305 78.03966
230 31.620539 55.543602 25.493807 19.2303 78.205055 7.1236315 22.458632 93.51713 23.173588 74.29787 87.98409 64.46721 32.241432 28.791481 40.237854 88.43556 94.98897 71.757484
231 65.521515 53.518723 1.3216197 30.227058 44.819046 40.61758 71.04705 83.63537 59.55624 19.99756 77.58962 50.686954 45.220547 87.21388 66.5231 93.08557 57.311707 27.187634
232 32.565086 0.7073879 9.749794 59.049553 42.461002 32.272285 30.909502 68.14705 28.623396 5.1581087 54.240887 37.933315 2.6279867 80.45913 49.15338 92.48647 67.15915 36.53149
233 91.46967 90.863686 28.513123 91.9715 42.100006 44.66506 13.389653 42.180855 26.258749 78.91317 77.82639 41.388393 94.96979 19.05577 12.462187 62.288414 75.02289 60.54462
234 16.875141 30.449326 25.001902 85.56754 51.86069 81.53464 73.36886 9.211498 17.838829 61.415638 12.533456 16.271454 31.064678 56.757217 10.851812 43.31628 28.232891 45.004463
235 15.883392 48.263687 70.995155 15.329343 98.10362 22.94904 11.746806 77.51767 98.54772 50.90774 32.989372 24.553162 28.287006 2.300936 67.16109 91.41669 36.763233 26.633978
236 19.878256 91.05598 42.192345 39.244766 55.19246 56.34842 55.672775 63.634293 0.19738674 60.99295 44.282597 54.297672 1.8860459 83.50598 63.125916 76.075294 30.644495 56.80157
237 45.60481 0.02861619 1.5677094 65.21223 11.574489 12.863171 51.603336 4.3195305 28.725111 48.94581 12.3895645 63.74267 20.573599 89.528725 95.885994 75.26906 39.707405 32.99712
238 23.145979 48.6585 35.073982 99.461334 81.8026 94.42718 12.643969 71.039024 71.30685 70.29922 77.992935 90.505554 58.249493 38.242714 23.359983 1.9773483 9.109765 48.5883
239 79.47624 50.844215 31.713903 82.227425 50.651665 0.7556796 47.07186 50.93429 29.814917 34.12735 32.92527 38.13976 95.78147 91.96505 52.426983 30.76353 8.155733 67.96599
240 74.3403 58.79652 73.94185 91.57107 43.763073 99.099724 84.94586 32.19539 8.730978 78.288765 45.01238 1.1024177 2.5293946 5.6093693 82.47729 63.72223 23.851664 98.44495
241 95.17338 50.617172 17.102755 12.661039 4.947692 43.30542 98.49357 28.57551 15.802437 36.86121 85.74612 56.200462 17.130274 46.280582 1.1918426 34.84974 51.568478 31.255508
242 31.063032 0.62204003 59.04554 94.02309 34.432507 58.096886 5.751342 38.696796 20.445377 11.321664 32.954235 25.854946 14.413661 14.390159 97.55313 72.6288 44.531662 88.24428
243 88.540955 22.135853 29.247236 1.4634788 63.530815 74.43879 78.83769 26.493813 62.334133 48.438965 36.94471 95.82733 83.267876 45.956985 42.49081 95.951836 98.20867 57.99696
244 48.61219 40.391468 88.01611 82.683876 72.393524 60.85524 87.24324 85.01435 91.98729 90.46856 80.27698 92.343254 51.161884 92.41221 17.255234 84.97697 65.78236 7.2244406
245 52.155025 58.45645 62.82851 62.7896 15.011936 29.749657 76.25543 61.9568 40.804398 61.85572 1.5695333 47.183765 97.41743 45.0387 94.012596 42.02577 0.4026413 4.4027386
246 25.609558 2.1907032 21.900385 85.70518 81.252235 29.826105 1.8242776 88.65036 30.977982 33.32054 40.778778 80.45105 17.493773 59.882195 93.54982 94.783936 17.934715 12.254876
247 19.553339 41.55962 95.29062 45.96347 70.33447 61.900776 36.6528 55.324894 74.882195 27.657324 66.50888 10.059172 99.773636 24.534094 28.140068 28.691584 24.41516 67.874
248 94.46059 38.117878 51.14097 77.3006 21.401245 2.838719 17.716806 4.3137255 7.51223 33.64868 55.737854 40.64829 8.486832 39.24287 35.183098 86.40871 55.746162 39.597027
249 3.481418 78.90388 95.34425 55.46378 0.15736222 55.51373 43.834923 51.350082 46.5716 78.16678 18.281567 81.402275 48.37712 91.008965 50.495087 49.292435 37.815964 26.069338
