100
5
0 90.18749 66.7304 58.136726 51.536507 69.14983
1 37.664803 28.114801 77.94971 42.754097 51.768326
2 24.448776 38.045303 7.6302767 66.25759 22.961563
3 84.783165 33.393826 24.703056 0.34956932 68.32919
4 40.979134 79.04019 96.524574 0.16334653 33.255585
5 9.155619 19.515396 76.60826 32.086937 95.1653
6 81.23271 98.48584 99.88436 17.672752 18.028522
7 79.25691 23.477781 62.307133 49.16153 31.083519
8 51.387714 34.838898 56.763786 61.950256 16.479565
9 45.610935 69.50986 70.27895 60.247986 60.675335
10 99.79576 32.170517 44.89507 0.9728849 10.782391
11 94.12178 88.7805 79.527336 79.15155 97.2205
12 60.144745 24.657917 14.927548 11.65542 85.21041
13 39.65966 8.363712 79.941956 68.38701 86.594955
14 91.87106 88.42085 34.438644 64.42524 42.53121
15 77.012634 11.7824135 35.646015 57.20228 82.393196
16 10.790104 67.14145 20.975542 97.9963 65.85288
17 11.727738 63.21153 41.660477 11.384821 8.70294
18 70.08301 97.24605 32.797398 11.87098 54.04337
19 46.891987 58.245422 19.479443 88.55286 25.311857
20 46.66085 35.135956 9.421837 4.006982 44.852097
21 5.1915464 85.02523 81.67922 70.4128 74.75766
22 28.220308 5.442822 68.57863 70.22703 88.94137
23 46.46637 57.277977 34.978176 43.089962 82.034836
24 34.291004 21.254694 9.492821 5.1333847 69.0707
25 24.729603 50.42724 61.75855 36.362476 59.01242
26 74.64505 57.307518 92.82045 20.663326 86.15208
27 36.448174 26.45694 26.790422 42.47477 18.504364
28 73.635826 97.97835 77.08518 13.093501 52.65482
29 60.400505 40.439457 81.8258 86.53966 99.0835
30 50.15387 92.43063 11.843527 76.31633 54.700996
31 5.6410074 2.9178023 47.335453 87.2226 74.280396
32 91.76713 42.189556 61.25481 32.80793 68.259575
33 15.926081 72.035545 36.45132 91.72754 97.09104
34 63.369297 27.168125 97.02773 30.450499 87.57503
35 72.01256 1.6522348 27.595818 75.71952 33.84888
36 7.781309 17.768276 87.08116 98.35533 88.09102
37 60.22526 74.60305 31.332153 67.084496 13.478065
38 80.04421 70.69968 82.67723 0.77920556 15.754622
39 45.300705 84.27019 5.6573987 45.672844 42.566765
40 93.68623 36.73539 6.5302014 36.947643 0.78662634
41 23.476892 10.657608 16.225105 64.546875 20.163177
42 7.610053 61.73622 47.641235 75.87969 5.4906187
43 17.232395 84.50905 65.49292 30.874264 18.522709
44 2.3652434 7.7243447 44.168655 8.932983 16.143364
45 29.00194 94.73301 73.505745 62.958534 68.621155
46 55.798374 35.13421 41.94642 85.0227 95.94786
47 48.641552 70.43373 83.14922 33.43865 42.173172
48 48.047916 77.64804 57.859314 9.964954 53.864098
49 70.22321 55.45666 85.19878 56.863518 6.1032057
50 18.939526 77.6822 42.249763 84.086174 77.74057
51 67.73215 92.509895 96.97359 32.71831 6.952018
52 86.051956 39.736557 91.30293 98.43176 12.896257
53 27.121943 60.384293 55.947548 57.90531 41.554726
54 89.12586 74.478096 70.62908 87.39813 50.74185
55 66.0921 56.803005 55.47621 88.539764 17.105549
56 71.21469 19.139093 18.708796 28.287905 22.960258
57 52.266113 10.994392 91.548134 81.51666 12.976331
58 53.1681 98.50745 81.59626 2.280885 29.771906
59 41.028152 4.0230274 32.612522 7.7414274 56.29307
60 73.035225 20.561005 58.008545 52.405964 73.200645
61 14.998638 53.930717 70.51102 93.812195 45.17985
62 64.33245 49.72163 49.061848 2.7373314 5.0782146
63 48.132133 68.87929 81.48128 71.49184 81.09802
64 80.04127 84.557945 51.724113 93.86198 98.54369
65 60.170387 14.539117 24.337948 82.3781 55.352993
66 84.19504 1.1191189 75.42811 38.178932 9.452838
67 87.03617 36.422043 58.535522 16.63528 28.161007
68 46.530354 17.808973 10.5209465 18.14062 31.628586
69 40.371277 68.196815 87.08258 3.3682466 71.86531
70 15.374928 79.63521 1.4820516 28.459179 1.7329514
71 87.9637 19.231636 40.319286 10.256272 49.380047
72 77.1825 44.67801 68.09427 35.617214 16.723133
73 7.5036883 34.912563 39.13315 54.65514 76.68694
74 55.00466 72.19003 41.054607 77.92022 86.46245
75 15.390843 13.288683 61.461872 93.4989 95.29581
76 34.976448 43.44846 74.63467 4.9226103 46.781616
77 79.36923 32.03229 58.408157 59.75184 75.07693
78 86.97805 51.739197 66.57316 17.923319 48.626797
79 77.9194 83.24844 78.233925 21.955729 67.721176
80 16.55808 40.642803 34.79682 29.570562 61.005062
81 22.378181 0.2780497 85.2484 94.13265 88.31671
82 51.50196 15.883946 69.040886 92.715866 70.39533
83 76.9091 7.0910273 47.509403 27.002794 25.780743
84 8.210301 14.742994 82.7628 54.73067 8.489704
85 44.27892 39.249622 87.74153 89.066216 70.769066
86 19.306623 99.362335 42.319805 59.852463 1.3132334
87 38.668545 23.480003 61.659767 29.46121 98.253426
88 1.6748965 19.397282 47.370346 92.034355 94.676575
89 66.743835 42.214436 91.10902 48.074615 75.04479
90 98.88557 90.95223 50.877823 20.160961 94.788895
91 30.768066 65.70199 89.970345 75.88546 74.47947
92 69.408295 52.884705 42.903603 68.1376 27.535135
93 31.600492 6.5992 68.76549 67.90173 46.2366
94 95.00193 60.929466 31.701464 98.914246 80.244415
95 38.58254 97.15752 4.914385 43.39824 87.68476
96 25.85541 41.324192 82.36535 99.32743 36.23107
97 85.38953 48.98668 20.934237 74.97814 74.76805
98 49.884796 94.75862 24.502522 8.986163 72.9724
99 76.33105 43.72058 64.41066 83.90982 91.53371
