100
0 1 99.0
0 2 90.0
0 3 94.0
0 4 80.0
0 5 79.0
0 6 53.0
0 7 97.0
0 8 59.0
0 9 96.0
0 10 72.0
0 11 100.0
0 12 75.0
0 13 55.0
0 14 90.0
0 15 98.0
0 16 96.0
0 17 56.0
0 18 90.0
0 19 100.0
0 20 69.0
0 21 52.0
0 22 84.0
0 23 50.0
0 24 81.0
0 25 92.0
0 26 77.0
0 27 72.0
0 28 71.0
0 29 98.0
0 30 53.0
0 31 61.0
0 32 70.0
0 33 51.0
0 34 59.0
0 35 87.0
0 36 77.0
0 37 90.0
0 38 59.0
0 39 62.0
0 40 51.0
0 41 77.0
0 42 76.0
0 43 91.0
0 44 71.0
0 45 94.0
0 46 64.0
0 47 63.0
0 48 67.0
0 49 54.0
0 50 67.0
0 51 77.0
0 52 84.0
0 53 84.0
0 54 53.0
0 55 59.0
0 56 93.0
0 57 67.0
0 58 70.0
0 59 62.0
0 60 55.0
0 61 77.0
0 62 73.0
0 63 73.0
0 64 61.0
0 65 69.0
0 66 66.0
0 67 67.0
0 68 96.0
0 69 97.0
0 70 87.0
0 71 78.0
0 72 87.0
0 73 88.0
0 74 66.0
0 75 80.0
0 76 53.0
0 77 73.0
0 78 90.0
0 79 54.0
0 80 62.0
0 81 67.0
0 82 85.0
0 83 71.0
0 84 62.0
0 85 96.0
0 86 72.0
0 87 63.0
0 88 57.0
0 89 74.0
0 90 55.0
0 91 71.0
0 92 72.0
0 93 55.0
0 94 69.0
0 95 56.0
0 96 100.0
0 97 97.0
0 98 85.0
0 99 92.0
1 2 53.0
1 3 53.0
1 4 83.0
1 5 56.0
1 6 85.0
1 7 83.0
1 8 81.0
1 9 64.0
1 10 53.0
1 11 67.0
1 12 87.0
1 13 60.0
1 14 63.0
1 15 51.0
1 16 79.0
1 17 59.0
1 18 77.0
1 19 71.0
1 20 77.0
1 21 89.0
1 22 96.0
1 23 74.0
1 24 77.0
1 25 72.0
1 26 88.0
1 27 73.0
1 28 73.0
1 29 89.0
1 30 56.0
1 31 77.0
1 32 99.0
1 33 58.0
1 34 99.0
1 35 64.0
1 36 56.0
1 37 71.0
1 38 77.0
1 39 78.0
1 40 86.0
1 41 56.0
1 42 100.0
1 43 73.0
1 44 83.0
1 45 85.0
1 46 80.0
1 47 62.0
1 48 83.0
1 49 74.0
1 50 81.0
1 51 100.0
1 52 96.0
1 53 83.0
1 54 89.0
1 55 56.0
1 56 63.0
1 57 90.0
1 58 89.0
1 59 79.0
1 60 83.0
1 61 52.0
1 62 62.0
1 63 94.0
1 64 92.0
1 65 74.0
1 66 52.0
1 67 75.0
1 68 55.0
1 69 70.0
1 70 58.0
1 71 98.0
1 72 51.0
1 73 56.0
1 74 84.0
1 75 70.0
1 76 78.0
1 77 63.0
1 78 74.0
1 79 84.0
1 80 90.0
1 81 83.0
1 82 65.0
1 83 66.0
1 84 63.0
1 85 73.0
1 86 53.0
1 87 58.0
1 88 92.0
1 89 99.0
1 90 65.0
1 91 54.0
1 92 66.0
1 93 57.0
1 94 65.0
1 95 100.0
1 96 78.0
1 97 53.0
1 98 73.0
1 99 73.0
2 3 91.0
2 4 78.0
2 5 54.0
2 6 83.0
2 7 73.0
2 8 50.0
2 9 76.0
2 10 74.0
2 11 89.0
2 12 69.0
2 13 69.0
2 14 65.0
2 15 86.0
2 16 95.0
2 17 94.0
2 18 73.0
2 19 81.0
2 20 67.0
2 21 59.0
2 22 100.0
2 23 82.0
2 24 89.0
2 25 56.0
2 26 92.0
2 27 61.0
2 28 74.0
2 29 55.0
2 30 85.0
2 31 71.0
2 32 74.0
2 33 68.0
2 34 94.0
2 35 93.0
2 36 74.0
2 37 57.0
2 38 57.0
2 39 79.0
2 40 73.0
2 41 98.0
2 42 63.0
2 43 89.0
2 44 64.0
2 45 52.0
2 46 71.0
2 47 93.0
2 48 87.0
2 49 91.0
2 50 74.0
2 51 56.0
2 52 67.0
2 53 56.0
2 54 60.0
2 55 78.0
2 56 97.0
2 57 82.0
2 58 55.0
2 59 64.0
2 60 87.0
2 61 82.0
2 62 70.0
2 63 61.0
2 64 95.0
2 65 59.0
2 66 77.0
2 67 76.0
2 68 97.0
2 69 55.0
2 70 90.0
2 71 51.0
2 72 83.0
2 73 85.0
2 74 73.0
2 75 99.0
2 76 82.0
2 77 76.0
2 78 67.0
2 79 70.0
2 80 92.0
2 81 91.0
2 82 68.0
2 83 64.0
2 84 79.0
2 85 93.0
2 86 68.0
2 87 63.0
2 88 56.0
2 89 74.0
2 90 56.0
2 91 91.0
2 92 93.0
2 93 80.0
2 94 57.0
2 95 50.0
2 96 99.0
2 97 74.0
2 98 91.0
2 99 92.0
3 4 83.0
3 5 62.0
3 6 80.0
3 7 73.0
3 8 69.0
3 9 77.0
3 10 91.0
3 11 61.0
3 12 71.0
3 13 52.0
3 14 67.0
3 15 62.0
3 16 57.0
3 17 89.0
3 18 62.0
3 19 90.0
3 20 54.0
3 21 99.0
3 22 75.0
3 23 79.0
3 24 64.0
3 25 79.0
3 26 97.0
3 27 92.0
3 28 67.0
3 29 56.0
3 30 75.0
3 31 60.0
3 32 83.0
3 33 53.0
3 34 90.0
3 35 71.0
3 36 69.0
3 37 85.0
3 38 63.0
3 39 91.0
3 40 52.0
3 41 79.0
3 42 92.0
3 43 88.0
3 44 57.0
3 45 57.0
3 46 61.0
3 47 87.0
3 48 54.0
3 49 51.0
3 50 81.0
3 51 90.0
3 52 55.0
3 53 78.0
3 54 95.0
3 55 55.0
3 56 66.0
3 57 82.0
3 58 79.0
3 59 75.0
3 60 52.0
3 61 94.0
3 62 67.0
3 63 87.0
3 64 86.0
3 65 95.0
3 66 55.0
3 67 99.0
3 68 53.0
3 69 96.0
3 70 81.0
3 71 72.0
3 72 86.0
3 73 79.0
3 74 76.0
3 75 73.0
3 76 89.0
3 77 70.0
3 78 56.0
3 79 66.0
3 80 95.0
3 81 51.0
3 82 88.0
3 83 85.0
3 84 86.0
3 85 74.0
3 86 84.0
3 87 51.0
3 88 56.0
3 89 55.0
3 90 72.0
3 91 50.0
3 92 60.0
3 93 68.0
3 94 98.0
3 95 55.0
3 96 72.0
3 97 60.0
3 98 68.0
3 99 88.0
4 5 81.0
4 6 62.0
4 7 100.0
4 8 100.0
4 9 55.0
4 10 98.0
4 11 100.0
4 12 60.0
4 13 71.0
4 14 98.0
4 15 54.0
4 16 52.0
4 17 67.0
4 18 94.0
4 19 60.0
4 20 72.0
4 21 83.0
4 22 87.0
4 23 55.0
4 24 75.0
4 25 73.0
4 26 71.0
4 27 53.0
4 28 86.0
4 29 68.0
4 30 72.0
4 31 67.0
4 32 50.0
4 33 99.0
4 34 68.0
4 35 54.0
4 36 72.0
4 37 88.0
4 38 62.0
4 39 96.0
4 40 75.0
4 41 74.0
4 42 82.0
4 43 51.0
4 44 52.0
4 45 62.0
4 46 59.0
4 47 63.0
4 48 97.0
4 49 82.0
4 50 61.0
4 51 88.0
4 52 97.0
4 53 98.0
4 54 63.0
4 55 88.0
4 56 88.0
4 57 83.0
4 58 72.0
4 59 61.0
4 60 59.0
4 61 92.0
4 62 55.0
4 63 81.0
4 64 93.0
4 65 88.0
4 66 52.0
4 67 97.0
4 68 95.0
4 69 93.0
4 70 75.0
4 71 67.0
4 72 75.0
4 73 57.0
4 74 89.0
4 75 75.0
4 76 71.0
4 77 60.0
4 78 57.0
4 79 66.0
4 80 56.0
4 81 60.0
4 82 79.0
4 83 73.0
4 84 61.0
4 85 54.0
4 86 70.0
4 87 89.0
4 88 69.0
4 89 85.0
4 90 50.0
4 91 84.0
4 92 71.0
4 93 90.0
4 94 57.0
4 95 94.0
4 96 64.0
4 97 70.0
4 98 51.0
4 99 64.0
5 6 59.0
5 7 67.0
5 8 88.0
5 9 56.0
5 10 55.0
5 11 90.0
5 12 54.0
5 13 67.0
5 14 89.0
5 15 73.0
5 16 63.0
5 17 83.0
5 18 98.0
5 19 83.0
5 20 95.0
5 21 96.0
5 22 75.0
5 23 60.0
5 24 86.0
5 25 54.0
5 26 87.0
5 27 81.0
5 28 86.0
5 29 65.0
5 30 53.0
5 31 100.0
5 32 91.0
5 33 61.0
5 34 85.0
5 35 58.0
5 36 93.0
5 37 89.0
5 38 86.0
5 39 100.0
5 40 80.0
5 41 72.0
5 42 85.0
5 43 70.0
5 44 61.0
5 45 91.0
5 46 56.0
5 47 78.0
5 48 52.0
5 49 55.0
5 50 94.0
5 51 60.0
5 52 52.0
5 53 73.0
5 54 89.0
5 55 63.0
5 56 79.0
5 57 64.0
5 58 52.0
5 59 66.0
5 60 69.0
5 61 56.0
5 62 91.0
5 63 81.0
5 64 75.0
5 65 75.0
5 66 65.0
5 67 64.0
5 68 53.0
5 69 78.0
5 70 75.0
5 71 71.0
5 72 63.0
5 73 80.0
5 74 86.0
5 75 78.0
5 76 67.0
5 77 61.0
5 78 56.0
5 79 96.0
5 80 89.0
5 81 55.0
5 82 61.0
5 83 54.0
5 84 94.0
5 85 63.0
5 86 70.0
5 87 52.0
5 88 74.0
5 89 90.0
5 90 60.0
5 91 79.0
5 92 57.0
5 93 50.0
5 94 86.0
5 95 90.0
5 96 79.0
5 97 62.0
5 98 97.0
5 99 91.0
6 7 75.0
6 8 52.0
6 9 74.0
6 10 51.0
6 11 66.0
6 12 90.0
6 13 59.0
6 14 62.0
6 15 70.0
6 16 59.0
6 17 97.0
6 18 72.0
6 19 60.0
6 20 71.0
6 21 88.0
6 22 55.0
6 23 59.0
6 24 54.0
6 25 94.0
6 26 93.0
6 27 56.0
6 28 88.0
6 29 80.0
6 30 78.0
6 31 94.0
6 32 82.0
6 33 87.0
6 34 55.0
6 35 94.0
6 36 85.0
6 37 86.0
6 38 85.0
6 39 97.0
6 40 72.0
6 41 59.0
6 42 91.0
6 43 78.0
6 44 58.0
6 45 91.0
6 46 85.0
6 47 72.0
6 48 80.0
6 49 90.0
6 50 53.0
6 51 79.0
6 52 78.0
6 53 87.0
6 54 56.0
6 55 54.0
6 56 92.0
6 57 58.0
6 58 55.0
6 59 70.0
6 60 67.0
6 61 65.0
6 62 80.0
6 63 75.0
6 64 70.0
6 65 64.0
6 66 73.0
6 67 51.0
6 68 97.0
6 69 61.0
6 70 72.0
6 71 62.0
6 72 58.0
6 73 91.0
6 74 56.0
6 75 78.0
6 76 66.0
6 77 77.0
6 78 76.0
6 79 77.0
6 80 87.0
6 81 59.0
6 82 72.0
6 83 66.0
6 84 75.0
6 85 56.0
6 86 83.0
6 87 93.0
6 88 60.0
6 89 85.0
6 90 67.0
6 91 71.0
6 92 82.0
6 93 93.0
6 94 93.0
6 95 68.0
6 96 52.0
6 97 62.0
6 98 89.0
6 99 87.0
7 8 96.0
7 9 57.0
7 10 71.0
7 11 63.0
7 12 80.0
7 13 50.0
7 14 92.0
7 15 74.0
7 16 84.0
7 17 57.0
7 18 77.0
7 19 55.0
7 20 83.0
7 21 94.0
7 22 64.0
7 23 100.0
7 24 75.0
7 25 95.0
7 26 98.0
7 27 66.0
7 28 93.0
7 29 87.0
7 30 62.0
7 31 79.0
7 32 94.0
7 33 79.0
7 34 61.0
7 35 76.0
7 36 77.0
7 37 90.0
7 38 82.0
7 39 65.0
7 40 97.0
7 41 98.0
7 42 80.0
7 43 63.0
7 44 64.0
7 45 70.0
7 46 79.0
7 47 63.0
7 48 63.0
7 49 99.0
7 50 71.0
7 51 100.0
7 52 53.0
7 53 70.0
7 54 62.0
7 55 87.0
7 56 58.0
7 57 70.0
7 58 80.0
7 59 77.0
7 60 70.0
7 61 84.0
7 62 91.0
7 63 87.0
7 64 76.0
7 65 87.0
7 66 66.0
7 67 85.0
7 68 69.0
7 69 56.0
7 70 90.0
7 71 50.0
7 72 58.0
7 73 96.0
7 74 95.0
7 75 95.0
7 76 94.0
7 77 77.0
7 78 64.0
7 79 91.0
7 80 70.0
7 81 100.0
7 82 92.0
7 83 98.0
7 84 79.0
7 85 81.0
7 86 85.0
7 87 70.0
7 88 92.0
7 89 69.0
7 90 62.0
7 91 54.0
7 92 82.0
7 93 83.0
7 94 57.0
7 95 82.0
7 96 100.0
7 97 65.0
7 98 74.0
7 99 57.0
8 9 50.0
8 10 85.0
8 11 72.0
8 12 67.0
8 13 99.0
8 14 65.0
8 15 93.0
8 16 81.0
8 17 100.0
8 18 89.0
8 19 86.0
8 20 51.0
8 21 66.0
8 22 65.0
8 23 56.0
8 24 88.0
8 25 75.0
8 26 74.0
8 27 79.0
8 28 93.0
8 29 95.0
8 30 59.0
8 31 85.0
8 32 58.0
8 33 74.0
8 34 64.0
8 35 56.0
8 36 92.0
8 37 57.0
8 38 67.0
8 39 98.0
8 40 74.0
8 41 91.0
8 42 89.0
8 43 53.0
8 44 52.0
8 45 98.0
8 46 70.0
8 47 66.0
8 48 79.0
8 49 100.0
8 50 93.0
8 51 97.0
8 52 86.0
8 53 74.0
8 54 56.0
8 55 68.0
8 56 92.0
8 57 94.0
8 58 98.0
8 59 64.0
8 60 69.0
8 61 79.0
8 62 89.0
8 63 90.0
8 64 91.0
8 65 54.0
8 66 64.0
8 67 91.0
8 68 52.0
8 69 62.0
8 70 83.0
8 71 53.0
8 72 88.0
8 73 52.0
8 74 66.0
8 75 74.0
8 76 54.0
8 77 94.0
8 78 77.0
8 79 69.0
8 80 57.0
8 81 100.0
8 82 59.0
8 83 58.0
8 84 98.0
8 85 77.0
8 86 70.0
8 87 98.0
8 88 79.0
8 89 53.0
8 90 91.0
8 91 70.0
8 92 76.0
8 93 93.0
8 94 86.0
8 95 76.0
8 96 91.0
8 97 96.0
8 98 61.0
8 99 65.0
9 10 56.0
9 11 93.0
9 12 99.0
9 13 59.0
9 14 63.0
9 15 97.0
9 16 78.0
9 17 94.0
9 18 89.0
9 19 53.0
9 20 55.0
9 21 97.0
9 22 58.0
9 23 70.0
9 24 58.0
9 25 64.0
9 26 89.0
9 27 76.0
9 28 96.0
9 29 84.0
9 30 71.0
9 31 90.0
9 32 69.0
9 33 57.0
9 34 73.0
9 35 75.0
9 36 77.0
9 37 68.0
9 38 73.0
9 39 85.0
9 40 85.0
9 41 66.0
9 42 53.0
9 43 90.0
9 44 98.0
9 45 53.0
9 46 100.0
9 47 88.0
9 48 57.0
9 49 82.0
9 50 72.0
9 51 70.0
9 52 57.0
9 53 91.0
9 54 53.0
9 55 80.0
9 56 84.0
9 57 97.0
9 58 94.0
9 59 77.0
9 60 71.0
9 61 85.0
9 62 68.0
9 63 72.0
9 64 87.0
9 65 56.0
9 66 88.0
9 67 95.0
9 68 63.0
9 69 83.0
9 70 66.0
9 71 51.0
9 72 54.0
9 73 56.0
9 74 97.0
9 75 87.0
9 76 83.0
9 77 96.0
9 78 86.0
9 79 100.0
9 80 90.0
9 81 58.0
9 82 91.0
9 83 92.0
9 84 85.0
9 85 67.0
9 86 79.0
9 87 84.0
9 88 62.0
9 89 65.0
9 90 56.0
9 91 86.0
9 92 71.0
9 93 52.0
9 94 59.0
9 95 75.0
9 96 89.0
9 97 62.0
9 98 75.0
9 99 76.0
10 11 74.0
10 12 99.0
10 13 89.0
10 14 67.0
10 15 83.0
10 16 59.0
10 17 71.0
10 18 53.0
10 19 98.0
10 20 75.0
10 21 92.0
10 22 75.0
10 23 81.0
10 24 72.0
10 25 91.0
10 26 76.0
10 27 93.0
10 28 81.0
10 29 62.0
10 30 77.0
10 31 85.0
10 32 95.0
10 33 50.0
10 34 58.0
10 35 67.0
10 36 53.0
10 37 50.0
10 38 83.0
10 39 72.0
10 40 50.0
10 41 85.0
10 42 86.0
10 43 58.0
10 44 67.0
10 45 95.0
10 46 69.0
10 47 79.0
10 48 89.0
10 49 69.0
10 50 52.0
10 51 89.0
10 52 68.0
10 53 95.0
10 54 66.0
10 55 70.0
10 56 51.0
10 57 52.0
10 58 81.0
10 59 86.0
10 60 51.0
10 61 64.0
10 62 83.0
10 63 90.0
10 64 100.0
10 65 72.0
10 66 91.0
10 67 68.0
10 68 69.0
10 69 84.0
10 70 84.0
10 71 81.0
10 72 70.0
10 73 63.0
10 74 55.0
10 75 100.0
10 76 73.0
10 77 63.0
10 78 85.0
10 79 90.0
10 80 65.0
10 81 72.0
10 82 87.0
10 83 94.0
10 84 58.0
10 85 86.0
10 86 95.0
10 87 80.0
10 88 99.0
10 89 92.0
10 90 77.0
10 91 86.0
10 92 87.0
10 93 99.0
10 94 95.0
10 95 97.0
10 96 87.0
10 97 75.0
10 98 53.0
10 99 58.0
11 12 87.0
11 13 72.0
11 14 66.0
11 15 84.0
11 16 85.0
11 17 89.0
11 18 82.0
11 19 58.0
11 20 94.0
11 21 63.0
11 22 52.0
11 23 54.0
11 24 51.0
11 25 100.0
11 26 80.0
11 27 70.0
11 28 57.0
11 29 89.0
11 30 72.0
11 31 61.0
11 32 81.0
11 33 71.0
11 34 64.0
11 35 78.0
11 36 74.0
11 37 75.0
11 38 53.0
11 39 56.0
11 40 58.0
11 41 83.0
11 42 96.0
11 43 71.0
11 44 70.0
11 45 70.0
11 46 100.0
11 47 70.0
11 48 67.0
11 49 98.0
11 50 73.0
11 51 82.0
11 52 59.0
11 53 67.0
11 54 76.0
11 55 86.0
11 56 99.0
11 57 72.0
11 58 78.0
11 59 74.0
11 60 51.0
11 61 63.0
11 62 69.0
11 63 72.0
11 64 55.0
11 65 79.0
11 66 51.0
11 67 58.0
11 68 79.0
11 69 71.0
11 70 51.0
11 71 81.0
11 72 56.0
11 73 59.0
11 74 72.0
11 75 79.0
11 76 51.0
11 77 66.0
11 78 53.0
11 79 70.0
11 80 65.0
11 81 66.0
11 82 50.0
11 83 55.0
11 84 71.0
11 85 85.0
11 86 63.0
11 87 60.0
11 88 89.0
11 89 62.0
11 90 83.0
11 91 59.0
11 92 57.0
11 93 63.0
11 94 85.0
11 95 90.0
11 96 73.0
11 97 55.0
11 98 51.0
11 99 95.0
12 13 70.0
12 14 70.0
12 15 68.0
12 16 95.0
12 17 52.0
12 18 61.0
12 19 60.0
12 20 70.0
12 21 70.0
12 22 61.0
12 23 72.0
12 24 89.0
12 25 97.0
12 26 82.0
12 27 59.0
12 28 66.0
12 29 85.0
12 30 93.0
12 31 50.0
12 32 79.0
12 33 64.0
12 34 85.0
12 35 53.0
12 36 91.0
12 37 88.0
12 38 61.0
12 39 77.0
12 40 86.0
12 41 51.0
12 42 53.0
12 43 68.0
12 44 99.0
12 45 55.0
12 46 64.0
12 47 86.0
12 48 84.0
12 49 68.0
12 50 100.0
12 51 100.0
12 52 69.0
12 53 89.0
12 54 91.0
12 55 78.0
12 56 55.0
12 57 89.0
12 58 73.0
12 59 89.0
12 60 74.0
12 61 90.0
12 62 96.0
12 63 74.0
12 64 66.0
12 65 74.0
12 66 74.0
12 67 67.0
12 68 92.0
12 69 59.0
12 70 98.0
12 71 80.0
12 72 100.0
12 73 58.0
12 74 93.0
12 75 76.0
12 76 62.0
12 77 53.0
12 78 56.0
12 79 61.0
12 80 64.0
12 81 83.0
12 82 59.0
12 83 100.0
12 84 94.0
12 85 80.0
12 86 55.0
12 87 73.0
12 88 77.0
12 89 73.0
12 90 99.0
12 91 57.0
12 92 78.0
12 93 88.0
12 94 100.0
12 95 65.0
12 96 72.0
12 97 62.0
12 98 77.0
12 99 93.0
13 14 99.0
13 15 94.0
13 16 72.0
13 17 70.0
13 18 98.0
13 19 93.0
13 20 61.0
13 21 63.0
13 22 77.0
13 23 73.0
13 24 96.0
13 25 78.0
13 26 90.0
13 27 95.0
13 28 97.0
13 29 69.0
13 30 76.0
13 31 62.0
13 32 76.0
13 33 56.0
13 34 74.0
13 35 55.0
13 36 50.0
13 37 80.0
13 38 99.0
13 39 100.0
13 40 83.0
13 41 65.0
13 42 77.0
13 43 68.0
13 44 61.0
13 45 87.0
13 46 96.0
13 47 83.0
13 48 67.0
13 49 61.0
13 50 78.0
13 51 66.0
13 52 82.0
13 53 76.0
13 54 92.0
13 55 93.0
13 56 82.0
13 57 53.0
13 58 84.0
13 59 53.0
13 60 76.0
13 61 61.0
13 62 76.0
13 63 58.0
13 64 83.0
13 65 61.0
13 66 82.0
13 67 82.0
13 68 67.0
13 69 96.0
13 70 88.0
13 71 57.0
13 72 83.0
13 73 99.0
13 74 96.0
13 75 72.0
13 76 79.0
13 77 65.0
13 78 87.0
13 79 54.0
13 80 76.0
13 81 74.0
13 82 86.0
13 83 69.0
13 84 85.0
13 85 82.0
13 86 53.0
13 87 60.0
13 88 91.0
13 89 78.0
13 90 62.0
13 91 57.0
13 92 85.0
13 93 70.0
13 94 58.0
13 95 57.0
13 96 100.0
13 97 76.0
13 98 88.0
13 99 54.0
14 15 81.0
14 16 79.0
14 17 86.0
14 18 84.0
14 19 77.0
14 20 88.0
14 21 79.0
14 22 81.0
14 23 85.0
14 24 97.0
14 25 50.0
14 26 97.0
14 27 70.0
14 28 90.0
14 29 74.0
14 30 83.0
14 31 66.0
14 32 86.0
14 33 93.0
14 34 65.0
14 35 54.0
14 36 87.0
14 37 80.0
14 38 87.0
14 39 54.0
14 40 88.0
14 41 54.0
14 42 68.0
14 43 59.0
14 44 93.0
14 45 72.0
14 46 80.0
14 47 98.0
14 48 68.0
14 49 95.0
14 50 81.0
14 51 80.0
14 52 97.0
14 53 72.0
14 54 100.0
14 55 77.0
14 56 83.0
14 57 76.0
14 58 80.0
14 59 50.0
14 60 93.0
14 61 54.0
14 62 91.0
14 63 99.0
14 64 69.0
14 65 57.0
14 66 100.0
14 67 68.0
14 68 51.0
14 69 89.0
14 70 67.0
14 71 97.0
14 72 63.0
14 73 99.0
14 74 99.0
14 75 97.0
14 76 70.0
14 77 85.0
14 78 85.0
14 79 71.0
14 80 67.0
14 81 77.0
14 82 72.0
14 83 67.0
14 84 70.0
14 85 92.0
14 86 97.0
14 87 56.0
14 88 50.0
14 89 59.0
14 90 67.0
14 91 79.0
14 92 64.0
14 93 88.0
14 94 78.0
14 95 61.0
14 96 61.0
14 97 74.0
14 98 96.0
14 99 94.0
15 16 95.0
15 17 75.0
15 18 69.0
15 19 61.0
15 20 79.0
15 21 69.0
15 22 88.0
15 23 100.0
15 24 99.0
15 25 67.0
15 26 59.0
15 27 81.0
15 28 72.0
15 29 56.0
15 30 68.0
15 31 52.0
15 32 79.0
15 33 84.0
15 34 91.0
15 35 85.0
15 36 83.0
15 37 83.0
15 38 92.0
15 39 97.0
15 40 71.0
15 41 95.0
15 42 76.0
15 43 97.0
15 44 96.0
15 45 79.0
15 46 61.0
15 47 82.0
15 48 91.0
15 49 56.0
15 50 99.0
15 51 84.0
15 52 97.0
15 53 76.0
15 54 80.0
15 55 74.0
15 56 87.0
15 57 89.0
15 58 52.0
15 59 72.0
15 60 92.0
15 61 78.0
15 62 57.0
15 63 77.0
15 64 52.0
15 65 52.0
15 66 69.0
15 67 67.0
15 68 88.0
15 69 51.0
15 70 88.0
15 71 50.0
15 72 67.0
15 73 75.0
15 74 100.0
15 75 92.0
15 76 54.0
15 77 76.0
15 78 99.0
15 79 60.0
15 80 68.0
15 81 80.0
15 82 56.0
15 83 92.0
15 84 69.0
15 85 80.0
15 86 54.0
15 87 80.0
15 88 89.0
15 89 70.0
15 90 62.0
15 91 81.0
15 92 72.0
15 93 73.0
15 94 79.0
15 95 50.0
15 96 50.0
15 97 71.0
15 98 99.0
15 99 79.0
16 17 59.0
16 18 89.0
16 19 92.0
16 20 57.0
16 21 90.0
16 22 52.0
16 23 62.0
16 24 69.0
16 25 89.0
16 26 67.0
16 27 83.0
16 28 75.0
16 29 71.0
16 30 86.0
16 31 76.0
16 32 62.0
16 33 83.0
16 34 87.0
16 35 97.0
16 36 53.0
16 37 54.0
16 38 87.0
16 39 83.0
16 40 98.0
16 41 61.0
16 42 55.0
16 43 93.0
16 44 96.0
16 45 70.0
16 46 58.0
16 47 58.0
16 48 89.0
16 49 96.0
16 50 91.0
16 51 62.0
16 52 68.0
16 53 84.0
16 54 77.0
16 55 67.0
16 56 57.0
16 57 71.0
16 58 82.0
16 59 76.0
16 60 78.0
16 61 92.0
16 62 93.0
16 63 54.0
16 64 93.0
16 65 53.0
16 66 99.0
16 67 70.0
16 68 72.0
16 69 59.0
16 70 60.0
16 71 75.0
16 72 90.0
16 73 52.0
16 74 65.0
16 75 50.0
16 76 84.0
16 77 91.0
16 78 67.0
16 79 57.0
16 80 79.0
16 81 60.0
16 82 87.0
16 83 66.0
16 84 52.0
16 85 88.0
16 86 75.0
16 87 62.0
16 88 84.0
16 89 71.0
16 90 81.0
16 91 92.0
16 92 71.0
16 93 78.0
16 94 71.0
16 95 54.0
16 96 73.0
16 97 58.0
16 98 56.0
16 99 92.0
17 18 54.0
17 19 88.0
17 20 60.0
17 21 78.0
17 22 82.0
17 23 97.0
17 24 79.0
17 25 97.0
17 26 65.0
17 27 80.0
17 28 61.0
17 29 69.0
17 30 100.0
17 31 81.0
17 32 88.0
17 33 80.0
17 34 85.0
17 35 53.0
17 36 85.0
17 37 99.0
17 38 85.0
17 39 67.0
17 40 85.0
17 41 77.0
17 42 66.0
17 43 97.0
17 44 74.0
17 45 86.0
17 46 76.0
17 47 75.0
17 48 96.0
17 49 75.0
17 50 60.0
17 51 87.0
17 52 85.0
17 53 87.0
17 54 52.0
17 55 93.0
17 56 93.0
17 57 72.0
17 58 56.0
17 59 59.0
17 60 55.0
17 61 83.0
17 62 93.0
17 63 60.0
17 64 88.0
17 65 91.0
17 66 68.0
17 67 68.0
17 68 90.0
17 69 66.0
17 70 54.0
17 71 55.0
17 72 100.0
17 73 66.0
17 74 77.0
17 75 74.0
17 76 97.0
17 77 94.0
17 78 93.0
17 79 71.0
17 80 72.0
17 81 71.0
17 82 70.0
17 83 62.0
17 84 67.0
17 85 67.0
17 86 62.0
17 87 65.0
17 88 59.0
17 89 87.0
17 90 71.0
17 91 60.0
17 92 96.0
17 93 95.0
17 94 94.0
17 95 100.0
17 96 100.0
17 97 78.0
17 98 86.0
17 99 54.0
18 19 85.0
18 20 96.0
18 21 85.0
18 22 67.0
18 23 65.0
18 24 81.0
18 25 55.0
18 26 53.0
18 27 64.0
18 28 89.0
18 29 55.0
18 30 88.0
18 31 69.0
18 32 66.0
18 33 65.0
18 34 77.0
18 35 91.0
18 36 50.0
18 37 66.0
18 38 81.0
18 39 90.0
18 40 80.0
18 41 65.0
18 42 68.0
18 43 94.0
18 44 90.0
18 45 89.0
18 46 65.0
18 47 53.0
18 48 50.0
18 49 73.0
18 50 64.0
18 51 65.0
18 52 53.0
18 53 82.0
18 54 63.0
18 55 58.0
18 56 73.0
18 57 58.0
18 58 66.0
18 59 90.0
18 60 54.0
18 61 76.0
18 62 70.0
18 63 53.0
18 64 65.0
18 65 63.0
18 66 65.0
18 67 93.0
18 68 76.0
18 69 96.0
18 70 69.0
18 71 72.0
18 72 72.0
18 73 74.0
18 74 96.0
18 75 64.0
18 76 68.0
18 77 66.0
18 78 62.0
18 79 75.0
18 80 59.0
18 81 63.0
18 82 68.0
18 83 54.0
18 84 83.0
18 85 59.0
18 86 90.0
18 87 91.0
18 88 66.0
18 89 55.0
18 90 73.0
18 91 71.0
18 92 68.0
18 93 100.0
18 94 83.0
18 95 86.0
18 96 89.0
18 97 52.0
18 98 70.0
18 99 52.0
19 20 65.0
19 21 89.0
19 22 81.0
19 23 81.0
19 24 50.0
19 25 74.0
19 26 50.0
19 27 60.0
19 28 77.0
19 29 52.0
19 30 76.0
19 31 96.0
19 32 78.0
19 33 96.0
19 34 76.0
19 35 99.0
19 36 85.0
19 37 63.0
19 38 67.0
19 39 78.0
19 40 66.0
19 41 76.0
19 42 79.0
19 43 57.0
19 44 54.0
19 45 59.0
19 46 87.0
19 47 55.0
19 48 77.0
19 49 84.0
19 50 77.0
19 51 65.0
19 52 62.0
19 53 86.0
19 54 63.0
19 55 61.0
19 56 52.0
19 57 56.0
19 58 62.0
19 59 54.0
19 60 97.0
19 61 89.0
19 62 76.0
19 63 97.0
19 64 66.0
19 65 63.0
19 66 80.0
19 67 76.0
19 68 76.0
19 69 99.0
19 70 63.0
19 71 87.0
19 72 89.0
19 73 59.0
19 74 56.0
19 75 95.0
19 76 53.0
19 77 50.0
19 78 92.0
19 79 70.0
19 80 86.0
19 81 88.0
19 82 69.0
19 83 95.0
19 84 83.0
19 85 97.0
19 86 81.0
19 87 97.0
19 88 77.0
19 89 54.0
19 90 72.0
19 91 60.0
19 92 57.0
19 93 71.0
19 94 56.0
19 95 67.0
19 96 62.0
19 97 82.0
19 98 52.0
19 99 96.0
20 21 53.0
20 22 93.0
20 23 92.0
20 24 84.0
20 25 89.0
20 26 54.0
20 27 92.0
20 28 96.0
20 29 85.0
20 30 92.0
20 31 67.0
20 32 97.0
20 33 87.0
20 34 97.0
20 35 83.0
20 36 68.0
20 37 79.0
20 38 56.0
20 39 63.0
20 40 78.0
20 41 71.0
20 42 69.0
20 43 80.0
20 44 83.0
20 45 51.0
20 46 56.0
20 47 65.0
20 48 61.0
20 49 58.0
20 50 58.0
20 51 76.0
20 52 70.0
20 53 90.0
20 54 54.0
20 55 61.0
20 56 98.0
20 57 82.0
20 58 72.0
20 59 53.0
20 60 81.0
20 61 66.0
20 62 70.0
20 63 69.0
20 64 52.0
20 65 57.0
20 66 62.0
20 67 69.0
20 68 54.0
20 69 86.0
20 70 90.0
20 71 97.0
20 72 53.0
20 73 98.0
20 74 93.0
20 75 83.0
20 76 66.0
20 77 56.0
20 78 51.0
20 79 78.0
20 80 72.0
20 81 51.0
20 82 54.0
20 83 67.0
20 84 67.0
20 85 63.0
20 86 61.0
20 87 90.0
20 88 70.0
20 89 57.0
20 90 79.0
20 91 70.0
20 92 60.0
20 93 74.0
20 94 94.0
20 95 81.0
20 96 100.0
20 97 85.0
20 98 65.0
20 99 99.0
21 22 72.0
21 23 68.0
21 24 90.0
21 25 95.0
21 26 91.0
21 27 74.0
21 28 93.0
21 29 80.0
21 30 73.0
21 31 82.0
21 32 99.0
21 33 99.0
21 34 56.0
21 35 52.0
21 36 73.0
21 37 57.0
21 38 91.0
21 39 90.0
21 40 67.0
21 41 78.0
21 42 64.0
21 43 71.0
21 44 77.0
21 45 59.0
21 46 85.0
21 47 95.0
21 48 94.0
21 49 61.0
21 50 94.0
21 51 98.0
21 52 60.0
21 53 92.0
21 54 90.0
21 55 64.0
21 56 55.0
21 57 84.0
21 58 82.0
21 59 65.0
21 60 72.0
21 61 99.0
21 62 83.0
21 63 50.0
21 64 67.0
21 65 57.0
21 66 50.0
21 67 70.0
21 68 87.0
21 69 55.0
21 70 68.0
21 71 91.0
21 72 93.0
21 73 64.0
21 74 63.0
21 75 74.0
21 76 99.0
21 77 92.0
21 78 96.0
21 79 89.0
21 80 78.0
21 81 70.0
21 82 55.0
21 83 91.0
21 84 65.0
21 85 90.0
21 86 54.0
21 87 57.0
21 88 67.0
21 89 66.0
21 90 66.0
21 91 80.0
21 92 91.0
21 93 100.0
21 94 95.0
21 95 99.0
21 96 67.0
21 97 97.0
21 98 60.0
21 99 85.0
22 23 71.0
22 24 76.0
22 25 54.0
22 26 88.0
22 27 61.0
22 28 79.0
22 29 79.0
22 30 68.0
22 31 82.0
22 32 81.0
22 33 86.0
22 34 62.0
22 35 90.0
22 36 80.0
22 37 75.0
22 38 59.0
22 39 66.0
22 40 76.0
22 41 86.0
22 42 94.0
22 43 87.0
22 44 80.0
22 45 70.0
22 46 63.0
22 47 88.0
22 48 59.0
22 49 100.0
22 50 86.0
22 51 92.0
22 52 89.0
22 53 96.0
22 54 88.0
22 55 50.0
22 56 61.0
22 57 62.0
22 58 54.0
22 59 78.0
22 60 77.0
22 61 95.0
22 62 51.0
22 63 66.0
22 64 89.0
22 65 66.0
22 66 68.0
22 67 78.0
22 68 97.0
22 69 57.0
22 70 94.0
22 71 57.0
22 72 86.0
22 73 100.0
22 74 53.0
22 75 92.0
22 76 57.0
22 77 66.0
22 78 73.0
22 79 90.0
22 80 89.0
22 81 70.0
22 82 54.0
22 83 83.0
22 84 50.0
22 85 50.0
22 86 90.0
22 87 72.0
22 88 61.0
22 89 68.0
22 90 56.0
22 91 52.0
22 92 85.0
22 93 99.0
22 94 94.0
22 95 67.0
22 96 95.0
22 97 60.0
22 98 73.0
22 99 99.0
23 24 78.0
23 25 61.0
23 26 60.0
23 27 78.0
23 28 54.0
23 29 96.0
23 30 98.0
23 31 63.0
23 32 52.0
23 33 52.0
23 34 55.0
23 35 94.0
23 36 98.0
23 37 72.0
23 38 74.0
23 39 81.0
23 40 62.0
23 41 53.0
23 42 72.0
23 43 73.0
23 44 60.0
23 45 97.0
23 46 87.0
23 47 83.0
23 48 84.0
23 49 76.0
23 50 65.0
23 51 100.0
23 52 89.0
23 53 68.0
23 54 56.0
23 55 100.0
23 56 51.0
23 57 73.0
23 58 91.0
23 59 87.0
23 60 89.0
23 61 52.0
23 62 88.0
23 63 93.0
23 64 74.0
23 65 91.0
23 66 90.0
23 67 65.0
23 68 83.0
23 69 81.0
23 70 80.0
23 71 87.0
23 72 87.0
23 73 66.0
23 74 53.0
23 75 96.0
23 76 91.0
23 77 67.0
23 78 90.0
23 79 82.0
23 80 91.0
23 81 62.0
23 82 59.0
23 83 71.0
23 84 53.0
23 85 90.0
23 86 68.0
23 87 84.0
23 88 63.0
23 89 97.0
23 90 87.0
23 91 74.0
23 92 79.0
23 93 85.0
23 94 56.0
23 95 72.0
23 96 80.0
23 97 95.0
23 98 73.0
23 99 55.0
24 25 64.0
24 26 54.0
24 27 70.0
24 28 66.0
24 29 64.0
24 30 76.0
24 31 73.0
24 32 75.0
24 33 62.0
24 34 54.0
24 35 65.0
24 36 57.0
24 37 53.0
24 38 60.0
24 39 85.0
24 40 82.0
24 41 69.0
24 42 55.0
24 43 100.0
24 44 86.0
24 45 67.0
24 46 88.0
24 47 86.0
24 48 67.0
24 49 96.0
24 50 56.0
24 51 78.0
24 52 88.0
24 53 55.0
24 54 87.0
24 55 96.0
24 56 90.0
24 57 53.0
24 58 91.0
24 59 81.0
24 60 69.0
24 61 52.0
24 62 84.0
24 63 98.0
24 64 69.0
24 65 55.0
24 66 64.0
24 67 53.0
24 68 90.0
24 69 85.0
24 70 66.0
24 71 52.0
24 72 100.0
24 73 79.0
24 74 92.0
24 75 80.0
24 76 54.0
24 77 87.0
24 78 63.0
24 79 56.0
24 80 83.0
24 81 61.0
24 82 60.0
24 83 92.0
24 84 87.0
24 85 84.0
24 86 66.0
24 87 74.0
24 88 89.0
24 89 56.0
24 90 77.0
24 91 90.0
24 92 55.0
24 93 56.0
24 94 86.0
24 95 58.0
24 96 91.0
24 97 55.0
24 98 61.0
24 99 50.0
25 26 92.0
25 27 94.0
25 28 56.0
25 29 91.0
25 30 71.0
25 31 56.0
25 32 84.0
25 33 69.0
25 34 86.0
25 35 64.0
25 36 73.0
25 37 63.0
25 38 100.0
25 39 71.0
25 40 97.0
25 41 92.0
25 42 95.0
25 43 64.0
25 44 51.0
25 45 82.0
25 46 50.0
25 47 70.0
25 48 54.0
25 49 93.0
25 50 67.0
25 51 93.0
25 52 86.0
25 53 98.0
25 54 58.0
25 55 99.0
25 56 71.0
25 57 54.0
25 58 80.0
25 59 52.0
25 60 66.0
25 61 85.0
25 62 53.0
25 63 84.0
25 64 63.0
25 65 52.0
25 66 80.0
25 67 92.0
25 68 86.0
25 69 62.0
25 70 97.0
25 71 55.0
25 72 51.0
25 73 82.0
25 74 98.0
25 75 77.0
25 76 60.0
25 77 89.0
25 78 89.0
25 79 55.0
25 80 63.0
25 81 68.0
25 82 85.0
25 83 90.0
25 84 90.0
25 85 62.0
25 86 69.0
25 87 66.0
25 88 61.0
25 89 100.0
25 90 87.0
25 91 58.0
25 92 100.0
25 93 69.0
25 94 77.0
25 95 52.0
25 96 51.0
25 97 96.0
25 98 81.0
25 99 99.0
26 27 61.0
26 28 57.0
26 29 86.0
26 30 88.0
26 31 96.0
26 32 88.0
26 33 58.0
26 34 53.0
26 35 60.0
26 36 89.0
26 37 89.0
26 38 86.0
26 39 85.0
26 40 84.0
26 41 52.0
26 42 65.0
26 43 53.0
26 44 59.0
26 45 89.0
26 46 85.0
26 47 81.0
26 48 60.0
26 49 64.0
26 50 86.0
26 51 72.0
26 52 57.0
26 53 73.0
26 54 51.0
26 55 86.0
26 56 83.0
26 57 52.0
26 58 94.0
26 59 98.0
26 60 72.0
26 61 74.0
26 62 70.0
26 63 79.0
26 64 60.0
26 65 72.0
26 66 82.0
26 67 88.0
26 68 98.0
26 69 64.0
26 70 93.0
26 71 89.0
26 72 66.0
26 73 57.0
26 74 96.0
26 75 78.0
26 76 62.0
26 77 77.0
26 78 93.0
26 79 51.0
26 80 72.0
26 81 88.0
26 82 82.0
26 83 53.0
26 84 67.0
26 85 59.0
26 86 58.0
26 87 56.0
26 88 75.0
26 89 86.0
26 90 70.0
26 91 76.0
26 92 79.0
26 93 59.0
26 94 56.0
26 95 74.0
26 96 92.0
26 97 78.0
26 98 98.0
26 99 52.0
27 28 82.0
27 29 53.0
27 30 60.0
27 31 100.0
27 32 94.0
27 33 86.0
27 34 68.0
27 35 73.0
27 36 72.0
27 37 88.0
27 38 54.0
27 39 84.0
27 40 51.0
27 41 59.0
27 42 99.0
27 43 57.0
27 44 75.0
27 45 97.0
27 46 92.0
27 47 69.0
27 48 82.0
27 49 61.0
27 50 62.0
27 51 92.0
27 52 62.0
27 53 65.0
27 54 82.0
27 55 96.0
27 56 92.0
27 57 82.0
27 58 88.0
27 59 99.0
27 60 60.0
27 61 82.0
27 62 74.0
27 63 95.0
27 64 67.0
27 65 81.0
27 66 59.0
27 67 85.0
27 68 86.0
27 69 92.0
27 70 79.0
27 71 100.0
27 72 54.0
27 73 78.0
27 74 51.0
27 75 74.0
27 76 51.0
27 77 73.0
27 78 50.0
27 79 70.0
27 80 68.0
27 81 70.0
27 82 63.0
27 83 74.0
27 84 77.0
27 85 96.0
27 86 75.0
27 87 58.0
27 88 55.0
27 89 93.0
27 90 98.0
27 91 69.0
27 92 63.0
27 93 76.0
27 94 87.0
27 95 99.0
27 96 58.0
27 97 50.0
27 98 84.0
27 99 61.0
28 29 92.0
28 30 93.0
28 31 59.0
28 32 59.0
28 33 81.0
28 34 70.0
28 35 76.0
28 36 91.0
28 37 55.0
28 38 80.0
28 39 62.0
28 40 70.0
28 41 73.0
28 42 94.0
28 43 94.0
28 44 97.0
28 45 80.0
28 46 54.0
28 47 59.0
28 48 94.0
28 49 61.0
28 50 95.0
28 51 60.0
28 52 72.0
28 53 58.0
28 54 81.0
28 55 62.0
28 56 81.0
28 57 69.0
28 58 100.0
28 59 53.0
28 60 67.0
28 61 98.0
28 62 66.0
28 63 79.0
28 64 92.0
28 65 98.0
28 66 96.0
28 67 79.0
28 68 68.0
28 69 94.0
28 70 50.0
28 71 60.0
28 72 63.0
28 73 100.0
28 74 94.0
28 75 87.0
28 76 56.0
28 77 56.0
28 78 100.0
28 79 55.0
28 80 50.0
28 81 67.0
28 82 74.0
28 83 97.0
28 84 85.0
28 85 91.0
28 86 92.0
28 87 72.0
28 88 100.0
28 89 57.0
28 90 92.0
28 91 96.0
28 92 65.0
28 93 62.0
28 94 54.0
28 95 50.0
28 96 77.0
28 97 84.0
28 98 96.0
28 99 99.0
29 30 87.0
29 31 71.0
29 32 83.0
29 33 87.0
29 34 83.0
29 35 67.0
29 36 98.0
29 37 100.0
29 38 60.0
29 39 83.0
29 40 95.0
29 41 70.0
29 42 84.0
29 43 61.0
29 44 90.0
29 45 88.0
29 46 76.0
29 47 87.0
29 48 84.0
29 49 85.0
29 50 79.0
29 51 73.0
29 52 63.0
29 53 72.0
29 54 50.0
29 55 77.0
29 56 59.0
29 57 76.0
29 58 82.0
29 59 62.0
29 60 94.0
29 61 60.0
29 62 94.0
29 63 97.0
29 64 56.0
29 65 60.0
29 66 87.0
29 67 60.0
29 68 86.0
29 69 80.0
29 70 54.0
29 71 95.0
29 72 73.0
29 73 78.0
29 74 50.0
29 75 77.0
29 76 72.0
29 77 73.0
29 78 51.0
29 79 98.0
29 80 73.0
29 81 82.0
29 82 77.0
29 83 97.0
29 84 85.0
29 85 71.0
29 86 71.0
29 87 62.0
29 88 62.0
29 89 73.0
29 90 53.0
29 91 56.0
29 92 82.0
29 93 78.0
29 94 72.0
29 95 100.0
29 96 51.0
29 97 61.0
29 98 57.0
29 99 77.0
30 31 67.0
30 32 71.0
30 33 94.0
30 34 96.0
30 35 67.0
30 36 90.0
30 37 90.0
30 38 94.0
30 39 91.0
30 40 97.0
30 41 85.0
30 42 54.0
30 43 95.0
30 44 52.0
30 45 63.0
30 46 58.0
30 47 74.0
30 48 50.0
30 49 80.0
30 50 86.0
30 51 88.0
30 52 82.0
30 53 86.0
30 54 90.0
30 55 62.0
30 56 87.0
30 57 88.0
30 58 71.0
30 59 63.0
30 60 65.0
30 61 65.0
30 62 100.0
30 63 77.0
30 64 66.0
30 65 77.0
30 66 75.0
30 67 50.0
30 68 82.0
30 69 90.0
30 70 62.0
30 71 97.0
30 72 69.0
30 73 67.0
30 74 71.0
30 75 91.0
30 76 56.0
30 77 86.0
30 78 50.0
30 79 64.0
30 80 87.0
30 81 68.0
30 82 89.0
30 83 60.0
30 84 50.0
30 85 68.0
30 86 53.0
30 87 61.0
30 88 50.0
30 89 77.0
30 90 54.0
30 91 74.0
30 92 62.0
30 93 89.0
30 94 80.0
30 95 71.0
30 96 80.0
30 97 91.0
30 98 88.0
30 99 51.0
31 32 90.0
31 33 64.0
31 34 69.0
31 35 87.0
31 36 88.0
31 37 83.0
31 38 70.0
31 39 79.0
31 40 61.0
31 41 80.0
31 42 58.0
31 43 71.0
31 44 63.0
31 45 94.0
31 46 61.0
31 47 91.0
31 48 69.0
31 49 62.0
31 50 87.0
31 51 53.0
31 52 86.0
31 53 96.0
31 54 69.0
31 55 67.0
31 56 99.0
31 57 89.0
31 58 88.0
31 59 60.0
31 60 65.0
31 61 51.0
31 62 95.0
31 63 73.0
31 64 64.0
31 65 90.0
31 66 93.0
31 67 73.0
31 68 73.0
31 69 63.0
31 70 92.0
31 71 80.0
31 72 63.0
31 73 85.0
31 74 78.0
31 75 57.0
31 76 78.0
31 77 71.0
31 78 59.0
31 79 50.0
31 80 86.0
31 81 54.0
31 82 95.0
31 83 65.0
31 84 71.0
31 85 56.0
31 86 72.0
31 87 70.0
31 88 62.0
31 89 68.0
31 90 87.0
31 91 76.0
31 92 75.0
31 93 82.0
31 94 62.0
31 95 93.0
31 96 67.0
31 97 70.0
31 98 70.0
31 99 59.0
32 33 74.0
32 34 99.0
32 35 78.0
32 36 95.0
32 37 68.0
32 38 50.0
32 39 78.0
32 40 82.0
32 41 80.0
32 42 93.0
32 43 68.0
32 44 50.0
32 45 77.0
32 46 68.0
32 47 56.0
32 48 50.0
32 49 51.0
32 50 69.0
32 51 98.0
32 52 95.0
32 53 84.0
32 54 63.0
32 55 99.0
32 56 87.0
32 57 93.0
32 58 99.0
32 59 79.0
32 60 84.0
32 61 97.0
32 62 54.0
32 63 67.0
32 64 89.0
32 65 58.0
32 66 53.0
32 67 74.0
32 68 95.0
32 69 58.0
32 70 54.0
32 71 51.0
32 72 94.0
32 73 50.0
32 74 93.0
32 75 67.0
32 76 83.0
32 77 85.0
32 78 75.0
32 79 84.0
32 80 82.0
32 81 90.0
32 82 53.0
32 83 54.0
32 84 83.0
32 85 54.0
32 86 83.0
32 87 100.0
32 88 83.0
32 89 56.0
32 90 96.0
32 91 100.0
32 92 93.0
32 93 69.0
32 94 88.0
32 95 63.0
32 96 65.0
32 97 89.0
32 98 89.0
32 99 76.0
33 34 60.0
33 35 79.0
33 36 64.0
33 37 53.0
33 38 77.0
33 39 75.0
33 40 52.0
33 41 83.0
33 42 94.0
33 43 91.0
33 44 58.0
33 45 96.0
33 46 89.0
33 47 71.0
33 48 54.0
33 49 90.0
33 50 91.0
33 51 95.0
33 52 97.0
33 53 58.0
33 54 86.0
33 55 81.0
33 56 95.0
33 57 55.0
33 58 71.0
33 59 91.0
33 60 75.0
33 61 81.0
33 62 65.0
33 63 53.0
33 64 88.0
33 65 59.0
33 66 86.0
33 67 98.0
33 68 78.0
33 69 90.0
33 70 54.0
33 71 95.0
33 72 57.0
33 73 67.0
33 74 66.0
33 75 67.0
33 76 84.0
33 77 53.0
33 78 51.0
33 79 92.0
33 80 78.0
33 81 95.0
33 82 87.0
33 83 80.0
33 84 58.0
33 85 69.0
33 86 93.0
33 87 98.0
33 88 72.0
33 89 80.0
33 90 59.0
33 91 56.0
33 92 79.0
33 93 51.0
33 94 69.0
33 95 92.0
33 96 62.0
33 97 97.0
33 98 100.0
33 99 67.0
34 35 88.0
34 36 83.0
34 37 83.0
34 38 78.0
34 39 98.0
34 40 84.0
34 41 92.0
34 42 54.0
34 43 99.0
34 44 64.0
34 45 100.0
34 46 92.0
34 47 51.0
34 48 86.0
34 49 58.0
34 50 91.0
34 51 84.0
34 52 88.0
34 53 79.0
34 54 62.0
34 55 92.0
34 56 57.0
34 57 97.0
34 58 60.0
34 59 77.0
34 60 51.0
34 61 59.0
34 62 95.0
34 63 90.0
34 64 50.0
34 65 87.0
34 66 59.0
34 67 70.0
34 68 94.0
34 69 76.0
34 70 54.0
34 71 62.0
34 72 65.0
34 73 93.0
34 74 57.0
34 75 84.0
34 76 65.0
34 77 65.0
34 78 82.0
34 79 57.0
34 80 82.0
34 81 61.0
34 82 59.0
34 83 92.0
34 84 59.0
34 85 54.0
34 86 87.0
34 87 62.0
34 88 71.0
34 89 60.0
34 90 93.0
34 91 81.0
34 92 78.0
34 93 73.0
34 94 73.0
34 95 80.0
34 96 87.0
34 97 96.0
34 98 99.0
34 99 77.0
35 36 96.0
35 37 68.0
35 38 62.0
35 39 83.0
35 40 90.0
35 41 58.0
35 42 86.0
35 43 53.0
35 44 96.0
35 45 67.0
35 46 85.0
35 47 95.0
35 48 66.0
35 49 54.0
35 50 75.0
35 51 85.0
35 52 95.0
35 53 60.0
35 54 60.0
35 55 73.0
35 56 82.0
35 57 81.0
35 58 90.0
35 59 63.0
35 60 76.0
35 61 50.0
35 62 57.0
35 63 98.0
35 64 71.0
35 65 63.0
35 66 96.0
35 67 77.0
35 68 72.0
35 69 78.0
35 70 56.0
35 71 97.0
35 72 73.0
35 73 92.0
35 74 56.0
35 75 73.0
35 76 96.0
35 77 70.0
35 78 63.0
35 79 56.0
35 80 87.0
35 81 89.0
35 82 66.0
35 83 87.0
35 84 94.0
35 85 91.0
35 86 67.0
35 87 56.0
35 88 62.0
35 89 89.0
35 90 70.0
35 91 67.0
35 92 55.0
35 93 83.0
35 94 86.0
35 95 61.0
35 96 94.0
35 97 72.0
35 98 82.0
35 99 96.0
36 37 51.0
36 38 76.0
36 39 58.0
36 40 54.0
36 41 50.0
36 42 86.0
36 43 84.0
36 44 63.0
36 45 83.0
36 46 78.0
36 47 74.0
36 48 67.0
36 49 86.0
36 50 99.0
36 51 68.0
36 52 64.0
36 53 70.0
36 54 98.0
36 55 54.0
36 56 74.0
36 57 55.0
36 58 61.0
36 59 85.0
36 60 81.0
36 61 70.0
36 62 83.0
36 63 72.0
36 64 82.0
36 65 82.0
36 66 56.0
36 67 89.0
36 68 60.0
36 69 87.0
36 70 54.0
36 71 68.0
36 72 73.0
36 73 81.0
36 74 65.0
36 75 64.0
36 76 98.0
36 77 98.0
36 78 80.0
36 79 81.0
36 80 83.0
36 81 57.0
36 82 67.0
36 83 66.0
36 84 70.0
36 85 86.0
36 86 85.0
36 87 84.0
36 88 64.0
36 89 55.0
36 90 98.0
36 91 87.0
36 92 95.0
36 93 88.0
36 94 72.0
36 95 91.0
36 96 72.0
36 97 88.0
36 98 64.0
36 99 58.0
37 38 65.0
37 39 94.0
37 40 96.0
37 41 88.0
37 42 91.0
37 43 89.0
37 44 76.0
37 45 73.0
37 46 65.0
37 47 64.0
37 48 100.0
37 49 91.0
37 50 75.0
37 51 77.0
37 52 59.0
37 53 78.0
37 54 84.0
37 55 75.0
37 56 50.0
37 57 88.0
37 58 56.0
37 59 84.0
37 60 71.0
37 61 81.0
37 62 92.0
37 63 63.0
37 64 84.0
37 65 93.0
37 66 60.0
37 67 76.0
37 68 64.0
37 69 95.0
37 70 66.0
37 71 64.0
37 72 71.0
37 73 63.0
37 74 57.0
37 75 52.0
37 76 51.0
37 77 75.0
37 78 54.0
37 79 50.0
37 80 73.0
37 81 93.0
37 82 78.0
37 83 69.0
37 84 91.0
37 85 52.0
37 86 92.0
37 87 97.0
37 88 95.0
37 89 87.0
37 90 90.0
37 91 95.0
37 92 60.0
37 93 82.0
37 94 77.0
37 95 90.0
37 96 66.0
37 97 80.0
37 98 96.0
37 99 88.0
38 39 85.0
38 40 97.0
38 41 71.0
38 42 85.0
38 43 55.0
38 44 82.0
38 45 54.0
38 46 80.0
38 47 93.0
38 48 79.0
38 49 92.0
38 50 59.0
38 51 60.0
38 52 60.0
38 53 98.0
38 54 76.0
38 55 63.0
38 56 90.0
38 57 63.0
38 58 100.0
38 59 80.0
38 60 88.0
38 61 65.0
38 62 77.0
38 63 60.0
38 64 57.0
38 65 58.0
38 66 69.0
38 67 76.0
38 68 73.0
38 69 73.0
38 70 61.0
38 71 58.0
38 72 59.0
38 73 90.0
38 74 58.0
38 75 63.0
38 76 66.0
38 77 84.0
38 78 55.0
38 79 75.0
38 80 79.0
38 81 59.0
38 82 84.0
38 83 85.0
38 84 75.0
38 85 57.0
38 86 75.0
38 87 55.0
38 88 51.0
38 89 75.0
38 90 74.0
38 91 51.0
38 92 91.0
38 93 94.0
38 94 99.0
38 95 89.0
38 96 81.0
38 97 100.0
38 98 92.0
38 99 89.0
39 40 55.0
39 41 62.0
39 42 94.0
39 43 54.0
39 44 85.0
39 45 73.0
39 46 50.0
39 47 59.0
39 48 78.0
39 49 69.0
39 50 55.0
39 51 52.0
39 52 84.0
39 53 96.0
39 54 61.0
39 55 94.0
39 56 50.0
39 57 74.0
39 58 79.0
39 59 54.0
39 60 94.0
39 61 74.0
39 62 56.0
39 63 88.0
39 64 94.0
39 65 69.0
39 66 62.0
39 67 55.0
39 68 60.0
39 69 73.0
39 70 50.0
39 71 55.0
39 72 53.0
39 73 54.0
39 74 70.0
39 75 76.0
39 76 51.0
39 77 88.0
39 78 70.0
39 79 99.0
39 80 83.0
39 81 99.0
39 82 99.0
39 83 76.0
39 84 96.0
39 85 88.0
39 86 88.0
39 87 67.0
39 88 74.0
39 89 58.0
39 90 99.0
39 91 74.0
39 92 88.0
39 93 60.0
39 94 52.0
39 95 61.0
39 96 95.0
39 97 53.0
39 98 94.0
39 99 54.0
40 41 64.0
40 42 77.0
40 43 75.0
40 44 62.0
40 45 89.0
40 46 74.0
40 47 74.0
40 48 86.0
40 49 95.0
40 50 80.0
40 51 100.0
40 52 89.0
40 53 57.0
40 54 58.0
40 55 74.0
40 56 69.0
40 57 88.0
40 58 87.0
40 59 59.0
40 60 83.0
40 61 89.0
40 62 63.0
40 63 85.0
40 64 64.0
40 65 62.0
40 66 68.0
40 67 83.0
40 68 81.0
40 69 90.0
40 70 50.0
40 71 97.0
40 72 53.0
40 73 69.0
40 74 86.0
40 75 74.0
40 76 60.0
40 77 96.0
40 78 56.0
40 79 75.0
40 80 90.0
40 81 61.0
40 82 80.0
40 83 50.0
40 84 60.0
40 85 81.0
40 86 68.0
40 87 100.0
40 88 91.0
40 89 91.0
40 90 77.0
40 91 76.0
40 92 79.0
40 93 61.0
40 94 52.0
40 95 76.0
40 96 97.0
40 97 61.0
40 98 89.0
40 99 53.0
41 42 91.0
41 43 54.0
41 44 71.0
41 45 61.0
41 46 100.0
41 47 99.0
41 48 85.0
41 49 63.0
41 50 92.0
41 51 67.0
41 52 100.0
41 53 87.0
41 54 99.0
41 55 58.0
41 56 92.0
41 57 82.0
41 58 57.0
41 59 72.0
41 60 60.0
41 61 86.0
41 62 76.0
41 63 52.0
41 64 50.0
41 65 74.0
41 66 85.0
41 67 77.0
41 68 73.0
41 69 63.0
41 70 77.0
41 71 73.0
41 72 59.0
41 73 93.0
41 74 50.0
41 75 61.0
41 76 84.0
41 77 65.0
41 78 61.0
41 79 64.0
41 80 68.0
41 81 61.0
41 82 95.0
41 83 52.0
41 84 50.0
41 85 88.0
41 86 97.0
41 87 77.0
41 88 69.0
41 89 57.0
41 90 50.0
41 91 54.0
41 92 78.0
41 93 81.0
41 94 71.0
41 95 98.0
41 96 83.0
41 97 86.0
41 98 95.0
41 99 89.0
42 43 74.0
42 44 51.0
42 45 57.0
42 46 98.0
42 47 80.0
42 48 69.0
42 49 82.0
42 50 80.0
42 51 88.0
42 52 60.0
42 53 66.0
42 54 100.0
42 55 71.0
42 56 68.0
42 57 74.0
42 58 64.0
42 59 66.0
42 60 80.0
42 61 92.0
42 62 94.0
42 63 86.0
42 64 72.0
42 65 94.0
42 66 70.0
42 67 51.0
42 68 89.0
42 69 87.0
42 70 75.0
42 71 65.0
42 72 61.0
42 73 97.0
42 74 97.0
42 75 55.0
42 76 61.0
42 77 96.0
42 78 62.0
42 79 63.0
42 80 68.0
42 81 79.0
42 82 77.0
42 83 66.0
42 84 61.0
42 85 76.0
42 86 62.0
42 87 78.0
42 88 59.0
42 89 81.0
42 90 75.0
42 91 63.0
42 92 87.0
42 93 99.0
42 94 69.0
42 95 86.0
42 96 92.0
42 97 58.0
42 98 99.0
42 99 56.0
43 44 53.0
43 45 82.0
43 46 94.0
43 47 92.0
43 48 72.0
43 49 87.0
43 50 55.0
43 51 98.0
43 52 62.0
43 53 90.0
43 54 81.0
43 55 88.0
43 56 56.0
43 57 75.0
43 58 81.0
43 59 59.0
43 60 62.0
43 61 97.0
43 62 95.0
43 63 81.0
43 64 69.0
43 65 99.0
43 66 96.0
43 67 88.0
43 68 72.0
43 69 96.0
43 70 98.0
43 71 53.0
43 72 61.0
43 73 89.0
43 74 94.0
43 75 83.0
43 76 59.0
43 77 57.0
43 78 72.0
43 79 64.0
43 80 65.0
43 81 61.0
43 82 57.0
43 83 69.0
43 84 61.0
43 85 90.0
43 86 70.0
43 87 65.0
43 88 77.0
43 89 72.0
43 90 74.0
43 91 78.0
43 92 93.0
43 93 93.0
43 94 85.0
43 95 62.0
43 96 78.0
43 97 97.0
43 98 90.0
43 99 72.0
44 45 55.0
44 46 74.0
44 47 76.0
44 48 67.0
44 49 98.0
44 50 99.0
44 51 84.0
44 52 63.0
44 53 75.0
44 54 80.0
44 55 60.0
44 56 94.0
44 57 76.0
44 58 54.0
44 59 54.0
44 60 53.0
44 61 100.0
44 62 58.0
44 63 50.0
44 64 82.0
44 65 80.0
44 66 62.0
44 67 73.0
44 68 79.0
44 69 86.0
44 70 75.0
44 71 73.0
44 72 60.0
44 73 50.0
44 74 66.0
44 75 77.0
44 76 69.0
44 77 68.0
44 78 80.0
44 79 56.0
44 80 93.0
44 81 57.0
44 82 68.0
44 83 83.0
44 84 57.0
44 85 91.0
44 86 77.0
44 87 90.0
44 88 62.0
44 89 78.0
44 90 97.0
44 91 70.0
44 92 72.0
44 93 66.0
44 94 76.0
44 95 50.0
44 96 76.0
44 97 94.0
44 98 83.0
44 99 56.0
45 46 82.0
45 47 51.0
45 48 70.0
45 49 84.0
45 50 82.0
45 51 72.0
45 52 65.0
45 53 91.0
45 54 96.0
45 55 94.0
45 56 77.0
45 57 59.0
45 58 91.0
45 59 60.0
45 60 99.0
45 61 65.0
45 62 95.0
45 63 94.0
45 64 96.0
45 65 100.0
45 66 53.0
45 67 81.0
45 68 84.0
45 69 53.0
45 70 64.0
45 71 76.0
45 72 83.0
45 73 92.0
45 74 95.0
45 75 67.0
45 76 71.0
45 77 58.0
45 78 70.0
45 79 69.0
45 80 62.0
45 81 67.0
45 82 59.0
45 83 88.0
45 84 78.0
45 85 99.0
45 86 99.0
45 87 53.0
45 88 73.0
45 89 77.0
45 90 84.0
45 91 88.0
45 92 66.0
45 93 87.0
45 94 78.0
45 95 92.0
45 96 98.0
45 97 70.0
45 98 76.0
45 99 63.0
46 47 94.0
46 48 53.0
46 49 86.0
46 50 52.0
46 51 78.0
46 52 80.0
46 53 86.0
46 54 88.0
46 55 60.0
46 56 92.0
46 57 92.0
46 58 83.0
46 59 99.0
46 60 52.0
46 61 57.0
46 62 90.0
46 63 54.0
46 64 84.0
46 65 82.0
46 66 99.0
46 67 69.0
46 68 64.0
46 69 91.0
46 70 64.0
46 71 70.0
46 72 74.0
46 73 66.0
46 74 98.0
46 75 54.0
46 76 51.0
46 77 71.0
46 78 89.0
46 79 66.0
46 80 78.0
46 81 56.0
46 82 100.0
46 83 88.0
46 84 71.0
46 85 67.0
46 86 93.0
46 87 78.0
46 88 100.0
46 89 93.0
46 90 90.0
46 91 82.0
46 92 83.0
46 93 76.0
46 94 51.0
46 95 69.0
46 96 89.0
46 97 89.0
46 98 97.0
46 99 78.0
47 48 83.0
47 49 71.0
47 50 86.0
47 51 95.0
47 52 83.0
47 53 71.0
47 54 60.0
47 55 63.0
47 56 78.0
47 57 72.0
47 58 100.0
47 59 76.0
47 60 73.0
47 61 54.0
47 62 95.0
47 63 92.0
47 64 57.0
47 65 55.0
47 66 79.0
47 67 55.0
47 68 72.0
47 69 88.0
47 70 89.0
47 71 57.0
47 72 61.0
47 73 50.0
47 74 72.0
47 75 54.0
47 76 88.0
47 77 86.0
47 78 84.0
47 79 55.0
47 80 71.0
47 81 81.0
47 82 84.0
47 83 60.0
47 84 61.0
47 85 52.0
47 86 91.0
47 87 93.0
47 88 51.0
47 89 94.0
47 90 69.0
47 91 99.0
47 92 98.0
47 93 99.0
47 94 81.0
47 95 60.0
47 96 65.0
47 97 76.0
47 98 90.0
47 99 62.0
48 49 83.0
48 50 75.0
48 51 79.0
48 52 61.0
48 53 98.0
48 54 77.0
48 55 81.0
48 56 55.0
48 57 77.0
48 58 55.0
48 59 50.0
48 60 55.0
48 61 62.0
48 62 72.0
48 63 58.0
48 64 82.0
48 65 52.0
48 66 87.0
48 67 95.0
48 68 53.0
48 69 58.0
48 70 70.0
48 71 62.0
48 72 92.0
48 73 81.0
48 74 77.0
48 75 74.0
48 76 60.0
48 77 99.0
48 78 83.0
48 79 60.0
48 80 59.0
48 81 100.0
48 82 69.0
48 83 89.0
48 84 66.0
48 85 53.0
48 86 75.0
48 87 59.0
48 88 88.0
48 89 94.0
48 90 66.0
48 91 99.0
48 92 77.0
48 93 97.0
48 94 77.0
48 95 76.0
48 96 82.0
48 97 75.0
48 98 54.0
48 99 60.0
49 50 68.0
49 51 61.0
49 52 57.0
49 53 70.0
49 54 65.0
49 55 79.0
49 56 84.0
49 57 70.0
49 58 90.0
49 59 54.0
49 60 51.0
49 61 78.0
49 62 76.0
49 63 58.0
49 64 86.0
49 65 73.0
49 66 82.0
49 67 79.0
49 68 96.0
49 69 69.0
49 70 84.0
49 71 77.0
49 72 100.0
49 73 50.0
49 74 80.0
49 75 97.0
49 76 52.0
49 77 56.0
49 78 96.0
49 79 61.0
49 80 69.0
49 81 54.0
49 82 66.0
49 83 96.0
49 84 76.0
49 85 87.0
49 86 80.0
49 87 70.0
49 88 72.0
49 89 94.0
49 90 81.0
49 91 50.0
49 92 87.0
49 93 97.0
49 94 97.0
49 95 84.0
49 96 56.0
49 97 86.0
49 98 55.0
49 99 98.0
50 51 92.0
50 52 53.0
50 53 51.0
50 54 79.0
50 55 56.0
50 56 90.0
50 57 90.0
50 58 99.0
50 59 91.0
50 60 82.0
50 61 59.0
50 62 71.0
50 63 83.0
50 64 90.0
50 65 64.0
50 66 87.0
50 67 95.0
50 68 56.0
50 69 71.0
50 70 89.0
50 71 56.0
50 72 97.0
50 73 62.0
50 74 97.0
50 75 87.0
50 76 89.0
50 77 58.0
50 78 86.0
50 79 69.0
50 80 72.0
50 81 82.0
50 82 65.0
50 83 73.0
50 84 59.0
50 85 65.0
50 86 75.0
50 87 69.0
50 88 100.0
50 89 55.0
50 90 100.0
50 91 69.0
50 92 59.0
50 93 74.0
50 94 65.0
50 95 62.0
50 96 82.0
50 97 54.0
50 98 58.0
50 99 53.0
51 52 85.0
51 53 80.0
51 54 80.0
51 55 97.0
51 56 100.0
51 57 60.0
51 58 92.0
51 59 82.0
51 60 54.0
51 61 51.0
51 62 63.0
51 63 87.0
51 64 63.0
51 65 58.0
51 66 93.0
51 67 78.0
51 68 66.0
51 69 92.0
51 70 74.0
51 71 69.0
51 72 76.0
51 73 91.0
51 74 67.0
51 75 60.0
51 76 89.0
51 77 92.0
51 78 55.0
51 79 84.0
51 80 56.0
51 81 58.0
51 82 72.0
51 83 58.0
51 84 54.0
51 85 88.0
51 86 70.0
51 87 72.0
51 88 75.0
51 89 60.0
51 90 52.0
51 91 65.0
51 92 71.0
51 93 78.0
51 94 93.0
51 95 65.0
51 96 75.0
51 97 73.0
51 98 51.0
51 99 65.0
52 53 61.0
52 54 60.0
52 55 63.0
52 56 57.0
52 57 75.0
52 58 88.0
52 59 58.0
52 60 81.0
52 61 82.0
52 62 59.0
52 63 61.0
52 64 97.0
52 65 82.0
52 66 80.0
52 67 72.0
52 68 64.0
52 69 94.0
52 70 58.0
52 71 55.0
52 72 80.0
52 73 84.0
52 74 85.0
52 75 93.0
52 76 72.0
52 77 66.0
52 78 71.0
52 79 94.0
52 80 100.0
52 81 63.0
52 82 91.0
52 83 85.0
52 84 62.0
52 85 64.0
52 86 80.0
52 87 70.0
52 88 57.0
52 89 77.0
52 90 82.0
52 91 99.0
52 92 53.0
52 93 61.0
52 94 83.0
52 95 70.0
52 96 86.0
52 97 92.0
52 98 72.0
52 99 77.0
53 54 92.0
53 55 57.0
53 56 53.0
53 57 96.0
53 58 93.0
53 59 78.0
53 60 100.0
53 61 71.0
53 62 67.0
53 63 63.0
53 64 98.0
53 65 82.0
53 66 50.0
53 67 73.0
53 68 52.0
53 69 81.0
53 70 71.0
53 71 57.0
53 72 54.0
53 73 56.0
53 74 100.0
53 75 59.0
53 76 90.0
53 77 55.0
53 78 84.0
53 79 65.0
53 80 95.0
53 81 84.0
53 82 82.0
53 83 76.0
53 84 96.0
53 85 53.0
53 86 51.0
53 87 83.0
53 88 54.0
53 89 70.0
53 90 51.0
53 91 71.0
53 92 68.0
53 93 76.0
53 94 70.0
53 95 99.0
53 96 84.0
53 97 53.0
53 98 69.0
53 99 95.0
54 55 84.0
54 56 82.0
54 57 62.0
54 58 81.0
54 59 99.0
54 60 96.0
54 61 81.0
54 62 97.0
54 63 91.0
54 64 66.0
54 65 95.0
54 66 95.0
54 67 50.0
54 68 84.0
54 69 88.0
54 70 61.0
54 71 96.0
54 72 90.0
54 73 68.0
54 74 81.0
54 75 98.0
54 76 52.0
54 77 64.0
54 78 82.0
54 79 87.0
54 80 60.0
54 81 51.0
54 82 59.0
54 83 61.0
54 84 72.0
54 85 73.0
54 86 80.0
54 87 54.0
54 88 95.0
54 89 78.0
54 90 90.0
54 91 76.0
54 92 89.0
54 93 59.0
54 94 54.0
54 95 82.0
54 96 79.0
54 97 81.0
54 98 55.0
54 99 95.0
55 56 58.0
55 57 77.0
55 58 92.0
55 59 74.0
55 60 97.0
55 61 78.0
55 62 61.0
55 63 72.0
55 64 99.0
55 65 58.0
55 66 51.0
55 67 82.0
55 68 62.0
55 69 72.0
55 70 74.0
55 71 87.0
55 72 69.0
55 73 53.0
55 74 75.0
55 75 95.0
55 76 63.0
55 77 71.0
55 78 76.0
55 79 60.0
55 80 86.0
55 81 77.0
55 82 95.0
55 83 67.0
55 84 58.0
55 85 97.0
55 86 60.0
55 87 62.0
55 88 65.0
55 89 66.0
55 90 88.0
55 91 97.0
55 92 63.0
55 93 69.0
55 94 54.0
55 95 88.0
55 96 54.0
55 97 68.0
55 98 100.0
55 99 96.0
56 57 76.0
56 58 98.0
56 59 65.0
56 60 98.0
56 61 98.0
56 62 83.0
56 63 80.0
56 64 56.0
56 65 81.0
56 66 75.0
56 67 99.0
56 68 88.0
56 69 50.0
56 70 63.0
56 71 100.0
56 72 70.0
56 73 78.0
56 74 82.0
56 75 77.0
56 76 74.0
56 77 90.0
56 78 53.0
56 79 63.0
56 80 50.0
56 81 87.0
56 82 59.0
56 83 52.0
56 84 85.0
56 85 74.0
56 86 88.0
56 87 83.0
56 88 61.0
56 89 90.0
56 90 95.0
56 91 58.0
56 92 50.0
56 93 65.0
56 94 95.0
56 95 54.0
56 96 60.0
56 97 52.0
56 98 88.0
56 99 81.0
57 58 50.0
57 59 50.0
57 60 69.0
57 61 78.0
57 62 91.0
57 63 67.0
57 64 80.0
57 65 65.0
57 66 59.0
57 67 79.0
57 68 82.0
57 69 96.0
57 70 93.0
57 71 88.0
57 72 91.0
57 73 67.0
57 74 62.0
57 75 69.0
57 76 85.0
57 77 66.0
57 78 89.0
57 79 59.0
57 80 84.0
57 81 56.0
57 82 89.0
57 83 86.0
57 84 100.0
57 85 50.0
57 86 63.0
57 87 94.0
57 88 90.0
57 89 95.0
57 90 66.0
57 91 64.0
57 92 51.0
57 93 72.0
57 94 56.0
57 95 58.0
57 96 60.0
57 97 74.0
57 98 61.0
57 99 80.0
58 59 70.0
58 60 76.0
58 61 83.0
58 62 59.0
58 63 68.0
58 64 85.0
58 65 95.0
58 66 76.0
58 67 69.0
58 68 69.0
58 69 56.0
58 70 83.0
58 71 82.0
58 72 67.0
58 73 73.0
58 74 96.0
58 75 95.0
58 76 66.0
58 77 90.0
58 78 64.0
58 79 70.0
58 80 51.0
58 81 88.0
58 82 73.0
58 83 99.0
58 84 61.0
58 85 58.0
58 86 57.0
58 87 90.0
58 88 67.0
58 89 55.0
58 90 51.0
58 91 69.0
58 92 92.0
58 93 94.0
58 94 70.0
58 95 56.0
58 96 66.0
58 97 89.0
58 98 65.0
58 99 60.0
59 60 86.0
59 61 77.0
59 62 90.0
59 63 88.0
59 64 68.0
59 65 65.0
59 66 69.0
59 67 83.0
59 68 98.0
59 69 77.0
59 70 86.0
59 71 89.0
59 72 65.0
59 73 77.0
59 74 61.0
59 75 97.0
59 76 100.0
59 77 73.0
59 78 58.0
59 79 86.0
59 80 73.0
59 81 89.0
59 82 77.0
59 83 80.0
59 84 82.0
59 85 64.0
59 86 95.0
59 87 58.0
59 88 81.0
59 89 69.0
59 90 71.0
59 91 54.0
59 92 64.0
59 93 69.0
59 94 77.0
59 95 85.0
59 96 86.0
59 97 94.0
59 98 55.0
59 99 59.0
60 61 63.0
60 62 83.0
60 63 93.0
60 64 97.0
60 65 97.0
60 66 55.0
60 67 100.0
60 68 92.0
60 69 73.0
60 70 52.0
60 71 95.0
60 72 55.0
60 73 67.0
60 74 99.0
60 75 80.0
60 76 54.0
60 77 53.0
60 78 80.0
60 79 92.0
60 80 63.0
60 81 73.0
60 82 62.0
60 83 55.0
60 84 85.0
60 85 97.0
60 86 85.0
60 87 79.0
60 88 71.0
60 89 95.0
60 90 84.0
60 91 50.0
60 92 63.0
60 93 86.0
60 94 69.0
60 95 63.0
60 96 98.0
60 97 84.0
60 98 100.0
60 99 96.0
61 62 66.0
61 63 92.0
61 64 63.0
61 65 99.0
61 66 77.0
61 67 83.0
61 68 72.0
61 69 59.0
61 70 60.0
61 71 54.0
61 72 93.0
61 73 89.0
61 74 80.0
61 75 61.0
61 76 66.0
61 77 68.0
61 78 65.0
61 79 90.0
61 80 65.0
61 81 95.0
61 82 52.0
61 83 96.0
61 84 87.0
61 85 52.0
61 86 91.0
61 87 58.0
61 88 86.0
61 89 94.0
61 90 58.0
61 91 67.0
61 92 67.0
61 93 72.0
61 94 86.0
61 95 98.0
61 96 63.0
61 97 53.0
61 98 94.0
61 99 91.0
62 63 53.0
62 64 86.0
62 65 64.0
62 66 68.0
62 67 67.0
62 68 72.0
62 69 78.0
62 70 91.0
62 71 97.0
62 72 74.0
62 73 98.0
62 74 93.0
62 75 93.0
62 76 94.0
62 77 78.0
62 78 88.0
62 79 67.0
62 80 74.0
62 81 50.0
62 82 94.0
62 83 86.0
62 84 65.0
62 85 67.0
62 86 98.0
62 87 59.0
62 88 60.0
62 89 86.0
62 90 89.0
62 91 75.0
62 92 99.0
62 93 93.0
62 94 74.0
62 95 78.0
62 96 64.0
62 97 90.0
62 98 97.0
62 99 71.0
63 64 68.0
63 65 93.0
63 66 93.0
63 67 86.0
63 68 94.0
63 69 85.0
63 70 58.0
63 71 60.0
63 72 99.0
63 73 100.0
63 74 57.0
63 75 59.0
63 76 58.0
63 77 85.0
63 78 95.0
63 79 92.0
63 80 87.0
63 81 86.0
63 82 53.0
63 83 93.0
63 84 51.0
63 85 80.0
63 86 50.0
63 87 75.0
63 88 57.0
63 89 77.0
63 90 89.0
63 91 53.0
63 92 80.0
63 93 99.0
63 94 87.0
63 95 92.0
63 96 93.0
63 97 76.0
63 98 77.0
63 99 91.0
64 65 90.0
64 66 68.0
64 67 90.0
64 68 62.0
64 69 83.0
64 70 50.0
64 71 97.0
64 72 63.0
64 73 82.0
64 74 75.0
64 75 51.0
64 76 88.0
64 77 91.0
64 78 82.0
64 79 54.0
64 80 62.0
64 81 85.0
64 82 56.0
64 83 62.0
64 84 54.0
64 85 92.0
64 86 68.0
64 87 66.0
64 88 73.0
64 89 63.0
64 90 62.0
64 91 80.0
64 92 64.0
64 93 64.0
64 94 88.0
64 95 57.0
64 96 76.0
64 97 86.0
64 98 84.0
64 99 96.0
65 66 81.0
65 67 63.0
65 68 63.0
65 69 65.0
65 70 89.0
65 71 88.0
65 72 93.0
65 73 78.0
65 74 68.0
65 75 50.0
65 76 76.0
65 77 81.0
65 78 84.0
65 79 70.0
65 80 97.0
65 81 80.0
65 82 98.0
65 83 100.0
65 84 55.0
65 85 56.0
65 86 50.0
65 87 62.0
65 88 57.0
65 89 95.0
65 90 86.0
65 91 77.0
65 92 74.0
65 93 100.0
65 94 78.0
65 95 67.0
65 96 97.0
65 97 67.0
65 98 75.0
65 99 87.0
66 67 89.0
66 68 50.0
66 69 96.0
66 70 100.0
66 71 85.0
66 72 83.0
66 73 87.0
66 74 76.0
66 75 87.0
66 76 56.0
66 77 99.0
66 78 67.0
66 79 84.0
66 80 71.0
66 81 76.0
66 82 73.0
66 83 75.0
66 84 91.0
66 85 85.0
66 86 58.0
66 87 51.0
66 88 60.0
66 89 60.0
66 90 71.0
66 91 67.0
66 92 88.0
66 93 76.0
66 94 82.0
66 95 58.0
66 96 56.0
66 97 69.0
66 98 76.0
66 99 77.0
67 68 99.0
67 69 51.0
67 70 91.0
67 71 54.0
67 72 55.0
67 73 86.0
67 74 83.0
67 75 55.0
67 76 96.0
67 77 63.0
67 78 86.0
67 79 76.0
67 80 53.0
67 81 64.0
67 82 68.0
67 83 59.0
67 84 77.0
67 85 71.0
67 86 95.0
67 87 74.0
67 88 85.0
67 89 56.0
67 90 66.0
67 91 100.0
67 92 89.0
67 93 59.0
67 94 69.0
67 95 86.0
67 96 69.0
67 97 64.0
67 98 82.0
67 99 85.0
68 69 66.0
68 70 89.0
68 71 98.0
68 72 99.0
68 73 86.0
68 74 100.0
68 75 63.0
68 76 85.0
68 77 64.0
68 78 82.0
68 79 82.0
68 80 56.0
68 81 77.0
68 82 73.0
68 83 83.0
68 84 67.0
68 85 95.0
68 86 99.0
68 87 64.0
68 88 88.0
68 89 93.0
68 90 69.0
68 91 80.0
68 92 82.0
68 93 52.0
68 94 60.0
68 95 99.0
68 96 94.0
68 97 82.0
68 98 80.0
68 99 94.0
69 70 96.0
69 71 96.0
69 72 74.0
69 73 94.0
69 74 94.0
69 75 65.0
69 76 89.0
69 77 86.0
69 78 76.0
69 79 76.0
69 80 88.0
69 81 51.0
69 82 92.0
69 83 74.0
69 84 78.0
69 85 81.0
69 86 84.0
69 87 98.0
69 88 83.0
69 89 65.0
69 90 76.0
69 91 64.0
69 92 71.0
69 93 93.0
69 94 73.0
69 95 59.0
69 96 84.0
69 97 53.0
69 98 71.0
69 99 54.0
70 71 62.0
70 72 73.0
70 73 91.0
70 74 90.0
70 75 83.0
70 76 97.0
70 77 90.0
70 78 81.0
70 79 77.0
70 80 79.0
70 81 97.0
70 82 73.0
70 83 68.0
70 84 50.0
70 85 90.0
70 86 63.0
70 87 85.0
70 88 65.0
70 89 78.0
70 90 65.0
70 91 68.0
70 92 93.0
70 93 57.0
70 94 72.0
70 95 67.0
70 96 75.0
70 97 69.0
70 98 94.0
70 99 94.0
71 72 83.0
71 73 60.0
71 74 79.0
71 75 76.0
71 76 52.0
71 77 54.0
71 78 52.0
71 79 82.0
71 80 78.0
71 81 72.0
71 82 71.0
71 83 63.0
71 84 70.0
71 85 59.0
71 86 52.0
71 87 72.0
71 88 55.0
71 89 91.0
71 90 79.0
71 91 97.0
71 92 75.0
71 93 53.0
71 94 62.0
71 95 89.0
71 96 95.0
71 97 64.0
71 98 85.0
71 99 68.0
72 73 76.0
72 74 56.0
72 75 75.0
72 76 50.0
72 77 87.0
72 78 83.0
72 79 93.0
72 80 55.0
72 81 51.0
72 82 89.0
72 83 87.0
72 84 71.0
72 85 64.0
72 86 56.0
72 87 59.0
72 88 90.0
72 89 94.0
72 90 78.0
72 91 74.0
72 92 59.0
72 93 60.0
72 94 90.0
72 95 58.0
72 96 95.0
72 97 86.0
72 98 54.0
72 99 95.0
73 74 71.0
73 75 95.0
73 76 100.0
73 77 62.0
73 78 84.0
73 79 83.0
73 80 77.0
73 81 86.0
73 82 61.0
73 83 54.0
73 84 66.0
73 85 91.0
73 86 59.0
73 87 68.0
73 88 55.0
73 89 73.0
73 90 79.0
73 91 85.0
73 92 89.0
73 93 80.0
73 94 88.0
73 95 68.0
73 96 52.0
73 97 57.0
73 98 71.0
73 99 75.0
74 75 68.0
74 76 93.0
74 77 90.0
74 78 52.0
74 79 71.0
74 80 77.0
74 81 77.0
74 82 67.0
74 83 79.0
74 84 94.0
74 85 63.0
74 86 92.0
74 87 69.0
74 88 52.0
74 89 75.0
74 90 84.0
74 91 91.0
74 92 100.0
74 93 62.0
74 94 77.0
74 95 51.0
74 96 60.0
74 97 95.0
74 98 82.0
74 99 88.0
75 76 64.0
75 77 96.0
75 78 69.0
75 79 61.0
75 80 67.0
75 81 79.0
75 82 99.0
75 83 87.0
75 84 98.0
75 85 64.0
75 86 82.0
75 87 93.0
75 88 69.0
75 89 80.0
75 90 90.0
75 91 83.0
75 92 54.0
75 93 88.0
75 94 100.0
75 95 66.0
75 96 56.0
75 97 62.0
75 98 100.0
75 99 93.0
76 77 85.0
76 78 80.0
76 79 53.0
76 80 92.0
76 81 73.0
76 82 57.0
76 83 79.0
76 84 74.0
76 85 64.0
76 86 93.0
76 87 79.0
76 88 95.0
76 89 84.0
76 90 83.0
76 91 86.0
76 92 91.0
76 93 89.0
76 94 61.0
76 95 80.0
76 96 92.0
76 97 52.0
76 98 85.0
76 99 75.0
77 78 66.0
77 79 74.0
77 80 72.0
77 81 95.0
77 82 87.0
77 83 73.0
77 84 100.0
77 85 55.0
77 86 79.0
77 87 67.0
77 88 71.0
77 89 93.0
77 90 72.0
77 91 65.0
77 92 74.0
77 93 80.0
77 94 96.0
77 95 81.0
77 96 66.0
77 97 76.0
77 98 89.0
77 99 65.0
78 79 71.0
78 80 88.0
78 81 59.0
78 82 57.0
78 83 65.0
78 84 93.0
78 85 56.0
78 86 68.0
78 87 84.0
78 88 68.0
78 89 99.0
78 90 57.0
78 91 55.0
78 92 59.0
78 93 73.0
78 94 52.0
78 95 54.0
78 96 89.0
78 97 55.0
78 98 66.0
78 99 81.0
79 80 86.0
79 81 95.0
79 82 93.0
79 83 75.0
79 84 96.0
79 85 82.0
79 86 60.0
79 87 77.0
79 88 97.0
79 89 55.0
79 90 96.0
79 91 97.0
79 92 72.0
79 93 94.0
79 94 54.0
79 95 100.0
79 96 50.0
79 97 64.0
79 98 56.0
79 99 54.0
80 81 56.0
80 82 63.0
80 83 57.0
80 84 96.0
80 85 95.0
80 86 62.0
80 87 68.0
80 88 53.0
80 89 57.0
80 90 96.0
80 91 87.0
80 92 91.0
80 93 77.0
80 94 61.0
80 95 66.0
80 96 96.0
80 97 63.0
80 98 100.0
80 99 50.0
81 82 61.0
81 83 99.0
81 84 63.0
81 85 90.0
81 86 83.0
81 87 77.0
81 88 79.0
81 89 81.0
81 90 96.0
81 91 68.0
81 92 77.0
81 93 70.0
81 94 68.0
81 95 50.0
81 96 70.0
81 97 89.0
81 98 98.0
81 99 98.0
82 83 51.0
82 84 83.0
82 85 53.0
82 86 95.0
82 87 83.0
82 88 76.0
82 89 65.0
82 90 80.0
82 91 94.0
82 92 68.0
82 93 74.0
82 94 62.0
82 95 63.0
82 96 89.0
82 97 75.0
82 98 89.0
82 99 59.0
83 84 100.0
83 85 90.0
83 86 52.0
83 87 57.0
83 88 88.0
83 89 54.0
83 90 73.0
83 91 88.0
83 92 73.0
83 93 87.0
83 94 86.0
83 95 71.0
83 96 77.0
83 97 61.0
83 98 65.0
83 99 57.0
84 85 66.0
84 86 70.0
84 87 57.0
84 88 51.0
84 89 98.0
84 90 98.0
84 91 68.0
84 92 92.0
84 93 97.0
84 94 71.0
84 95 67.0
84 96 67.0
84 97 78.0
84 98 73.0
84 99 74.0
85 86 96.0
85 87 90.0
85 88 50.0
85 89 89.0
85 90 52.0
85 91 95.0
85 92 74.0
85 93 63.0
85 94 61.0
85 95 86.0
85 96 77.0
85 97 84.0
85 98 60.0
85 99 59.0
86 87 93.0
86 88 52.0
86 89 65.0
86 90 67.0
86 91 75.0
86 92 68.0
86 93 86.0
86 94 63.0
86 95 59.0
86 96 75.0
86 97 83.0
86 98 51.0
86 99 61.0
87 88 84.0
87 89 50.0
87 90 79.0
87 91 62.0
87 92 63.0
87 93 69.0
87 94 69.0
87 95 53.0
87 96 100.0
87 97 71.0
87 98 58.0
87 99 78.0
88 89 63.0
88 90 65.0
88 91 89.0
88 92 62.0
88 93 63.0
88 94 54.0
88 95 69.0
88 96 99.0
88 97 61.0
88 98 61.0
88 99 72.0
89 90 64.0
89 91 68.0
89 92 77.0
89 93 91.0
89 94 95.0
89 95 100.0
89 96 54.0
89 97 99.0
89 98 64.0
89 99 63.0
90 91 61.0
90 92 56.0
90 93 88.0
90 94 82.0
90 95 71.0
90 96 71.0
90 97 74.0
90 98 50.0
90 99 72.0
91 92 76.0
91 93 72.0
91 94 66.0
91 95 79.0
91 96 52.0
91 97 56.0
91 98 67.0
91 99 93.0
92 93 73.0
92 94 96.0
92 95 72.0
92 96 72.0
92 97 65.0
92 98 65.0
92 99 66.0
93 94 96.0
93 95 77.0
93 96 89.0
93 97 92.0
93 98 86.0
93 99 74.0
94 95 77.0
94 96 80.0
94 97 95.0
94 98 87.0
94 99 61.0
95 96 89.0
95 97 94.0
95 98 53.0
95 99 55.0
96 97 55.0
96 98 73.0
96 99 58.0
97 98 91.0
97 99 50.0
98 99 79.0
