100
0 1 78.0
0 2 100.0
0 3 78.0
0 4 60.0
0 5 89.0
0 6 99.0
0 7 51.0
0 8 70.0
0 9 71.0
0 10 53.0
0 11 97.0
0 12 52.0
0 13 77.0
0 14 87.0
0 15 59.0
0 16 98.0
0 17 100.0
0 18 98.0
0 19 89.0
0 20 99.0
0 21 64.0
0 22 84.0
0 23 97.0
0 24 50.0
0 25 82.0
0 26 84.0
0 27 75.0
0 28 61.0
0 29 82.0
0 30 76.0
0 31 89.0
0 32 84.0
0 33 59.0
0 34 88.0
0 35 81.0
0 36 73.0
0 37 59.0
0 38 77.0
0 39 84.0
0 40 82.0
0 41 91.0
0 42 88.0
0 43 64.0
0 44 51.0
0 45 72.0
0 46 88.0
0 47 60.0
0 48 56.0
0 49 82.0
0 50 56.0
0 51 92.0
0 52 87.0
0 53 74.0
0 54 94.0
0 55 53.0
0 56 62.0
0 57 72.0
0 58 52.0
0 59 61.0
0 60 77.0
0 61 94.0
0 62 69.0
0 63 54.0
0 64 92.0
0 65 54.0
0 66 62.0
0 67 83.0
0 68 77.0
0 69 94.0
0 70 80.0
0 71 64.0
0 72 100.0
0 73 89.0
0 74 91.0
0 75 51.0
0 76 92.0
0 77 85.0
0 78 56.0
0 79 58.0
0 80 57.0
0 81 80.0
0 82 61.0
0 83 83.0
0 84 52.0
0 85 51.0
0 86 84.0
0 87 90.0
0 88 95.0
0 89 63.0
0 90 77.0
0 91 54.0
0 92 70.0
0 93 52.0
0 94 72.0
0 95 94.0
0 96 80.0
0 97 53.0
0 98 63.0
0 99 97.0
1 2 90.0
1 3 63.0
1 4 72.0
1 5 64.0
1 6 83.0
1 7 53.0
1 8 51.0
1 9 51.0
1 10 86.0
1 11 80.0
1 12 97.0
1 13 51.0
1 14 53.0
1 15 91.0
1 16 56.0
1 17 62.0
1 18 80.0
1 19 93.0
1 20 89.0
1 21 82.0
1 22 93.0
1 23 57.0
1 24 95.0
1 25 77.0
1 26 97.0
1 27 63.0
1 28 74.0
1 29 81.0
1 30 68.0
1 31 82.0
1 32 82.0
1 33 65.0
1 34 56.0
1 35 63.0
1 36 51.0
1 37 57.0
1 38 55.0
1 39 79.0
1 40 90.0
1 41 56.0
1 42 64.0
1 43 63.0
1 44 51.0
1 45 54.0
1 46 66.0
1 47 58.0
1 48 74.0
1 49 50.0
1 50 84.0
1 51 80.0
1 52 87.0
1 53 71.0
1 54 80.0
1 55 62.0
1 56 76.0
1 57 66.0
1 58 100.0
1 59 94.0
1 60 79.0
1 61 98.0
1 62 61.0
1 63 97.0
1 64 79.0
1 65 76.0
1 66 59.0
1 67 79.0
1 68 64.0
1 69 66.0
1 70 91.0
1 71 59.0
1 72 63.0
1 73 73.0
1 74 98.0
1 75 93.0
1 76 86.0
1 77 67.0
1 78 92.0
1 79 69.0
1 80 65.0
1 81 73.0
1 82 88.0
1 83 80.0
1 84 96.0
1 85 59.0
1 86 81.0
1 87 76.0
1 88 63.0
1 89 51.0
1 90 51.0
1 91 50.0
1 92 52.0
1 93 79.0
1 94 68.0
1 95 80.0
1 96 77.0
1 97 93.0
1 98 89.0
1 99 68.0
2 3 53.0
2 4 82.0
2 5 93.0
2 6 63.0
2 7 70.0
2 8 68.0
2 9 77.0
2 10 96.0
2 11 78.0
2 12 96.0
2 13 93.0
2 14 99.0
2 15 95.0
2 16 50.0
2 17 99.0
2 18 52.0
2 19 96.0
2 20 83.0
2 21 59.0
2 22 61.0
2 23 69.0
2 24 100.0
2 25 95.0
2 26 65.0
2 27 93.0
2 28 71.0
2 29 81.0
2 30 73.0
2 31 50.0
2 32 61.0
2 33 62.0
2 34 78.0
2 35 79.0
2 36 70.0
2 37 96.0
2 38 69.0
2 39 59.0
2 40 73.0
2 41 60.0
2 42 93.0
2 43 77.0
2 44 55.0
2 45 58.0
2 46 84.0
2 47 56.0
2 48 59.0
2 49 91.0
2 50 68.0
2 51 100.0
2 52 73.0
2 53 68.0
2 54 66.0
2 55 99.0
2 56 57.0
2 57 75.0
2 58 59.0
2 59 71.0
2 60 71.0
2 61 74.0
2 62 54.0
2 63 55.0
2 64 72.0
2 65 92.0
2 66 58.0
2 67 90.0
2 68 91.0
2 69 95.0
2 70 86.0
2 71 62.0
2 72 51.0
2 73 99.0
2 74 98.0
2 75 74.0
2 76 54.0
2 77 69.0
2 78 66.0
2 79 52.0
2 80 52.0
2 81 65.0
2 82 52.0
2 83 95.0
2 84 99.0
2 85 94.0
2 86 50.0
2 87 87.0
2 88 52.0
2 89 62.0
2 90 56.0
2 91 71.0
2 92 70.0
2 93 77.0
2 94 88.0
2 95 67.0
2 96 67.0
2 97 87.0
2 98 55.0
2 99 57.0
3 4 67.0
3 5 60.0
3 6 82.0
3 7 72.0
3 8 77.0
3 9 75.0
3 10 52.0
3 11 94.0
3 12 86.0
3 13 99.0
3 14 66.0
3 15 60.0
3 16 96.0
3 17 98.0
3 18 79.0
3 19 96.0
3 20 70.0
3 21 64.0
3 22 94.0
3 23 86.0
3 24 91.0
3 25 87.0
3 26 69.0
3 27 92.0
3 28 62.0
3 29 82.0
3 30 65.0
3 31 56.0
3 32 89.0
3 33 86.0
3 34 56.0
3 35 75.0
3 36 81.0
3 37 80.0
3 38 51.0
3 39 50.0
3 40 68.0
3 41 54.0
3 42 63.0
3 43 81.0
3 44 98.0
3 45 56.0
3 46 80.0
3 47 100.0
3 48 61.0
3 49 81.0
3 50 74.0
3 51 93.0
3 52 52.0
3 53 96.0
3 54 52.0
3 55 89.0
3 56 69.0
3 57 76.0
3 58 85.0
3 59 55.0
3 60 85.0
3 61 73.0
3 62 99.0
3 63 67.0
3 64 98.0
3 65 77.0
3 66 86.0
3 67 68.0
3 68 71.0
3 69 74.0
3 70 89.0
3 71 63.0
3 72 93.0
3 73 91.0
3 74 96.0
3 75 82.0
3 76 95.0
3 77 91.0
3 78 81.0
3 79 99.0
3 80 100.0
3 81 79.0
3 82 74.0
3 83 64.0
3 84 58.0
3 85 50.0
3 86 73.0
3 87 76.0
3 88 60.0
3 89 95.0
3 90 50.0
3 91 73.0
3 92 57.0
3 93 77.0
3 94 91.0
3 95 86.0
3 96 63.0
3 97 66.0
3 98 81.0
3 99 82.0
4 5 88.0
4 6 78.0
4 7 75.0
4 8 59.0
4 9 73.0
4 10 97.0
4 11 96.0
4 12 82.0
4 13 71.0
4 14 52.0
4 15 59.0
4 16 96.0
4 17 54.0
4 18 86.0
4 19 78.0
4 20 92.0
4 21 59.0
4 22 71.0
4 23 57.0
4 24 59.0
4 25 56.0
4 26 64.0
4 27 59.0
4 28 96.0
4 29 64.0
4 30 77.0
4 31 98.0
4 32 71.0
4 33 50.0
4 34 62.0
4 35 91.0
4 36 90.0
4 37 98.0
4 38 93.0
4 39 69.0
4 40 81.0
4 41 81.0
4 42 74.0
4 43 94.0
4 44 87.0
4 45 53.0
4 46 71.0
4 47 59.0
4 48 65.0
4 49 65.0
4 50 88.0
4 51 94.0
4 52 98.0
4 53 91.0
4 54 94.0
4 55 59.0
4 56 84.0
4 57 58.0
4 58 60.0
4 59 50.0
4 60 69.0
4 61 99.0
4 62 94.0
4 63 87.0
4 64 55.0
4 65 100.0
4 66 61.0
4 67 55.0
4 68 88.0
4 69 65.0
4 70 70.0
4 71 90.0
4 72 66.0
4 73 98.0
4 74 53.0
4 75 65.0
4 76 90.0
4 77 63.0
4 78 67.0
4 79 65.0
4 80 95.0
4 81 60.0
4 82 52.0
4 83 84.0
4 84 74.0
4 85 85.0
4 86 79.0
4 87 83.0
4 88 89.0
4 89 84.0
4 90 95.0
4 91 100.0
4 92 77.0
4 93 70.0
4 94 93.0
4 95 87.0
4 96 75.0
4 97 75.0
4 98 68.0
4 99 61.0
5 6 63.0
5 7 64.0
5 8 50.0
5 9 55.0
5 10 60.0
5 11 97.0
5 12 93.0
5 13 66.0
5 14 84.0
5 15 50.0
5 16 54.0
5 17 89.0
5 18 72.0
5 19 60.0
5 20 61.0
5 21 97.0
5 22 56.0
5 23 97.0
5 24 86.0
5 25 82.0
5 26 95.0
5 27 92.0
5 28 92.0
5 29 95.0
5 30 89.0
5 31 67.0
5 32 99.0
5 33 59.0
5 34 96.0
5 35 82.0
5 36 71.0
5 37 96.0
5 38 92.0
5 39 92.0
5 40 62.0
5 41 55.0
5 42 70.0
5 43 81.0
5 44 62.0
5 45 55.0
5 46 80.0
5 47 69.0
5 48 73.0
5 49 82.0
5 50 66.0
5 51 72.0
5 52 50.0
5 53 88.0
5 54 83.0
5 55 76.0
5 56 57.0
5 57 70.0
5 58 52.0
5 59 66.0
5 60 78.0
5 61 88.0
5 62 62.0
5 63 95.0
5 64 63.0
5 65 64.0
5 66 99.0
5 67 90.0
5 68 80.0
5 69 86.0
5 70 79.0
5 71 82.0
5 72 59.0
5 73 63.0
5 74 77.0
5 75 62.0
5 76 69.0
5 77 89.0
5 78 69.0
5 79 97.0
5 80 65.0
5 81 52.0
5 82 97.0
5 83 72.0
5 84 72.0
5 85 88.0
5 86 58.0
5 87 60.0
5 88 99.0
5 89 50.0
5 90 72.0
5 91 82.0
5 92 67.0
5 93 81.0
5 94 88.0
5 95 85.0
5 96 64.0
5 97 92.0
5 98 60.0
5 99 59.0
6 7 86.0
6 8 53.0
6 9 77.0
6 10 82.0
6 11 82.0
6 12 52.0
6 13 65.0
6 14 63.0
6 15 85.0
6 16 79.0
6 17 52.0
6 18 69.0
6 19 61.0
6 20 51.0
6 21 96.0
6 22 53.0
6 23 65.0
6 24 92.0
6 25 68.0
6 26 69.0
6 27 94.0
6 28 59.0
6 29 54.0
6 30 70.0
6 31 86.0
6 32 69.0
6 33 81.0
6 34 56.0
6 35 64.0
6 36 93.0
6 37 56.0
6 38 77.0
6 39 94.0
6 40 85.0
6 41 74.0
6 42 66.0
6 43 66.0
6 44 51.0
6 45 77.0
6 46 77.0
6 47 85.0
6 48 78.0
6 49 77.0
6 50 66.0
6 51 100.0
6 52 84.0
6 53 84.0
6 54 85.0
6 55 91.0
6 56 92.0
6 57 52.0
6 58 89.0
6 59 60.0
6 60 75.0
6 61 56.0
6 62 93.0
6 63 67.0
6 64 50.0
6 65 64.0
6 66 52.0
6 67 92.0
6 68 76.0
6 69 56.0
6 70 53.0
6 71 89.0
6 72 90.0
6 73 84.0
6 74 66.0
6 75 90.0
6 76 82.0
6 77 52.0
6 78 59.0
6 79 77.0
6 80 91.0
6 81 90.0
6 82 57.0
6 83 60.0
6 84 59.0
6 85 92.0
6 86 62.0
6 87 50.0
6 88 60.0
6 89 82.0
6 90 56.0
6 91 97.0
6 92 72.0
6 93 92.0
6 94 64.0
6 95 75.0
6 96 69.0
6 97 79.0
6 98 98.0
6 99 86.0
7 8 72.0
7 9 74.0
7 10 94.0
7 11 67.0
7 12 100.0
7 13 81.0
7 14 95.0
7 15 83.0
7 16 58.0
7 17 58.0
7 18 85.0
7 19 91.0
7 20 94.0
7 21 82.0
7 22 69.0
7 23 90.0
7 24 95.0
7 25 61.0
7 26 94.0
7 27 55.0
7 28 75.0
7 29 66.0
7 30 97.0
7 31 97.0
7 32 60.0
7 33 83.0
7 34 62.0
7 35 63.0
7 36 92.0
7 37 84.0
7 38 87.0
7 39 67.0
7 40 50.0
7 41 55.0
7 42 86.0
7 43 87.0
7 44 83.0
7 45 87.0
7 46 83.0
7 47 89.0
7 48 70.0
7 49 72.0
7 50 62.0
7 51 67.0
7 52 65.0
7 53 99.0
7 54 79.0
7 55 53.0
7 56 90.0
7 57 78.0
7 58 80.0
7 59 67.0
7 60 61.0
7 61 60.0
7 62 87.0
7 63 97.0
7 64 73.0
7 65 92.0
7 66 61.0
7 67 63.0
7 68 81.0
7 69 77.0
7 70 94.0
7 71 91.0
7 72 68.0
7 73 73.0
7 74 66.0
7 75 59.0
7 76 96.0
7 77 82.0
7 78 53.0
7 79 86.0
7 80 76.0
7 81 89.0
7 82 86.0
7 83 71.0
7 84 83.0
7 85 81.0
7 86 56.0
7 87 57.0
7 88 61.0
7 89 78.0
7 90 74.0
7 91 95.0
7 92 97.0
7 93 65.0
7 94 94.0
7 95 95.0
7 96 62.0
7 97 66.0
7 98 96.0
7 99 62.0
8 9 94.0
8 10 67.0
8 11 52.0
8 12 77.0
8 13 100.0
8 14 87.0
8 15 91.0
8 16 72.0
8 17 97.0
8 18 81.0
8 19 92.0
8 20 72.0
8 21 82.0
8 22 80.0
8 23 100.0
8 24 84.0
8 25 68.0
8 26 81.0
8 27 77.0
8 28 81.0
8 29 95.0
8 30 85.0
8 31 93.0
8 32 89.0
8 33 60.0
8 34 61.0
8 35 87.0
8 36 80.0
8 37 92.0
8 38 59.0
8 39 55.0
8 40 60.0
8 41 97.0
8 42 81.0
8 43 95.0
8 44 54.0
8 45 50.0
8 46 100.0
8 47 97.0
8 48 92.0
8 49 59.0
8 50 100.0
8 51 81.0
8 52 81.0
8 53 51.0
8 54 80.0
8 55 68.0
8 56 51.0
8 57 66.0
8 58 56.0
8 59 99.0
8 60 65.0
8 61 99.0
8 62 52.0
8 63 50.0
8 64 86.0
8 65 78.0
8 66 95.0
8 67 81.0
8 68 56.0
8 69 70.0
8 70 60.0
8 71 58.0
8 72 78.0
8 73 69.0
8 74 77.0
8 75 81.0
8 76 50.0
8 77 76.0
8 78 90.0
8 79 62.0
8 80 71.0
8 81 89.0
8 82 72.0
8 83 91.0
8 84 50.0
8 85 83.0
8 86 89.0
8 87 57.0
8 88 50.0
8 89 78.0
8 90 68.0
8 91 61.0
8 92 75.0
8 93 60.0
8 94 78.0
8 95 77.0
8 96 84.0
8 97 70.0
8 98 78.0
8 99 77.0
9 10 79.0
9 11 72.0
9 12 50.0
9 13 53.0
9 14 69.0
9 15 60.0
9 16 73.0
9 17 89.0
9 18 66.0
9 19 82.0
9 20 68.0
9 21 50.0
9 22 73.0
9 23 86.0
9 24 65.0
9 25 79.0
9 26 88.0
9 27 92.0
9 28 87.0
9 29 86.0
9 30 88.0
9 31 100.0
9 32 99.0
9 33 81.0
9 34 81.0
9 35 54.0
9 36 80.0
9 37 54.0
9 38 87.0
9 39 61.0
9 40 74.0
9 41 98.0
9 42 51.0
9 43 52.0
9 44 76.0
9 45 53.0
9 46 91.0
9 47 69.0
9 48 93.0
9 49 64.0
9 50 59.0
9 51 58.0
9 52 70.0
9 53 73.0
9 54 66.0
9 55 71.0
9 56 72.0
9 57 56.0
9 58 81.0
9 59 99.0
9 60 87.0
9 61 97.0
9 62 80.0
9 63 90.0
9 64 75.0
9 65 98.0
9 66 99.0
9 67 94.0
9 68 65.0
9 69 52.0
9 70 80.0
9 71 66.0
9 72 65.0
9 73 64.0
9 74 97.0
9 75 78.0
9 76 63.0
9 77 72.0
9 78 94.0
9 79 77.0
9 80 65.0
9 81 86.0
9 82 78.0
9 83 94.0
9 84 81.0
9 85 90.0
9 86 81.0
9 87 96.0
9 88 94.0
9 89 68.0
9 90 100.0
9 91 86.0
9 92 100.0
9 93 77.0
9 94 99.0
9 95 70.0
9 96 50.0
9 97 96.0
9 98 68.0
9 99 68.0
10 11 65.0
10 12 82.0
10 13 56.0
10 14 66.0
10 15 70.0
10 16 82.0
10 17 59.0
10 18 98.0
10 19 56.0
10 20 85.0
10 21 82.0
10 22 92.0
10 23 85.0
10 24 93.0
10 25 76.0
10 26 96.0
10 27 56.0
10 28 63.0
10 29 53.0
10 30 83.0
10 31 81.0
10 32 72.0
10 33 57.0
10 34 84.0
10 35 87.0
10 36 85.0
10 37 98.0
10 38 51.0
10 39 100.0
10 40 60.0
10 41 65.0
10 42 70.0
10 43 84.0
10 44 76.0
10 45 89.0
10 46 93.0
10 47 69.0
10 48 57.0
10 49 54.0
10 50 57.0
10 51 68.0
10 52 58.0
10 53 81.0
10 54 60.0
10 55 77.0
10 56 70.0
10 57 65.0
10 58 67.0
10 59 59.0
10 60 50.0
10 61 93.0
10 62 81.0
10 63 64.0
10 64 88.0
10 65 99.0
10 66 95.0
10 67 100.0
10 68 56.0
10 69 82.0
10 70 73.0
10 71 99.0
10 72 76.0
10 73 84.0
10 74 83.0
10 75 66.0
10 76 67.0
10 77 82.0
10 78 64.0
10 79 84.0
10 80 79.0
10 81 52.0
10 82 76.0
10 83 81.0
10 84 66.0
10 85 81.0
10 86 84.0
10 87 99.0
10 88 54.0
10 89 62.0
10 90 96.0
10 91 75.0
10 92 97.0
10 93 84.0
10 94 60.0
10 95 68.0
10 96 65.0
10 97 82.0
10 98 68.0
10 99 60.0
11 12 82.0
11 13 77.0
11 14 82.0
11 15 57.0
11 16 57.0
11 17 93.0
11 18 86.0
11 19 100.0
11 20 54.0
11 21 79.0
11 22 63.0
11 23 88.0
11 24 76.0
11 25 56.0
11 26 65.0
11 27 88.0
11 28 100.0
11 29 66.0
11 30 79.0
11 31 72.0
11 32 67.0
11 33 98.0
11 34 65.0
11 35 71.0
11 36 95.0
11 37 53.0
11 38 55.0
11 39 84.0
11 40 88.0
11 41 81.0
11 42 54.0
11 43 96.0
11 44 89.0
11 45 64.0
11 46 64.0
11 47 52.0
11 48 76.0
11 49 63.0
11 50 65.0
11 51 93.0
11 52 51.0
11 53 80.0
11 54 92.0
11 55 92.0
11 56 66.0
11 57 63.0
11 58 68.0
11 59 51.0
11 60 97.0
11 61 88.0
11 62 88.0
11 63 98.0
11 64 92.0
11 65 84.0
11 66 81.0
11 67 99.0
11 68 86.0
11 69 54.0
11 70 54.0
11 71 63.0
11 72 69.0
11 73 89.0
11 74 94.0
11 75 73.0
11 76 55.0
11 77 78.0
11 78 62.0
11 79 80.0
11 80 54.0
11 81 83.0
11 82 96.0
11 83 80.0
11 84 57.0
11 85 60.0
11 86 61.0
11 87 89.0
11 88 60.0
11 89 50.0
11 90 58.0
11 91 64.0
11 92 57.0
11 93 53.0
11 94 65.0
11 95 80.0
11 96 60.0
11 97 54.0
11 98 100.0
11 99 81.0
12 13 68.0
12 14 50.0
12 15 98.0
12 16 82.0
12 17 88.0
12 18 85.0
12 19 63.0
12 20 61.0
12 21 73.0
12 22 83.0
12 23 57.0
12 24 71.0
12 25 85.0
12 26 51.0
12 27 78.0
12 28 84.0
12 29 87.0
12 30 85.0
12 31 68.0
12 32 82.0
12 33 74.0
12 34 93.0
12 35 60.0
12 36 62.0
12 37 60.0
12 38 82.0
12 39 85.0
12 40 57.0
12 41 81.0
12 42 68.0
12 43 67.0
12 44 75.0
12 45 60.0
12 46 86.0
12 47 50.0
12 48 56.0
12 49 92.0
12 50 53.0
12 51 65.0
12 52 60.0
12 53 54.0
12 54 67.0
12 55 50.0
12 56 79.0
12 57 52.0
12 58 66.0
12 59 99.0
12 60 77.0
12 61 63.0
12 62 50.0
12 63 73.0
12 64 83.0
12 65 57.0
12 66 50.0
12 67 56.0
12 68 53.0
12 69 60.0
12 70 75.0
12 71 75.0
12 72 66.0
12 73 96.0
12 74 83.0
12 75 84.0
12 76 85.0
12 77 96.0
12 78 64.0
12 79 57.0
12 80 59.0
12 81 88.0
12 82 50.0
12 83 92.0
12 84 62.0
12 85 59.0
12 86 66.0
12 87 59.0
12 88 89.0
12 89 100.0
12 90 98.0
12 91 89.0
12 92 71.0
12 93 51.0
12 94 90.0
12 95 69.0
12 96 95.0
12 97 69.0
12 98 93.0
12 99 64.0
13 14 71.0
13 15 88.0
13 16 82.0
13 17 98.0
13 18 92.0
13 19 82.0
13 20 78.0
13 21 59.0
13 22 67.0
13 23 78.0
13 24 54.0
13 25 58.0
13 26 50.0
13 27 73.0
13 28 81.0
13 29 83.0
13 30 67.0
13 31 86.0
13 32 72.0
13 33 58.0
13 34 83.0
13 35 55.0
13 36 67.0
13 37 62.0
13 38 67.0
13 39 83.0
13 40 74.0
13 41 52.0
13 42 78.0
13 43 76.0
13 44 92.0
13 45 53.0
13 46 57.0
13 47 56.0
13 48 53.0
13 49 82.0
13 50 92.0
13 51 61.0
13 52 82.0
13 53 86.0
13 54 54.0
13 55 70.0
13 56 82.0
13 57 58.0
13 58 70.0
13 59 86.0
13 60 63.0
13 61 82.0
13 62 57.0
13 63 87.0
13 64 58.0
13 65 54.0
13 66 90.0
13 67 82.0
13 68 54.0
13 69 53.0
13 70 96.0
13 71 63.0
13 72 76.0
13 73 83.0
13 74 93.0
13 75 94.0
13 76 71.0
13 77 100.0
13 78 58.0
13 79 70.0
13 80 64.0
13 81 76.0
13 82 91.0
13 83 54.0
13 84 56.0
13 85 63.0
13 86 67.0
13 87 87.0
13 88 54.0
13 89 69.0
13 90 92.0
13 91 63.0
13 92 73.0
13 93 74.0
13 94 91.0
13 95 80.0
13 96 83.0
13 97 97.0
13 98 67.0
13 99 55.0
14 15 63.0
14 16 77.0
14 17 73.0
14 18 72.0
14 19 81.0
14 20 93.0
14 21 93.0
14 22 83.0
14 23 87.0
14 24 87.0
14 25 98.0
14 26 64.0
14 27 76.0
14 28 51.0
14 29 96.0
14 30 81.0
14 31 91.0
14 32 59.0
14 33 76.0
14 34 92.0
14 35 86.0
14 36 52.0
14 37 59.0
14 38 50.0
14 39 50.0
14 40 75.0
14 41 57.0
14 42 90.0
14 43 83.0
14 44 56.0
14 45 56.0
14 46 62.0
14 47 82.0
14 48 66.0
14 49 51.0
14 50 80.0
14 51 90.0
14 52 92.0
14 53 58.0
14 54 57.0
14 55 76.0
14 56 73.0
14 57 57.0
14 58 76.0
14 59 67.0
14 60 83.0
14 61 56.0
14 62 66.0
14 63 92.0
14 64 70.0
14 65 79.0
14 66 66.0
14 67 93.0
14 68 50.0
14 69 91.0
14 70 64.0
14 71 60.0
14 72 92.0
14 73 87.0
14 74 76.0
14 75 98.0
14 76 99.0
14 77 73.0
14 78 94.0
14 79 82.0
14 80 61.0
14 81 84.0
14 82 69.0
14 83 62.0
14 84 98.0
14 85 72.0
14 86 95.0
14 87 93.0
14 88 91.0
14 89 89.0
14 90 64.0
14 91 50.0
14 92 97.0
14 93 69.0
14 94 50.0
14 95 65.0
14 96 69.0
14 97 85.0
14 98 92.0
14 99 51.0
15 16 50.0
15 17 57.0
15 18 79.0
15 19 90.0
15 20 90.0
15 21 93.0
15 22 75.0
15 23 85.0
15 24 99.0
15 25 84.0
15 26 57.0
15 27 62.0
15 28 52.0
15 29 98.0
15 30 55.0
15 31 52.0
15 32 73.0
15 33 60.0
15 34 66.0
15 35 66.0
15 36 77.0
15 37 81.0
15 38 88.0
15 39 94.0
15 40 98.0
15 41 52.0
15 42 81.0
15 43 94.0
15 44 58.0
15 45 65.0
15 46 82.0
15 47 90.0
15 48 99.0
15 49 66.0
15 50 77.0
15 51 79.0
15 52 62.0
15 53 94.0
15 54 99.0
15 55 64.0
15 56 72.0
15 57 55.0
15 58 80.0
15 59 79.0
15 60 84.0
15 61 97.0
15 62 89.0
15 63 66.0
15 64 100.0
15 65 85.0
15 66 88.0
15 67 83.0
15 68 51.0
15 69 82.0
15 70 88.0
15 71 60.0
15 72 66.0
15 73 73.0
15 74 76.0
15 75 53.0
15 76 56.0
15 77 99.0
15 78 80.0
15 79 80.0
15 80 92.0
15 81 55.0
15 82 58.0
15 83 61.0
15 84 96.0
15 85 62.0
15 86 67.0
15 87 79.0
15 88 80.0
15 89 57.0
15 90 89.0
15 91 88.0
15 92 81.0
15 93 64.0
15 94 98.0
15 95 81.0
15 96 88.0
15 97 84.0
15 98 99.0
15 99 58.0
16 17 55.0
16 18 62.0
16 19 50.0
16 20 72.0
16 21 61.0
16 22 80.0
16 23 68.0
16 24 76.0
16 25 60.0
16 26 94.0
16 27 60.0
16 28 90.0
16 29 69.0
16 30 51.0
16 31 50.0
16 32 87.0
16 33 61.0
16 34 52.0
16 35 61.0
16 36 59.0
16 37 62.0
16 38 88.0
16 39 64.0
16 40 72.0
16 41 78.0
16 42 97.0
16 43 74.0
16 44 61.0
16 45 90.0
16 46 55.0
16 47 100.0
16 48 96.0
16 49 68.0
16 50 91.0
16 51 71.0
16 52 55.0
16 53 86.0
16 54 74.0
16 55 94.0
16 56 80.0
16 57 99.0
16 58 80.0
16 59 89.0
16 60 51.0
16 61 61.0
16 62 61.0
16 63 53.0
16 64 75.0
16 65 75.0
16 66 86.0
16 67 98.0
16 68 53.0
16 69 63.0
16 70 56.0
16 71 66.0
16 72 61.0
16 73 97.0
16 74 93.0
16 75 89.0
16 76 65.0
16 77 70.0
16 78 85.0
16 79 76.0
16 80 61.0
16 81 90.0
16 82 90.0
16 83 71.0
16 84 80.0
16 85 64.0
16 86 60.0
16 87 58.0
16 88 93.0
16 89 82.0
16 90 99.0
16 91 85.0
16 92 69.0
16 93 87.0
16 94 75.0
16 95 70.0
16 96 59.0
16 97 81.0
16 98 93.0
16 99 51.0
17 18 67.0
17 19 93.0
17 20 68.0
17 21 74.0
17 22 75.0
17 23 74.0
17 24 60.0
17 25 81.0
17 26 71.0
17 27 94.0
17 28 52.0
17 29 81.0
17 30 100.0
17 31 76.0
17 32 75.0
17 33 80.0
17 34 76.0
17 35 59.0
17 36 80.0
17 37 70.0
17 38 92.0
17 39 94.0
17 40 85.0
17 41 53.0
17 42 76.0
17 43 50.0
17 44 86.0
17 45 87.0
17 46 84.0
17 47 57.0
17 48 64.0
17 49 82.0
17 50 84.0
17 51 87.0
17 52 75.0
17 53 95.0
17 54 76.0
17 55 67.0
17 56 91.0
17 57 54.0
17 58 64.0
17 59 57.0
17 60 81.0
17 61 75.0
17 62 63.0
17 63 50.0
17 64 68.0
17 65 81.0
17 66 68.0
17 67 65.0
17 68 79.0
17 69 66.0
17 70 85.0
17 71 54.0
17 72 57.0
17 73 83.0
17 74 58.0
17 75 71.0
17 76 81.0
17 77 89.0
17 78 88.0
17 79 70.0
17 80 70.0
17 81 71.0
17 82 75.0
17 83 85.0
17 84 68.0
17 85 92.0
17 86 81.0
17 87 84.0
17 88 75.0
17 89 92.0
17 90 82.0
17 91 97.0
17 92 74.0
17 93 80.0
17 94 80.0
17 95 96.0
17 96 80.0
17 97 52.0
17 98 82.0
17 99 75.0
18 19 82.0
18 20 63.0
18 21 98.0
18 22 78.0
18 23 66.0
18 24 94.0
18 25 79.0
18 26 85.0
18 27 65.0
18 28 91.0
18 29 96.0
18 30 73.0
18 31 94.0
18 32 50.0
18 33 70.0
18 34 99.0
18 35 59.0
18 36 60.0
18 37 82.0
18 38 82.0
18 39 80.0
18 40 76.0
18 41 54.0
18 42 84.0
18 43 98.0
18 44 83.0
18 45 95.0
18 46 71.0
18 47 83.0
18 48 96.0
18 49 87.0
18 50 52.0
18 51 52.0
18 52 58.0
18 53 54.0
18 54 67.0
18 55 76.0
18 56 52.0
18 57 92.0
18 58 79.0
18 59 72.0
18 60 57.0
18 61 66.0
18 62 58.0
18 63 62.0
18 64 60.0
18 65 59.0
18 66 70.0
18 67 73.0
18 68 86.0
18 69 70.0
18 70 62.0
18 71 100.0
18 72 60.0
18 73 79.0
18 74 51.0
18 75 79.0
18 76 61.0
18 77 85.0
18 78 64.0
18 79 85.0
18 80 62.0
18 81 57.0
18 82 65.0
18 83 79.0
18 84 80.0
18 85 80.0
18 86 70.0
18 87 58.0
18 88 58.0
18 89 69.0
18 90 96.0
18 91 84.0
18 92 94.0
18 93 79.0
18 94 98.0
18 95 66.0
18 96 94.0
18 97 89.0
18 98 80.0
18 99 87.0
19 20 58.0
19 21 69.0
19 22 59.0
19 23 86.0
19 24 69.0
19 25 88.0
19 26 57.0
19 27 95.0
19 28 77.0
19 29 58.0
19 30 92.0
19 31 56.0
19 32 68.0
19 33 53.0
19 34 56.0
19 35 82.0
19 36 89.0
19 37 95.0
19 38 82.0
19 39 69.0
19 40 71.0
19 41 92.0
19 42 94.0
19 43 64.0
19 44 95.0
19 45 75.0
19 46 63.0
19 47 89.0
19 48 53.0
19 49 100.0
19 50 67.0
19 51 94.0
19 52 70.0
19 53 62.0
19 54 60.0
19 55 80.0
19 56 90.0
19 57 70.0
19 58 95.0
19 59 86.0
19 60 99.0
19 61 54.0
19 62 50.0
19 63 51.0
19 64 73.0
19 65 83.0
19 66 51.0
19 67 60.0
19 68 54.0
19 69 99.0
19 70 60.0
19 71 89.0
19 72 67.0
19 73 61.0
19 74 88.0
19 75 80.0
19 76 65.0
19 77 57.0
19 78 93.0
19 79 72.0
19 80 71.0
19 81 73.0
19 82 94.0
19 83 50.0
19 84 91.0
19 85 75.0
19 86 55.0
19 87 78.0
19 88 54.0
19 89 72.0
19 90 58.0
19 91 99.0
19 92 88.0
19 93 61.0
19 94 62.0
19 95 95.0
19 96 58.0
19 97 95.0
19 98 78.0
19 99 66.0
20 21 77.0
20 22 80.0
20 23 100.0
20 24 86.0
20 25 56.0
20 26 54.0
20 27 57.0
20 28 99.0
20 29 50.0
20 30 80.0
20 31 75.0
20 32 99.0
20 33 84.0
20 34 98.0
20 35 51.0
20 36 95.0
20 37 53.0
20 38 94.0
20 39 74.0
20 40 91.0
20 41 87.0
20 42 64.0
20 43 65.0
20 44 89.0
20 45 60.0
20 46 81.0
20 47 73.0
20 48 86.0
20 49 89.0
20 50 75.0
20 51 70.0
20 52 92.0
20 53 64.0
20 54 59.0
20 55 84.0
20 56 55.0
20 57 72.0
20 58 50.0
20 59 95.0
20 60 61.0
20 61 63.0
20 62 83.0
20 63 87.0
20 64 59.0
20 65 72.0
20 66 99.0
20 67 92.0
20 68 94.0
20 69 83.0
20 70 58.0
20 71 88.0
20 72 68.0
20 73 82.0
20 74 99.0
20 75 85.0
20 76 68.0
20 77 94.0
20 78 71.0
20 79 81.0
20 80 54.0
20 81 100.0
20 82 98.0
20 83 83.0
20 84 60.0
20 85 57.0
20 86 60.0
20 87 94.0
20 88 53.0
20 89 59.0
20 90 97.0
20 91 66.0
20 92 53.0
20 93 92.0
20 94 79.0
20 95 76.0
20 96 57.0
20 97 82.0
20 98 79.0
20 99 58.0
21 22 90.0
21 23 55.0
21 24 96.0
21 25 78.0
21 26 64.0
21 27 82.0
21 28 77.0
21 29 81.0
21 30 96.0
21 31 86.0
21 32 95.0
21 33 74.0
21 34 100.0
21 35 93.0
21 36 73.0
21 37 99.0
21 38 56.0
21 39 76.0
21 40 87.0
21 41 100.0
21 42 76.0
21 43 56.0
21 44 81.0
21 45 64.0
21 46 71.0
21 47 87.0
21 48 86.0
21 49 85.0
21 50 52.0
21 51 90.0
21 52 98.0
21 53 56.0
21 54 81.0
21 55 62.0
21 56 65.0
21 57 57.0
21 58 67.0
21 59 58.0
21 60 55.0
21 61 85.0
21 62 62.0
21 63 73.0
21 64 88.0
21 65 84.0
21 66 59.0
21 67 81.0
21 68 62.0
21 69 66.0
21 70 77.0
21 71 96.0
21 72 84.0
21 73 61.0
21 74 87.0
21 75 92.0
21 76 80.0
21 77 98.0
21 78 94.0
21 79 74.0
21 80 93.0
21 81 87.0
21 82 90.0
21 83 67.0
21 84 79.0
21 85 52.0
21 86 90.0
21 87 98.0
21 88 62.0
21 89 68.0
21 90 98.0
21 91 93.0
21 92 71.0
21 93 75.0
21 94 83.0
21 95 58.0
21 96 90.0
21 97 82.0
21 98 86.0
21 99 93.0
22 23 62.0
22 24 74.0
22 25 57.0
22 26 68.0
22 27 50.0
22 28 81.0
22 29 97.0
22 30 59.0
22 31 77.0
22 32 73.0
22 33 66.0
22 34 94.0
22 35 92.0
22 36 78.0
22 37 96.0
22 38 91.0
22 39 61.0
22 40 93.0
22 41 50.0
22 42 91.0
22 43 93.0
22 44 54.0
22 45 68.0
22 46 60.0
22 47 69.0
22 48 65.0
22 49 70.0
22 50 80.0
22 51 70.0
22 52 92.0
22 53 50.0
22 54 52.0
22 55 95.0
22 56 89.0
22 57 61.0
22 58 100.0
22 59 57.0
22 60 66.0
22 61 77.0
22 62 55.0
22 63 95.0
22 64 65.0
22 65 100.0
22 66 97.0
22 67 67.0
22 68 51.0
22 69 80.0
22 70 82.0
22 71 75.0
22 72 96.0
22 73 81.0
22 74 57.0
22 75 71.0
22 76 58.0
22 77 89.0
22 78 59.0
22 79 57.0
22 80 81.0
22 81 65.0
22 82 75.0
22 83 53.0
22 84 66.0
22 85 89.0
22 86 92.0
22 87 78.0
22 88 55.0
22 89 98.0
22 90 68.0
22 91 51.0
22 92 73.0
22 93 61.0
22 94 67.0
22 95 77.0
22 96 75.0
22 97 71.0
22 98 62.0
22 99 60.0
23 24 93.0
23 25 59.0
23 26 58.0
23 27 66.0
23 28 80.0
23 29 70.0
23 30 89.0
23 31 68.0
23 32 72.0
23 33 88.0
23 34 77.0
23 35 57.0
23 36 88.0
23 37 67.0
23 38 67.0
23 39 87.0
23 40 87.0
23 41 64.0
23 42 91.0
23 43 72.0
23 44 79.0
23 45 75.0
23 46 99.0
23 47 57.0
23 48 82.0
23 49 55.0
23 50 54.0
23 51 69.0
23 52 57.0
23 53 100.0
23 54 54.0
23 55 78.0
23 56 96.0
23 57 83.0
23 58 73.0
23 59 66.0
23 60 88.0
23 61 84.0
23 62 91.0
23 63 59.0
23 64 83.0
23 65 63.0
23 66 94.0
23 67 64.0
23 68 82.0
23 69 95.0
23 70 50.0
23 71 67.0
23 72 66.0
23 73 71.0
23 74 72.0
23 75 64.0
23 76 76.0
23 77 90.0
23 78 87.0
23 79 64.0
23 80 53.0
23 81 53.0
23 82 98.0
23 83 51.0
23 84 79.0
23 85 66.0
23 86 68.0
23 87 55.0
23 88 71.0
23 89 51.0
23 90 90.0
23 91 88.0
23 92 80.0
23 93 51.0
23 94 90.0
23 95 97.0
23 96 50.0
23 97 68.0
23 98 54.0
23 99 50.0
24 25 61.0
24 26 54.0
24 27 71.0
24 28 58.0
24 29 56.0
24 30 69.0
24 31 72.0
24 32 93.0
24 33 51.0
24 34 89.0
24 35 67.0
24 36 97.0
24 37 69.0
24 38 97.0
24 39 93.0
24 40 94.0
24 41 79.0
24 42 62.0
24 43 86.0
24 44 77.0
24 45 94.0
24 46 53.0
24 47 86.0
24 48 89.0
24 49 88.0
24 50 100.0
24 51 80.0
24 52 55.0
24 53 55.0
24 54 68.0
24 55 73.0
24 56 51.0
24 57 85.0
24 58 91.0
24 59 76.0
24 60 54.0
24 61 60.0
24 62 96.0
24 63 52.0
24 64 62.0
24 65 75.0
24 66 51.0
24 67 92.0
24 68 81.0
24 69 75.0
24 70 53.0
24 71 75.0
24 72 74.0
24 73 56.0
24 74 82.0
24 75 64.0
24 76 54.0
24 77 73.0
24 78 79.0
24 79 56.0
24 80 66.0
24 81 99.0
24 82 69.0
24 83 90.0
24 84 79.0
24 85 50.0
24 86 78.0
24 87 56.0
24 88 92.0
24 89 82.0
24 90 55.0
24 91 66.0
24 92 73.0
24 93 73.0
24 94 86.0
24 95 73.0
24 96 83.0
24 97 53.0
24 98 75.0
24 99 66.0
25 26 80.0
25 27 59.0
25 28 75.0
25 29 95.0
25 30 70.0
25 31 82.0
25 32 94.0
25 33 63.0
25 34 75.0
25 35 72.0
25 36 52.0
25 37 61.0
25 38 63.0
25 39 67.0
25 40 76.0
25 41 67.0
25 42 99.0
25 43 60.0
25 44 58.0
25 45 61.0
25 46 76.0
25 47 80.0
25 48 97.0
25 49 62.0
25 50 50.0
25 51 50.0
25 52 51.0
25 53 63.0
25 54 63.0
25 55 82.0
25 56 83.0
25 57 57.0
25 58 94.0
25 59 88.0
25 60 95.0
25 61 82.0
25 62 75.0
25 63 63.0
25 64 76.0
25 65 92.0
25 66 84.0
25 67 98.0
25 68 51.0
25 69 95.0
25 70 56.0
25 71 57.0
25 72 86.0
25 73 61.0
25 74 52.0
25 75 86.0
25 76 51.0
25 77 96.0
25 78 93.0
25 79 82.0
25 80 92.0
25 81 74.0
25 82 62.0
25 83 51.0
25 84 60.0
25 85 55.0
25 86 85.0
25 87 66.0
25 88 87.0
25 89 53.0
25 90 82.0
25 91 67.0
25 92 75.0
25 93 64.0
25 94 93.0
25 95 91.0
25 96 64.0
25 97 95.0
25 98 56.0
25 99 60.0
26 27 89.0
26 28 63.0
26 29 65.0
26 30 97.0
26 31 96.0
26 32 90.0
26 33 54.0
26 34 75.0
26 35 62.0
26 36 81.0
26 37 57.0
26 38 81.0
26 39 59.0
26 40 87.0
26 41 76.0
26 42 72.0
26 43 78.0
26 44 63.0
26 45 53.0
26 46 64.0
26 47 88.0
26 48 97.0
26 49 51.0
26 50 94.0
26 51 80.0
26 52 72.0
26 53 52.0
26 54 54.0
26 55 60.0
26 56 98.0
26 57 54.0
26 58 96.0
26 59 55.0
26 60 70.0
26 61 55.0
26 62 72.0
26 63 62.0
26 64 59.0
26 65 86.0
26 66 83.0
26 67 77.0
26 68 79.0
26 69 91.0
26 70 86.0
26 71 64.0
26 72 72.0
26 73 54.0
26 74 68.0
26 75 91.0
26 76 77.0
26 77 78.0
26 78 88.0
26 79 95.0
26 80 64.0
26 81 61.0
26 82 60.0
26 83 87.0
26 84 97.0
26 85 87.0
26 86 69.0
26 87 96.0
26 88 59.0
26 89 51.0
26 90 56.0
26 91 53.0
26 92 92.0
26 93 91.0
26 94 67.0
26 95 99.0
26 96 97.0
26 97 68.0
26 98 70.0
26 99 73.0
27 28 79.0
27 29 87.0
27 30 70.0
27 31 85.0
27 32 70.0
27 33 54.0
27 34 94.0
27 35 77.0
27 36 74.0
27 37 83.0
27 38 94.0
27 39 96.0
27 40 76.0
27 41 51.0
27 42 85.0
27 43 54.0
27 44 81.0
27 45 89.0
27 46 69.0
27 47 94.0
27 48 61.0
27 49 92.0
27 50 81.0
27 51 64.0
27 52 83.0
27 53 89.0
27 54 78.0
27 55 68.0
27 56 80.0
27 57 93.0
27 58 80.0
27 59 96.0
27 60 54.0
27 61 74.0
27 62 94.0
27 63 72.0
27 64 65.0
27 65 91.0
27 66 82.0
27 67 71.0
27 68 71.0
27 69 71.0
27 70 77.0
27 71 71.0
27 72 83.0
27 73 81.0
27 74 62.0
27 75 54.0
27 76 98.0
27 77 80.0
27 78 88.0
27 79 50.0
27 80 72.0
27 81 56.0
27 82 64.0
27 83 83.0
27 84 98.0
27 85 90.0
27 86 54.0
27 87 89.0
27 88 54.0
27 89 75.0
27 90 71.0
27 91 51.0
27 92 81.0
27 93 56.0
27 94 71.0
27 95 61.0
27 96 61.0
27 97 92.0
27 98 92.0
27 99 73.0
28 29 94.0
28 30 95.0
28 31 63.0
28 32 50.0
28 33 62.0
28 34 89.0
28 35 57.0
28 36 57.0
28 37 53.0
28 38 51.0
28 39 85.0
28 40 97.0
28 41 94.0
28 42 61.0
28 43 86.0
28 44 57.0
28 45 70.0
28 46 81.0
28 47 50.0
28 48 80.0
28 49 76.0
28 50 57.0
28 51 96.0
28 52 60.0
28 53 92.0
28 54 99.0
28 55 79.0
28 56 82.0
28 57 58.0
28 58 90.0
28 59 94.0
28 60 76.0
28 61 90.0
28 62 69.0
28 63 73.0
28 64 92.0
28 65 60.0
28 66 53.0
28 67 87.0
28 68 83.0
28 69 57.0
28 70 50.0
28 71 76.0
28 72 77.0
28 73 53.0
28 74 70.0
28 75 51.0
28 76 79.0
28 77 54.0
28 78 89.0
28 79 80.0
28 80 95.0
28 81 96.0
28 82 61.0
28 83 50.0
28 84 60.0
28 85 72.0
28 86 100.0
28 87 91.0
28 88 55.0
28 89 59.0
28 90 83.0
28 91 76.0
28 92 62.0
28 93 59.0
28 94 60.0
28 95 64.0
28 96 84.0
28 97 92.0
28 98 83.0
28 99 61.0
29 30 80.0
29 31 90.0
29 32 63.0
29 33 89.0
29 34 80.0
29 35 55.0
29 36 82.0
29 37 97.0
29 38 92.0
29 39 100.0
29 40 99.0
29 41 97.0
29 42 100.0
29 43 79.0
29 44 62.0
29 45 90.0
29 46 91.0
29 47 94.0
29 48 76.0
29 49 56.0
29 50 99.0
29 51 95.0
29 52 51.0
29 53 93.0
29 54 66.0
29 55 97.0
29 56 77.0
29 57 71.0
29 58 60.0
29 59 77.0
29 60 56.0
29 61 73.0
29 62 72.0
29 63 59.0
29 64 60.0
29 65 75.0
29 66 93.0
29 67 81.0
29 68 59.0
29 69 69.0
29 70 58.0
29 71 65.0
29 72 67.0
29 73 66.0
29 74 80.0
29 75 60.0
29 76 64.0
29 77 97.0
29 78 50.0
29 79 90.0
29 80 90.0
29 81 100.0
29 82 68.0
29 83 52.0
29 84 56.0
29 85 89.0
29 86 63.0
29 87 78.0
29 88 93.0
29 89 87.0
29 90 72.0
29 91 63.0
29 92 60.0
29 93 80.0
29 94 84.0
29 95 64.0
29 96 71.0
29 97 71.0
29 98 75.0
29 99 96.0
30 31 64.0
30 32 79.0
30 33 77.0
30 34 88.0
30 35 60.0
30 36 55.0
30 37 99.0
30 38 50.0
30 39 54.0
30 40 99.0
30 41 93.0
30 42 88.0
30 43 53.0
30 44 64.0
30 45 81.0
30 46 88.0
30 47 58.0
30 48 91.0
30 49 91.0
30 50 72.0
30 51 73.0
30 52 58.0
30 53 93.0
30 54 92.0
30 55 61.0
30 56 57.0
30 57 95.0
30 58 65.0
30 59 70.0
30 60 56.0
30 61 89.0
30 62 75.0
30 63 100.0
30 64 99.0
30 65 62.0
30 66 70.0
30 67 90.0
30 68 85.0
30 69 78.0
30 70 67.0
30 71 96.0
30 72 66.0
30 73 84.0
30 74 62.0
30 75 63.0
30 76 83.0
30 77 95.0
30 78 77.0
30 79 91.0
30 80 88.0
30 81 76.0
30 82 78.0
30 83 73.0
30 84 89.0
30 85 76.0
30 86 68.0
30 87 77.0
30 88 67.0
30 89 70.0
30 90 56.0
30 91 85.0
30 92 77.0
30 93 69.0
30 94 51.0
30 95 87.0
30 96 82.0
30 97 67.0
30 98 98.0
30 99 69.0
31 32 58.0
31 33 95.0
31 34 67.0
31 35 55.0
31 36 79.0
31 37 83.0
31 38 73.0
31 39 61.0
31 40 54.0
31 41 54.0
31 42 67.0
31 43 90.0
31 44 77.0
31 45 98.0
31 46 68.0
31 47 82.0
31 48 79.0
31 49 58.0
31 50 99.0
31 51 59.0
31 52 76.0
31 53 58.0
31 54 59.0
31 55 80.0
31 56 58.0
31 57 74.0
31 58 87.0
31 59 54.0
31 60 88.0
31 61 90.0
31 62 91.0
31 63 71.0
31 64 75.0
31 65 82.0
31 66 83.0
31 67 50.0
31 68 99.0
31 69 57.0
31 70 96.0
31 71 59.0
31 72 91.0
31 73 92.0
31 74 100.0
31 75 73.0
31 76 55.0
31 77 72.0
31 78 94.0
31 79 99.0
31 80 80.0
31 81 80.0
31 82 64.0
31 83 83.0
31 84 62.0
31 85 85.0
31 86 58.0
31 87 99.0
31 88 100.0
31 89 79.0
31 90 79.0
31 91 100.0
31 92 91.0
31 93 96.0
31 94 74.0
31 95 81.0
31 96 66.0
31 97 80.0
31 98 62.0
31 99 71.0
32 33 58.0
32 34 66.0
32 35 81.0
32 36 59.0
32 37 54.0
32 38 76.0
32 39 54.0
32 40 67.0
32 41 92.0
32 42 80.0
32 43 56.0
32 44 57.0
32 45 55.0
32 46 76.0
32 47 56.0
32 48 84.0
32 49 98.0
32 50 98.0
32 51 77.0
32 52 59.0
32 53 69.0
32 54 97.0
32 55 93.0
32 56 79.0
32 57 51.0
32 58 96.0
32 59 74.0
32 60 72.0
32 61 98.0
32 62 68.0
32 63 52.0
32 64 99.0
32 65 73.0
32 66 61.0
32 67 94.0
32 68 78.0
32 69 96.0
32 70 77.0
32 71 61.0
32 72 99.0
32 73 52.0
32 74 90.0
32 75 67.0
32 76 68.0
32 77 58.0
32 78 91.0
32 79 51.0
32 80 83.0
32 81 64.0
32 82 77.0
32 83 90.0
32 84 69.0
32 85 58.0
32 86 97.0
32 87 64.0
32 88 82.0
32 89 96.0
32 90 75.0
32 91 57.0
32 92 53.0
32 93 62.0
32 94 66.0
32 95 95.0
32 96 82.0
32 97 93.0
32 98 73.0
32 99 78.0
33 34 96.0
33 35 91.0
33 36 71.0
33 37 70.0
33 38 50.0
33 39 62.0
33 40 71.0
33 41 61.0
33 42 95.0
33 43 66.0
33 44 63.0
33 45 90.0
33 46 91.0
33 47 58.0
33 48 79.0
33 49 57.0
33 50 52.0
33 51 78.0
33 52 96.0
33 53 72.0
33 54 63.0
33 55 54.0
33 56 91.0
33 57 51.0
33 58 97.0
33 59 96.0
33 60 100.0
33 61 68.0
33 62 52.0
33 63 64.0
33 64 95.0
33 65 63.0
33 66 80.0
33 67 59.0
33 68 62.0
33 69 99.0
33 70 76.0
33 71 55.0
33 72 85.0
33 73 88.0
33 74 51.0
33 75 54.0
33 76 74.0
33 77 80.0
33 78 91.0
33 79 63.0
33 80 61.0
33 81 74.0
33 82 54.0
33 83 84.0
33 84 73.0
33 85 92.0
33 86 89.0
33 87 88.0
33 88 77.0
33 89 51.0
33 90 75.0
33 91 81.0
33 92 98.0
33 93 79.0
33 94 97.0
33 95 73.0
33 96 75.0
33 97 89.0
33 98 63.0
33 99 75.0
34 35 54.0
34 36 72.0
34 37 69.0
34 38 69.0
34 39 79.0
34 40 78.0
34 41 97.0
34 42 54.0
34 43 51.0
34 44 78.0
34 45 76.0
34 46 65.0
34 47 73.0
34 48 79.0
34 49 90.0
34 50 89.0
34 51 62.0
34 52 96.0
34 53 78.0
34 54 69.0
34 55 73.0
34 56 67.0
34 57 57.0
34 58 91.0
34 59 89.0
34 60 84.0
34 61 71.0
34 62 67.0
34 63 57.0
34 64 90.0
34 65 90.0
34 66 50.0
34 67 80.0
34 68 68.0
34 69 55.0
34 70 79.0
34 71 94.0
34 72 52.0
34 73 82.0
34 74 51.0
34 75 86.0
34 76 88.0
34 77 73.0
34 78 97.0
34 79 70.0
34 80 61.0
34 81 53.0
34 82 63.0
34 83 57.0
34 84 93.0
34 85 96.0
34 86 57.0
34 87 68.0
34 88 75.0
34 89 50.0
34 90 89.0
34 91 83.0
34 92 94.0
34 93 51.0
34 94 78.0
34 95 83.0
34 96 69.0
34 97 75.0
34 98 86.0
34 99 81.0
35 36 73.0
35 37 64.0
35 38 73.0
35 39 95.0
35 40 68.0
35 41 78.0
35 42 66.0
35 43 96.0
35 44 92.0
35 45 90.0
35 46 62.0
35 47 52.0
35 48 85.0
35 49 60.0
35 50 70.0
35 51 54.0
35 52 56.0
35 53 92.0
35 54 97.0
35 55 64.0
35 56 53.0
35 57 58.0
35 58 100.0
35 59 63.0
35 60 87.0
35 61 94.0
35 62 77.0
35 63 55.0
35 64 86.0
35 65 52.0
35 66 72.0
35 67 90.0
35 68 91.0
35 69 74.0
35 70 97.0
35 71 67.0
35 72 54.0
35 73 61.0
35 74 73.0
35 75 91.0
35 76 98.0
35 77 71.0
35 78 96.0
35 79 51.0
35 80 91.0
35 81 50.0
35 82 51.0
35 83 86.0
35 84 73.0
35 85 53.0
35 86 85.0
35 87 70.0
35 88 67.0
35 89 95.0
35 90 74.0
35 91 97.0
35 92 71.0
35 93 78.0
35 94 66.0
35 95 54.0
35 96 58.0
35 97 55.0
35 98 59.0
35 99 82.0
36 37 69.0
36 38 99.0
36 39 58.0
36 40 86.0
36 41 82.0
36 42 69.0
36 43 78.0
36 44 98.0
36 45 74.0
36 46 63.0
36 47 99.0
36 48 53.0
36 49 80.0
36 50 87.0
36 51 69.0
36 52 99.0
36 53 72.0
36 54 64.0
36 55 66.0
36 56 84.0
36 57 95.0
36 58 92.0
36 59 68.0
36 60 86.0
36 61 60.0
36 62 76.0
36 63 61.0
36 64 81.0
36 65 54.0
36 66 98.0
36 67 98.0
36 68 88.0
36 69 82.0
36 70 51.0
36 71 80.0
36 72 95.0
36 73 99.0
36 74 95.0
36 75 89.0
36 76 91.0
36 77 92.0
36 78 79.0
36 79 59.0
36 80 84.0
36 81 57.0
36 82 75.0
36 83 90.0
36 84 64.0
36 85 55.0
36 86 50.0
36 87 72.0
36 88 64.0
36 89 55.0
36 90 80.0
36 91 91.0
36 92 50.0
36 93 96.0
36 94 65.0
36 95 60.0
36 96 76.0
36 97 94.0
36 98 53.0
36 99 95.0
37 38 74.0
37 39 68.0
37 40 64.0
37 41 83.0
37 42 96.0
37 43 51.0
37 44 52.0
37 45 66.0
37 46 59.0
37 47 59.0
37 48 69.0
37 49 59.0
37 50 53.0
37 51 58.0
37 52 55.0
37 53 53.0
37 54 83.0
37 55 85.0
37 56 79.0
37 57 87.0
37 58 69.0
37 59 63.0
37 60 92.0
37 61 51.0
37 62 61.0
37 63 65.0
37 64 92.0
37 65 52.0
37 66 100.0
37 67 68.0
37 68 90.0
37 69 81.0
37 70 71.0
37 71 57.0
37 72 63.0
37 73 53.0
37 74 57.0
37 75 72.0
37 76 54.0
37 77 87.0
37 78 77.0
37 79 68.0
37 80 79.0
37 81 53.0
37 82 83.0
37 83 55.0
37 84 58.0
37 85 98.0
37 86 91.0
37 87 66.0
37 88 52.0
37 89 97.0
37 90 94.0
37 91 97.0
37 92 90.0
37 93 85.0
37 94 52.0
37 95 81.0
37 96 61.0
37 97 60.0
37 98 81.0
37 99 98.0
38 39 72.0
38 40 77.0
38 41 88.0
38 42 79.0
38 43 85.0
38 44 79.0
38 45 99.0
38 46 97.0
38 47 85.0
38 48 97.0
38 49 64.0
38 50 97.0
38 51 79.0
38 52 90.0
38 53 97.0
38 54 99.0
38 55 58.0
38 56 95.0
38 57 80.0
38 58 68.0
38 59 91.0
38 60 62.0
38 61 86.0
38 62 75.0
38 63 64.0
38 64 88.0
38 65 100.0
38 66 61.0
38 67 78.0
38 68 52.0
38 69 50.0
38 70 52.0
38 71 50.0
38 72 54.0
38 73 70.0
38 74 57.0
38 75 82.0
38 76 71.0
38 77 58.0
38 78 84.0
38 79 80.0
38 80 97.0
38 81 95.0
38 82 56.0
38 83 56.0
38 84 52.0
38 85 60.0
38 86 86.0
38 87 74.0
38 88 58.0
38 89 79.0
38 90 62.0
38 91 76.0
38 92 82.0
38 93 67.0
38 94 52.0
38 95 82.0
38 96 78.0
38 97 94.0
38 98 75.0
38 99 78.0
39 40 86.0
39 41 50.0
39 42 58.0
39 43 92.0
39 44 93.0
39 45 57.0
39 46 58.0
39 47 50.0
39 48 63.0
39 49 64.0
39 50 51.0
39 51 68.0
39 52 64.0
39 53 96.0
39 54 77.0
39 55 85.0
39 56 72.0
39 57 95.0
39 58 50.0
39 59 59.0
39 60 89.0
39 61 100.0
39 62 69.0
39 63 100.0
39 64 83.0
39 65 91.0
39 66 59.0
39 67 54.0
39 68 66.0
39 69 98.0
39 70 81.0
39 71 72.0
39 72 68.0
39 73 95.0
39 74 100.0
39 75 95.0
39 76 56.0
39 77 68.0
39 78 57.0
39 79 87.0
39 80 63.0
39 81 65.0
39 82 71.0
39 83 78.0
39 84 69.0
39 85 80.0
39 86 65.0
39 87 99.0
39 88 79.0
39 89 63.0
39 90 89.0
39 91 64.0
39 92 75.0
39 93 90.0
39 94 86.0
39 95 95.0
39 96 84.0
39 97 86.0
39 98 74.0
39 99 56.0
40 41 77.0
40 42 96.0
40 43 84.0
40 44 77.0
40 45 77.0
40 46 88.0
40 47 77.0
40 48 67.0
40 49 96.0
40 50 69.0
40 51 56.0
40 52 66.0
40 53 56.0
40 54 68.0
40 55 65.0
40 56 60.0
40 57 63.0
40 58 81.0
40 59 72.0
40 60 76.0
40 61 54.0
40 62 50.0
40 63 64.0
40 64 96.0
40 65 78.0
40 66 72.0
40 67 80.0
40 68 83.0
40 69 76.0
40 70 73.0
40 71 55.0
40 72 90.0
40 73 56.0
40 74 51.0
40 75 87.0
40 76 77.0
40 77 99.0
40 78 70.0
40 79 89.0
40 80 98.0
40 81 88.0
40 82 98.0
40 83 62.0
40 84 61.0
40 85 69.0
40 86 80.0
40 87 64.0
40 88 83.0
40 89 91.0
40 90 70.0
40 91 52.0
40 92 98.0
40 93 75.0
40 94 69.0
40 95 81.0
40 96 90.0
40 97 83.0
40 98 94.0
40 99 76.0
41 42 71.0
41 43 82.0
41 44 56.0
41 45 62.0
41 46 74.0
41 47 75.0
41 48 86.0
41 49 86.0
41 50 61.0
41 51 75.0
41 52 60.0
41 53 61.0
41 54 59.0
41 55 56.0
41 56 59.0
41 57 52.0
41 58 73.0
41 59 52.0
41 60 50.0
41 61 86.0
41 62 59.0
41 63 87.0
41 64 68.0
41 65 50.0
41 66 68.0
41 67 96.0
41 68 81.0
41 69 97.0
41 70 87.0
41 71 60.0
41 72 68.0
41 73 85.0
41 74 64.0
41 75 58.0
41 76 85.0
41 77 64.0
41 78 55.0
41 79 72.0
41 80 97.0
41 81 56.0
41 82 79.0
41 83 87.0
41 84 87.0
41 85 62.0
41 86 59.0
41 87 77.0
41 88 69.0
41 89 72.0
41 90 100.0
41 91 51.0
41 92 64.0
41 93 70.0
41 94 99.0
41 95 50.0
41 96 74.0
41 97 63.0
41 98 85.0
41 99 88.0
42 43 73.0
42 44 86.0
42 45 94.0
42 46 53.0
42 47 68.0
42 48 61.0
42 49 78.0
42 50 99.0
42 51 100.0
42 52 95.0
42 53 91.0
42 54 97.0
42 55 53.0
42 56 87.0
42 57 52.0
42 58 83.0
42 59 87.0
42 60 61.0
42 61 94.0
42 62 67.0
42 63 50.0
42 64 92.0
42 65 79.0
42 66 73.0
42 67 63.0
42 68 50.0
42 69 97.0
42 70 93.0
42 71 63.0
42 72 73.0
42 73 94.0
42 74 82.0
42 75 75.0
42 76 97.0
42 77 98.0
42 78 81.0
42 79 90.0
42 80 99.0
42 81 76.0
42 82 50.0
42 83 69.0
42 84 89.0
42 85 80.0
42 86 84.0
42 87 52.0
42 88 51.0
42 89 52.0
42 90 66.0
42 91 67.0
42 92 87.0
42 93 66.0
42 94 52.0
42 95 63.0
42 96 69.0
42 97 60.0
42 98 89.0
42 99 51.0
43 44 94.0
43 45 68.0
43 46 88.0
43 47 88.0
43 48 89.0
43 49 71.0
43 50 98.0
43 51 55.0
43 52 53.0
43 53 66.0
43 54 93.0
43 55 66.0
43 56 59.0
43 57 94.0
43 58 100.0
43 59 84.0
43 60 63.0
43 61 68.0
43 62 84.0
43 63 63.0
43 64 81.0
43 65 66.0
43 66 89.0
43 67 86.0
43 68 97.0
43 69 58.0
43 70 77.0
43 71 64.0
43 72 53.0
43 73 73.0
43 74 56.0
43 75 60.0
43 76 55.0
43 77 66.0
43 78 64.0
43 79 66.0
43 80 75.0
43 81 94.0
43 82 51.0
43 83 77.0
43 84 51.0
43 85 79.0
43 86 68.0
43 87 81.0
43 88 53.0
43 89 67.0
43 90 70.0
43 91 73.0
43 92 70.0
43 93 99.0
43 94 70.0
43 95 85.0
43 96 70.0
43 97 92.0
43 98 100.0
43 99 98.0
44 45 87.0
44 46 92.0
44 47 63.0
44 48 93.0
44 49 95.0
44 50 59.0
44 51 79.0
44 52 60.0
44 53 80.0
44 54 53.0
44 55 78.0
44 56 68.0
44 57 92.0
44 58 98.0
44 59 93.0
44 60 90.0
44 61 75.0
44 62 65.0
44 63 53.0
44 64 55.0
44 65 52.0
44 66 80.0
44 67 57.0
44 68 68.0
44 69 70.0
44 70 88.0
44 71 83.0
44 72 50.0
44 73 63.0
44 74 53.0
44 75 87.0
44 76 85.0
44 77 59.0
44 78 98.0
44 79 61.0
44 80 65.0
44 81 54.0
44 82 93.0
44 83 90.0
44 84 65.0
44 85 61.0
44 86 76.0
44 87 80.0
44 88 71.0
44 89 51.0
44 90 94.0
44 91 82.0
44 92 60.0
44 93 84.0
44 94 73.0
44 95 64.0
44 96 78.0
44 97 71.0
44 98 55.0
44 99 51.0
45 46 97.0
45 47 89.0
45 48 97.0
45 49 70.0
45 50 56.0
45 51 74.0
45 52 50.0
45 53 71.0
45 54 90.0
45 55 93.0
45 56 64.0
45 57 98.0
45 58 75.0
45 59 70.0
45 60 92.0
45 61 67.0
45 62 61.0
45 63 80.0
45 64 70.0
45 65 64.0
45 66 95.0
45 67 80.0
45 68 85.0
45 69 87.0
45 70 76.0
45 71 97.0
45 72 100.0
45 73 76.0
45 74 97.0
45 75 84.0
45 76 72.0
45 77 61.0
45 78 72.0
45 79 57.0
45 80 77.0
45 81 91.0
45 82 99.0
45 83 53.0
45 84 63.0
45 85 58.0
45 86 76.0
45 87 54.0
45 88 51.0
45 89 69.0
45 90 66.0
45 91 78.0
45 92 98.0
45 93 94.0
45 94 69.0
45 95 73.0
45 96 90.0
45 97 98.0
45 98 91.0
45 99 99.0
46 47 88.0
46 48 50.0
46 49 98.0
46 50 88.0
46 51 96.0
46 52 82.0
46 53 63.0
46 54 65.0
46 55 71.0
46 56 57.0
46 57 87.0
46 58 68.0
46 59 64.0
46 60 95.0
46 61 78.0
46 62 53.0
46 63 86.0
46 64 78.0
46 65 90.0
46 66 97.0
46 67 90.0
46 68 86.0
46 69 69.0
46 70 69.0
46 71 61.0
46 72 87.0
46 73 87.0
46 74 53.0
46 75 76.0
46 76 77.0
46 77 65.0
46 78 61.0
46 79 69.0
46 80 76.0
46 81 55.0
46 82 66.0
46 83 86.0
46 84 58.0
46 85 75.0
46 86 90.0
46 87 91.0
46 88 92.0
46 89 54.0
46 90 57.0
46 91 90.0
46 92 55.0
46 93 67.0
46 94 99.0
46 95 96.0
46 96 88.0
46 97 84.0
46 98 58.0
46 99 77.0
47 48 77.0
47 49 85.0
47 50 61.0
47 51 52.0
47 52 66.0
47 53 89.0
47 54 84.0
47 55 67.0
47 56 55.0
47 57 66.0
47 58 87.0
47 59 98.0
47 60 82.0
47 61 98.0
47 62 86.0
47 63 67.0
47 64 62.0
47 65 97.0
47 66 98.0
47 67 70.0
47 68 87.0
47 69 100.0
47 70 84.0
47 71 76.0
47 72 91.0
47 73 70.0
47 74 68.0
47 75 64.0
47 76 87.0
47 77 78.0
47 78 53.0
47 79 75.0
47 80 80.0
47 81 54.0
47 82 69.0
47 83 57.0
47 84 56.0
47 85 57.0
47 86 67.0
47 87 72.0
47 88 89.0
47 89 70.0
47 90 90.0
47 91 96.0
47 92 50.0
47 93 81.0
47 94 89.0
47 95 91.0
47 96 64.0
47 97 63.0
47 98 80.0
47 99 71.0
48 49 96.0
48 50 52.0
48 51 87.0
48 52 90.0
48 53 81.0
48 54 61.0
48 55 79.0
48 56 79.0
48 57 51.0
48 58 67.0
48 59 78.0
48 60 60.0
48 61 80.0
48 62 55.0
48 63 69.0
48 64 61.0
48 65 72.0
48 66 98.0
48 67 68.0
48 68 66.0
48 69 68.0
48 70 58.0
48 71 91.0
48 72 71.0
48 73 73.0
48 74 58.0
48 75 54.0
48 76 69.0
48 77 52.0
48 78 58.0
48 79 96.0
48 80 95.0
48 81 92.0
48 82 61.0
48 83 55.0
48 84 57.0
48 85 70.0
48 86 81.0
48 87 76.0
48 88 95.0
48 89 69.0
48 90 91.0
48 91 100.0
48 92 93.0
48 93 50.0
48 94 77.0
48 95 63.0
48 96 78.0
48 97 99.0
48 98 76.0
48 99 66.0
49 50 99.0
49 51 87.0
49 52 69.0
49 53 76.0
49 54 88.0
49 55 85.0
49 56 96.0
49 57 59.0
49 58 80.0
49 59 100.0
49 60 87.0
49 61 65.0
49 62 82.0
49 63 95.0
49 64 66.0
49 65 61.0
49 66 68.0
49 67 97.0
49 68 98.0
49 69 54.0
49 70 83.0
49 71 72.0
49 72 94.0
49 73 71.0
49 74 99.0
49 75 54.0
49 76 79.0
49 77 64.0
49 78 89.0
49 79 59.0
49 80 50.0
49 81 86.0
49 82 98.0
49 83 70.0
49 84 67.0
49 85 50.0
49 86 54.0
49 87 76.0
49 88 98.0
49 89 92.0
49 90 59.0
49 91 96.0
49 92 71.0
49 93 69.0
49 94 70.0
49 95 80.0
49 96 61.0
49 97 95.0
49 98 55.0
49 99 81.0
50 51 57.0
50 52 60.0
50 53 61.0
50 54 86.0
50 55 56.0
50 56 72.0
50 57 90.0
50 58 97.0
50 59 73.0
50 60 75.0
50 61 74.0
50 62 53.0
50 63 97.0
50 64 58.0
50 65 79.0
50 66 92.0
50 67 85.0
50 68 72.0
50 69 78.0
50 70 64.0
50 71 94.0
50 72 51.0
50 73 95.0
50 74 89.0
50 75 53.0
50 76 96.0
50 77 50.0
50 78 51.0
50 79 89.0
50 80 51.0
50 81 95.0
50 82 70.0
50 83 79.0
50 84 54.0
50 85 85.0
50 86 74.0
50 87 81.0
50 88 66.0
50 89 70.0
50 90 80.0
50 91 71.0
50 92 92.0
50 93 84.0
50 94 56.0
50 95 77.0
50 96 64.0
50 97 64.0
50 98 71.0
50 99 85.0
51 52 59.0
51 53 72.0
51 54 64.0
51 55 64.0
51 56 54.0
51 57 59.0
51 58 99.0
51 59 81.0
51 60 93.0
51 61 52.0
51 62 94.0
51 63 81.0
51 64 61.0
51 65 61.0
51 66 51.0
51 67 75.0
51 68 69.0
51 69 51.0
51 70 92.0
51 71 83.0
51 72 58.0
51 73 87.0
51 74 60.0
51 75 97.0
51 76 80.0
51 77 100.0
51 78 64.0
51 79 51.0
51 80 97.0
51 81 76.0
51 82 69.0
51 83 63.0
51 84 73.0
51 85 66.0
51 86 57.0
51 87 61.0
51 88 70.0
51 89 90.0
51 90 89.0
51 91 58.0
51 92 76.0
51 93 66.0
51 94 65.0
51 95 53.0
51 96 63.0
51 97 95.0
51 98 63.0
51 99 81.0
52 53 61.0
52 54 70.0
52 55 65.0
52 56 58.0
52 57 72.0
52 58 57.0
52 59 77.0
52 60 97.0
52 61 93.0
52 62 58.0
52 63 74.0
52 64 64.0
52 65 67.0
52 66 55.0
52 67 84.0
52 68 56.0
52 69 95.0
52 70 97.0
52 71 98.0
52 72 59.0
52 73 69.0
52 74 91.0
52 75 59.0
52 76 60.0
52 77 60.0
52 78 67.0
52 79 97.0
52 80 73.0
52 81 92.0
52 82 99.0
52 83 99.0
52 84 100.0
52 85 57.0
52 86 82.0
52 87 60.0
52 88 78.0
52 89 59.0
52 90 53.0
52 91 73.0
52 92 84.0
52 93 63.0
52 94 72.0
52 95 94.0
52 96 87.0
52 97 52.0
52 98 70.0
52 99 87.0
53 54 83.0
53 55 61.0
53 56 85.0
53 57 63.0
53 58 70.0
53 59 99.0
53 60 73.0
53 61 71.0
53 62 97.0
53 63 68.0
53 64 85.0
53 65 100.0
53 66 73.0
53 67 74.0
53 68 84.0
53 69 90.0
53 70 87.0
53 71 66.0
53 72 61.0
53 73 65.0
53 74 67.0
53 75 81.0
53 76 77.0
53 77 63.0
53 78 84.0
53 79 96.0
53 80 78.0
53 81 95.0
53 82 95.0
53 83 59.0
53 84 67.0
53 85 98.0
53 86 66.0
53 87 65.0
53 88 61.0
53 89 81.0
53 90 59.0
53 91 98.0
53 92 97.0
53 93 93.0
53 94 53.0
53 95 74.0
53 96 66.0
53 97 89.0
53 98 74.0
53 99 75.0
54 55 84.0
54 56 82.0
54 57 74.0
54 58 88.0
54 59 53.0
54 60 65.0
54 61 51.0
54 62 97.0
54 63 70.0
54 64 78.0
54 65 68.0
54 66 75.0
54 67 91.0
54 68 56.0
54 69 100.0
54 70 81.0
54 71 60.0
54 72 92.0
54 73 72.0
54 74 68.0
54 75 75.0
54 76 93.0
54 77 57.0
54 78 87.0
54 79 52.0
54 80 81.0
54 81 82.0
54 82 91.0
54 83 60.0
54 84 87.0
54 85 52.0
54 86 77.0
54 87 91.0
54 88 75.0
54 89 58.0
54 90 85.0
54 91 53.0
54 92 98.0
54 93 68.0
54 94 71.0
54 95 95.0
54 96 69.0
54 97 98.0
54 98 97.0
54 99 55.0
55 56 83.0
55 57 60.0
55 58 92.0
55 59 66.0
55 60 70.0
55 61 89.0
55 62 74.0
55 63 87.0
55 64 65.0
55 65 69.0
55 66 94.0
55 67 66.0
55 68 53.0
55 69 51.0
55 70 94.0
55 71 78.0
55 72 61.0
55 73 78.0
55 74 94.0
55 75 72.0
55 76 54.0
55 77 74.0
55 78 84.0
55 79 66.0
55 80 76.0
55 81 71.0
55 82 90.0
55 83 66.0
55 84 95.0
55 85 78.0
55 86 72.0
55 87 54.0
55 88 97.0
55 89 58.0
55 90 64.0
55 91 74.0
55 92 96.0
55 93 87.0
55 94 62.0
55 95 86.0
55 96 98.0
55 97 58.0
55 98 91.0
55 99 93.0
56 57 52.0
56 58 96.0
56 59 88.0
56 60 73.0
56 61 75.0
56 62 64.0
56 63 91.0
56 64 100.0
56 65 51.0
56 66 89.0
56 67 55.0
56 68 58.0
56 69 99.0
56 70 73.0
56 71 96.0
56 72 90.0
56 73 92.0
56 74 59.0
56 75 59.0
56 76 69.0
56 77 64.0
56 78 65.0
56 79 78.0
56 80 94.0
56 81 54.0
56 82 63.0
56 83 88.0
56 84 66.0
56 85 66.0
56 86 92.0
56 87 54.0
56 88 90.0
56 89 69.0
56 90 61.0
56 91 61.0
56 92 81.0
56 93 97.0
56 94 56.0
56 95 80.0
56 96 61.0
56 97 51.0
56 98 80.0
56 99 100.0
57 58 94.0
57 59 75.0
57 60 79.0
57 61 53.0
57 62 65.0
57 63 54.0
57 64 96.0
57 65 97.0
57 66 63.0
57 67 50.0
57 68 59.0
57 69 86.0
57 70 82.0
57 71 69.0
57 72 89.0
57 73 94.0
57 74 60.0
57 75 73.0
57 76 75.0
57 77 70.0
57 78 98.0
57 79 57.0
57 80 96.0
57 81 64.0
57 82 77.0
57 83 69.0
57 84 77.0
57 85 78.0
57 86 59.0
57 87 90.0
57 88 81.0
57 89 92.0
57 90 55.0
57 91 81.0
57 92 62.0
57 93 69.0
57 94 55.0
57 95 96.0
57 96 60.0
57 97 86.0
57 98 51.0
57 99 74.0
58 59 80.0
58 60 64.0
58 61 93.0
58 62 58.0
58 63 50.0
58 64 56.0
58 65 74.0
58 66 81.0
58 67 90.0
58 68 84.0
58 69 77.0
58 70 99.0
58 71 75.0
58 72 60.0
58 73 87.0
58 74 59.0
58 75 69.0
58 76 50.0
58 77 70.0
58 78 52.0
58 79 90.0
58 80 78.0
58 81 56.0
58 82 64.0
58 83 83.0
58 84 81.0
58 85 89.0
58 86 96.0
58 87 90.0
58 88 70.0
58 89 58.0
58 90 94.0
58 91 80.0
58 92 61.0
58 93 95.0
58 94 95.0
58 95 83.0
58 96 95.0
58 97 53.0
58 98 71.0
58 99 95.0
59 60 92.0
59 61 54.0
59 62 58.0
59 63 56.0
59 64 65.0
59 65 73.0
59 66 57.0
59 67 64.0
59 68 70.0
59 69 90.0
59 70 76.0
59 71 90.0
59 72 62.0
59 73 90.0
59 74 50.0
59 75 87.0
59 76 76.0
59 77 55.0
59 78 51.0
59 79 53.0
59 80 53.0
59 81 72.0
59 82 96.0
59 83 100.0
59 84 75.0
59 85 50.0
59 86 62.0
59 87 79.0
59 88 96.0
59 89 87.0
59 90 68.0
59 91 63.0
59 92 88.0
59 93 97.0
59 94 57.0
59 95 55.0
59 96 53.0
59 97 75.0
59 98 86.0
59 99 51.0
60 61 75.0
60 62 58.0
60 63 59.0
60 64 89.0
60 65 84.0
60 66 81.0
60 67 73.0
60 68 86.0
60 69 86.0
60 70 63.0
60 71 68.0
60 72 85.0
60 73 83.0
60 74 56.0
60 75 89.0
60 76 99.0
60 77 97.0
60 78 67.0
60 79 67.0
60 80 61.0
60 81 92.0
60 82 52.0
60 83 89.0
60 84 96.0
60 85 87.0
60 86 76.0
60 87 66.0
60 88 53.0
60 89 78.0
60 90 60.0
60 91 99.0
60 92 96.0
60 93 53.0
60 94 80.0
60 95 50.0
60 96 91.0
60 97 90.0
60 98 91.0
60 99 82.0
61 62 92.0
61 63 63.0
61 64 58.0
61 65 77.0
61 66 90.0
61 67 98.0
61 68 57.0
61 69 74.0
61 70 68.0
61 71 64.0
61 72 86.0
61 73 88.0
61 74 85.0
61 75 68.0
61 76 85.0
61 77 78.0
61 78 56.0
61 79 72.0
61 80 55.0
61 81 65.0
61 82 60.0
61 83 82.0
61 84 50.0
61 85 59.0
61 86 81.0
61 87 97.0
61 88 92.0
61 89 96.0
61 90 66.0
61 91 55.0
61 92 91.0
61 93 99.0
61 94 95.0
61 95 95.0
61 96 62.0
61 97 65.0
61 98 58.0
61 99 88.0
62 63 99.0
62 64 96.0
62 65 58.0
62 66 62.0
62 67 85.0
62 68 59.0
62 69 77.0
62 70 60.0
62 71 56.0
62 72 97.0
62 73 53.0
62 74 97.0
62 75 90.0
62 76 56.0
62 77 74.0
62 78 97.0
62 79 99.0
62 80 59.0
62 81 84.0
62 82 53.0
62 83 55.0
62 84 57.0
62 85 53.0
62 86 89.0
62 87 87.0
62 88 51.0
62 89 58.0
62 90 86.0
62 91 85.0
62 92 62.0
62 93 55.0
62 94 62.0
62 95 89.0
62 96 93.0
62 97 72.0
62 98 96.0
62 99 83.0
63 64 75.0
63 65 71.0
63 66 57.0
63 67 56.0
63 68 94.0
63 69 93.0
63 70 51.0
63 71 79.0
63 72 75.0
63 73 68.0
63 74 64.0
63 75 52.0
63 76 67.0
63 77 84.0
63 78 60.0
63 79 96.0
63 80 73.0
63 81 50.0
63 82 92.0
63 83 50.0
63 84 53.0
63 85 55.0
63 86 76.0
63 87 100.0
63 88 87.0
63 89 71.0
63 90 95.0
63 91 78.0
63 92 57.0
63 93 79.0
63 94 88.0
63 95 74.0
63 96 90.0
63 97 98.0
63 98 55.0
63 99 59.0
64 65 61.0
64 66 82.0
64 67 62.0
64 68 60.0
64 69 97.0
64 70 68.0
64 71 60.0
64 72 100.0
64 73 61.0
64 74 92.0
64 75 85.0
64 76 87.0
64 77 89.0
64 78 78.0
64 79 74.0
64 80 80.0
64 81 94.0
64 82 67.0
64 83 71.0
64 84 52.0
64 85 74.0
64 86 97.0
64 87 65.0
64 88 63.0
64 89 97.0
64 90 98.0
64 91 65.0
64 92 86.0
64 93 96.0
64 94 56.0
64 95 58.0
64 96 88.0
64 97 97.0
64 98 98.0
64 99 87.0
65 66 73.0
65 67 64.0
65 68 91.0
65 69 54.0
65 70 76.0
65 71 58.0
65 72 60.0
65 73 52.0
65 74 89.0
65 75 50.0
65 76 67.0
65 77 74.0
65 78 92.0
65 79 91.0
65 80 76.0
65 81 95.0
65 82 86.0
65 83 62.0
65 84 80.0
65 85 72.0
65 86 74.0
65 87 71.0
65 88 54.0
65 89 69.0
65 90 77.0
65 91 97.0
65 92 97.0
65 93 53.0
65 94 94.0
65 95 90.0
65 96 58.0
65 97 84.0
65 98 66.0
65 99 93.0
66 67 89.0
66 68 83.0
66 69 50.0
66 70 83.0
66 71 87.0
66 72 69.0
66 73 77.0
66 74 73.0
66 75 54.0
66 76 92.0
66 77 74.0
66 78 80.0
66 79 71.0
66 80 91.0
66 81 82.0
66 82 90.0
66 83 64.0
66 84 94.0
66 85 70.0
66 86 84.0
66 87 68.0
66 88 68.0
66 89 75.0
66 90 61.0
66 91 53.0
66 92 63.0
66 93 56.0
66 94 75.0
66 95 92.0
66 96 50.0
66 97 99.0
66 98 52.0
66 99 63.0
67 68 87.0
67 69 76.0
67 70 66.0
67 71 51.0
67 72 62.0
67 73 72.0
67 74 64.0
67 75 52.0
67 76 89.0
67 77 75.0
67 78 69.0
67 79 50.0
67 80 55.0
67 81 58.0
67 82 74.0
67 83 51.0
67 84 63.0
67 85 94.0
67 86 85.0
67 87 76.0
67 88 81.0
67 89 83.0
67 90 67.0
67 91 95.0
67 92 70.0
67 93 50.0
67 94 89.0
67 95 72.0
67 96 79.0
67 97 92.0
67 98 77.0
67 99 82.0
68 69 76.0
68 70 67.0
68 71 66.0
68 72 64.0
68 73 100.0
68 74 96.0
68 75 59.0
68 76 62.0
68 77 87.0
68 78 61.0
68 79 58.0
68 80 52.0
68 81 93.0
68 82 87.0
68 83 71.0
68 84 81.0
68 85 79.0
68 86 99.0
68 87 90.0
68 88 60.0
68 89 100.0
68 90 73.0
68 91 77.0
68 92 78.0
68 93 67.0
68 94 55.0
68 95 76.0
68 96 54.0
68 97 58.0
68 98 92.0
68 99 77.0
69 70 88.0
69 71 91.0
69 72 97.0
69 73 55.0
69 74 84.0
69 75 57.0
69 76 97.0
69 77 78.0
69 78 82.0
69 79 82.0
69 80 50.0
69 81 63.0
69 82 69.0
69 83 71.0
69 84 96.0
69 85 96.0
69 86 68.0
69 87 70.0
69 88 64.0
69 89 62.0
69 90 76.0
69 91 94.0
69 92 79.0
69 93 53.0
69 94 57.0
69 95 85.0
69 96 59.0
69 97 66.0
69 98 85.0
69 99 97.0
70 71 59.0
70 72 75.0
70 73 91.0
70 74 68.0
70 75 57.0
70 76 86.0
70 77 88.0
70 78 77.0
70 79 91.0
70 80 66.0
70 81 67.0
70 82 99.0
70 83 69.0
70 84 65.0
70 85 57.0
70 86 85.0
70 87 63.0
70 88 80.0
70 89 96.0
70 90 76.0
70 91 75.0
70 92 92.0
70 93 52.0
70 94 93.0
70 95 53.0
70 96 63.0
70 97 59.0
70 98 63.0
70 99 78.0
71 72 72.0
71 73 54.0
71 74 92.0
71 75 99.0
71 76 75.0
71 77 69.0
71 78 68.0
71 79 85.0
71 80 76.0
71 81 92.0
71 82 88.0
71 83 68.0
71 84 95.0
71 85 96.0
71 86 73.0
71 87 56.0
71 88 61.0
71 89 81.0
71 90 62.0
71 91 94.0
71 92 51.0
71 93 96.0
71 94 55.0
71 95 65.0
71 96 61.0
71 97 77.0
71 98 74.0
71 99 53.0
72 73 62.0
72 74 78.0
72 75 79.0
72 76 72.0
72 77 91.0
72 78 74.0
72 79 91.0
72 80 61.0
72 81 77.0
72 82 86.0
72 83 91.0
72 84 59.0
72 85 91.0
72 86 72.0
72 87 53.0
72 88 53.0
72 89 54.0
72 90 80.0
72 91 64.0
72 92 78.0
72 93 62.0
72 94 86.0
72 95 55.0
72 96 66.0
72 97 89.0
72 98 65.0
72 99 56.0
73 74 75.0
73 75 57.0
73 76 58.0
73 77 80.0
73 78 66.0
73 79 94.0
73 80 69.0
73 81 66.0
73 82 51.0
73 83 55.0
73 84 99.0
73 85 95.0
73 86 64.0
73 87 96.0
73 88 92.0
73 89 56.0
73 90 64.0
73 91 51.0
73 92 54.0
73 93 95.0
73 94 78.0
73 95 71.0
73 96 58.0
73 97 75.0
73 98 96.0
73 99 96.0
74 75 90.0
74 76 97.0
74 77 61.0
74 78 90.0
74 79 58.0
74 80 70.0
74 81 59.0
74 82 88.0
74 83 79.0
74 84 64.0
74 85 79.0
74 86 80.0
74 87 62.0
74 88 68.0
74 89 55.0
74 90 95.0
74 91 100.0
74 92 96.0
74 93 80.0
74 94 87.0
74 95 79.0
74 96 57.0
74 97 91.0
74 98 58.0
74 99 67.0
75 76 83.0
75 77 91.0
75 78 85.0
75 79 68.0
75 80 76.0
75 81 81.0
75 82 54.0
75 83 69.0
75 84 70.0
75 85 89.0
75 86 66.0
75 87 93.0
75 88 72.0
75 89 87.0
75 90 83.0
75 91 61.0
75 92 66.0
75 93 57.0
75 94 84.0
75 95 66.0
75 96 86.0
75 97 87.0
75 98 91.0
75 99 53.0
76 77 61.0
76 78 100.0
76 79 93.0
76 80 64.0
76 81 65.0
76 82 81.0
76 83 97.0
76 84 54.0
76 85 79.0
76 86 70.0
76 87 97.0
76 88 80.0
76 89 65.0
76 90 90.0
76 91 75.0
76 92 79.0
76 93 96.0
76 94 86.0
76 95 83.0
76 96 97.0
76 97 89.0
76 98 59.0
76 99 90.0
77 78 96.0
77 79 94.0
77 80 76.0
77 81 55.0
77 82 50.0
77 83 51.0
77 84 60.0
77 85 67.0
77 86 87.0
77 87 90.0
77 88 58.0
77 89 67.0
77 90 63.0
77 91 65.0
77 92 54.0
77 93 53.0
77 94 100.0
77 95 55.0
77 96 61.0
77 97 60.0
77 98 80.0
77 99 75.0
78 79 93.0
78 80 89.0
78 81 70.0
78 82 76.0
78 83 99.0
78 84 67.0
78 85 75.0
78 86 83.0
78 87 98.0
78 88 57.0
78 89 57.0
78 90 55.0
78 91 78.0
78 92 63.0
78 93 89.0
78 94 72.0
78 95 98.0
78 96 98.0
78 97 54.0
78 98 63.0
78 99 87.0
79 80 53.0
79 81 93.0
79 82 69.0
79 83 65.0
79 84 93.0
79 85 72.0
79 86 98.0
79 87 82.0
79 88 64.0
79 89 59.0
79 90 95.0
79 91 51.0
79 92 51.0
79 93 70.0
79 94 58.0
79 95 64.0
79 96 63.0
79 97 94.0
79 98 72.0
79 99 51.0
80 81 66.0
80 82 78.0
80 83 50.0
80 84 92.0
80 85 60.0
80 86 61.0
80 87 61.0
80 88 80.0
80 89 58.0
80 90 82.0
80 91 60.0
80 92 78.0
80 93 94.0
80 94 93.0
80 95 83.0
80 96 98.0
80 97 93.0
80 98 70.0
80 99 82.0
81 82 51.0
81 83 89.0
81 84 68.0
81 85 69.0
81 86 70.0
81 87 90.0
81 88 99.0
81 89 87.0
81 90 84.0
81 91 59.0
81 92 52.0
81 93 68.0
81 94 76.0
81 95 88.0
81 96 79.0
81 97 60.0
81 98 96.0
81 99 74.0
82 83 60.0
82 84 50.0
82 85 86.0
82 86 86.0
82 87 63.0
82 88 81.0
82 89 53.0
82 90 52.0
82 91 80.0
82 92 93.0
82 93 93.0
82 94 65.0
82 95 92.0
82 96 69.0
82 97 99.0
82 98 90.0
82 99 64.0
83 84 50.0
83 85 98.0
83 86 63.0
83 87 62.0
83 88 90.0
83 89 86.0
83 90 85.0
83 91 82.0
83 92 96.0
83 93 69.0
83 94 55.0
83 95 94.0
83 96 76.0
83 97 93.0
83 98 83.0
83 99 79.0
84 85 71.0
84 86 55.0
84 87 81.0
84 88 69.0
84 89 98.0
84 90 96.0
84 91 84.0
84 92 88.0
84 93 94.0
84 94 81.0
84 95 64.0
84 96 56.0
84 97 72.0
84 98 81.0
84 99 68.0
85 86 69.0
85 87 88.0
85 88 80.0
85 89 63.0
85 90 99.0
85 91 81.0
85 92 100.0
85 93 77.0
85 94 70.0
85 95 55.0
85 96 100.0
85 97 75.0
85 98 100.0
85 99 66.0
86 87 62.0
86 88 61.0
86 89 68.0
86 90 96.0
86 91 81.0
86 92 83.0
86 93 66.0
86 94 66.0
86 95 72.0
86 96 64.0
86 97 90.0
86 98 60.0
86 99 55.0
87 88 98.0
87 89 75.0
87 90 54.0
87 91 87.0
87 92 96.0
87 93 93.0
87 94 94.0
87 95 55.0
87 96 70.0
87 97 76.0
87 98 56.0
87 99 98.0
88 89 71.0
88 90 51.0
88 91 75.0
88 92 79.0
88 93 81.0
88 94 51.0
88 95 97.0
88 96 63.0
88 97 79.0
88 98 60.0
88 99 60.0
89 90 67.0
89 91 67.0
89 92 93.0
89 93 99.0
89 94 85.0
89 95 77.0
89 96 95.0
89 97 96.0
89 98 98.0
89 99 58.0
90 91 99.0
90 92 72.0
90 93 83.0
90 94 61.0
90 95 71.0
90 96 92.0
90 97 85.0
90 98 77.0
90 99 99.0
91 92 67.0
91 93 71.0
91 94 82.0
91 95 89.0
91 96 98.0
91 97 91.0
91 98 52.0
91 99 98.0
92 93 79.0
92 94 67.0
92 95 61.0
92 96 87.0
92 97 63.0
92 98 80.0
92 99 78.0
93 94 98.0
93 95 87.0
93 96 93.0
93 97 85.0
93 98 60.0
93 99 65.0
94 95 88.0
94 96 75.0
94 97 58.0
94 98 56.0
94 99 82.0
95 96 88.0
95 97 92.0
95 98 94.0
95 99 69.0
96 97 55.0
96 98 82.0
96 99 100.0
97 98 96.0
97 99 63.0
98 99 70.0
