100
0 1 72.0
0 2 98.0
0 3 53.0
0 4 100.0
0 5 95.0
0 6 93.0
0 7 97.0
0 8 94.0
0 9 60.0
0 10 83.0
0 11 91.0
0 12 97.0
0 13 69.0
0 14 59.0
0 15 91.0
0 16 72.0
0 17 71.0
0 18 64.0
0 19 74.0
0 20 95.0
0 21 71.0
0 22 50.0
0 23 69.0
0 24 91.0
0 25 63.0
0 26 64.0
0 27 78.0
0 28 91.0
0 29 68.0
0 30 98.0
0 31 89.0
0 32 64.0
0 33 74.0
0 34 87.0
0 35 56.0
0 36 51.0
0 37 51.0
0 38 62.0
0 39 73.0
0 40 70.0
0 41 67.0
0 42 69.0
0 43 80.0
0 44 73.0
0 45 66.0
0 46 59.0
0 47 58.0
0 48 99.0
0 49 93.0
0 50 89.0
0 51 78.0
0 52 54.0
0 53 90.0
0 54 68.0
0 55 76.0
0 56 59.0
0 57 50.0
0 58 59.0
0 59 63.0
0 60 88.0
0 61 67.0
0 62 52.0
0 63 68.0
0 64 51.0
0 65 83.0
0 66 82.0
0 67 98.0
0 68 72.0
0 69 62.0
0 70 95.0
0 71 92.0
0 72 51.0
0 73 56.0
0 74 51.0
0 75 86.0
0 76 81.0
0 77 96.0
0 78 84.0
0 79 64.0
0 80 67.0
0 81 60.0
0 82 65.0
0 83 74.0
0 84 86.0
0 85 66.0
0 86 62.0
0 87 86.0
0 88 78.0
0 89 75.0
0 90 89.0
0 91 90.0
0 92 75.0
0 93 83.0
0 94 63.0
0 95 59.0
0 96 65.0
0 97 93.0
0 98 68.0
0 99 66.0
1 2 76.0
1 3 83.0
1 4 70.0
1 5 83.0
1 6 50.0
1 7 97.0
1 8 94.0
1 9 58.0
1 10 83.0
1 11 58.0
1 12 78.0
1 13 93.0
1 14 55.0
1 15 84.0
1 16 59.0
1 17 72.0
1 18 81.0
1 19 88.0
1 20 53.0
1 21 52.0
1 22 91.0
1 23 88.0
1 24 79.0
1 25 74.0
1 26 50.0
1 27 91.0
1 28 72.0
1 29 65.0
1 30 99.0
1 31 80.0
1 32 85.0
1 33 62.0
1 34 92.0
1 35 56.0
1 36 73.0
1 37 90.0
1 38 50.0
1 39 66.0
1 40 56.0
1 41 70.0
1 42 70.0
1 43 86.0
1 44 93.0
1 45 81.0
1 46 64.0
1 47 67.0
1 48 94.0
1 49 59.0
1 50 52.0
1 51 100.0
1 52 99.0
1 53 72.0
1 54 99.0
1 55 56.0
1 56 82.0
1 57 52.0
1 58 75.0
1 59 73.0
1 60 62.0
1 61 87.0
1 62 94.0
1 63 65.0
1 64 87.0
1 65 60.0
1 66 70.0
1 67 68.0
1 68 95.0
1 69 87.0
1 70 84.0
1 71 62.0
1 72 84.0
1 73 76.0
1 74 70.0
1 75 76.0
1 76 89.0
1 77 69.0
1 78 64.0
1 79 62.0
1 80 81.0
1 81 65.0
1 82 55.0
1 83 55.0
1 84 75.0
1 85 57.0
1 86 53.0
1 87 87.0
1 88 66.0
1 89 82.0
1 90 99.0
1 91 100.0
1 92 73.0
1 93 96.0
1 94 84.0
1 95 79.0
1 96 73.0
1 97 71.0
1 98 86.0
1 99 56.0
2 3 85.0
2 4 79.0
2 5 82.0
2 6 72.0
2 7 57.0
2 8 53.0
2 9 79.0
2 10 75.0
2 11 51.0
2 12 66.0
2 13 92.0
2 14 93.0
2 15 63.0
2 16 51.0
2 17 92.0
2 18 64.0
2 19 75.0
2 20 77.0
2 21 58.0
2 22 81.0
2 23 52.0
2 24 100.0
2 25 93.0
2 26 81.0
2 27 71.0
2 28 67.0
2 29 99.0
2 30 79.0
2 31 74.0
2 32 58.0
2 33 67.0
2 34 85.0
2 35 72.0
2 36 93.0
2 37 54.0
2 38 81.0
2 39 56.0
2 40 59.0
2 41 73.0
2 42 74.0
2 43 92.0
2 44 52.0
2 45 82.0
2 46 59.0
2 47 72.0
2 48 57.0
2 49 100.0
2 50 57.0
2 51 89.0
2 52 83.0
2 53 58.0
2 54 62.0
2 55 67.0
2 56 90.0
2 57 71.0
2 58 68.0
2 59 51.0
2 60 90.0
2 61 96.0
2 62 86.0
2 63 82.0
2 64 50.0
2 65 74.0
2 66 74.0
2 67 91.0
2 68 68.0
2 69 64.0
2 70 69.0
2 71 68.0
2 72 53.0
2 73 89.0
2 74 55.0
2 75 79.0
2 76 73.0
2 77 96.0
2 78 93.0
2 79 99.0
2 80 94.0
2 81 90.0
2 82 77.0
2 83 83.0
2 84 93.0
2 85 78.0
2 86 76.0
2 87 80.0
2 88 79.0
2 89 89.0
2 90 87.0
2 91 72.0
2 92 87.0
2 93 62.0
2 94 70.0
2 95 82.0
2 96 96.0
2 97 67.0
2 98 83.0
2 99 88.0
3 4 71.0
3 5 57.0
3 6 84.0
3 7 51.0
3 8 57.0
3 9 68.0
3 10 98.0
3 11 99.0
3 12 96.0
3 13 52.0
3 14 60.0
3 15 50.0
3 16 57.0
3 17 92.0
3 18 88.0
3 19 88.0
3 20 65.0
3 21 95.0
3 22 67.0
3 23 93.0
3 24 91.0
3 25 74.0
3 26 81.0
3 27 90.0
3 28 85.0
3 29 66.0
3 30 67.0
3 31 80.0
3 32 96.0
3 33 87.0
3 34 73.0
3 35 90.0
3 36 55.0
3 37 87.0
3 38 61.0
3 39 79.0
3 40 73.0
3 41 89.0
3 42 83.0
3 43 51.0
3 44 73.0
3 45 94.0
3 46 96.0
3 47 77.0
3 48 96.0
3 49 74.0
3 50 86.0
3 51 81.0
3 52 65.0
3 53 91.0
3 54 64.0
3 55 63.0
3 56 90.0
3 57 75.0
3 58 75.0
3 59 78.0
3 60 57.0
3 61 76.0
3 62 64.0
3 63 84.0
3 64 90.0
3 65 100.0
3 66 64.0
3 67 83.0
3 68 90.0
3 69 65.0
3 70 71.0
3 71 96.0
3 72 73.0
3 73 61.0
3 74 93.0
3 75 92.0
3 76 76.0
3 77 51.0
3 78 84.0
3 79 77.0
3 80 89.0
3 81 54.0
3 82 73.0
3 83 75.0
3 84 99.0
3 85 69.0
3 86 95.0
3 87 75.0
3 88 89.0
3 89 52.0
3 90 69.0
3 91 79.0
3 92 51.0
3 93 79.0
3 94 100.0
3 95 76.0
3 96 99.0
3 97 64.0
3 98 61.0
3 99 95.0
4 5 73.0
4 6 96.0
4 7 57.0
4 8 100.0
4 9 52.0
4 10 95.0
4 11 77.0
4 12 70.0
4 13 90.0
4 14 59.0
4 15 70.0
4 16 96.0
4 17 50.0
4 18 79.0
4 19 87.0
4 20 87.0
4 21 64.0
4 22 86.0
4 23 51.0
4 24 89.0
4 25 87.0
4 26 68.0
4 27 93.0
4 28 56.0
4 29 94.0
4 30 50.0
4 31 64.0
4 32 69.0
4 33 52.0
4 34 53.0
4 35 64.0
4 36 90.0
4 37 52.0
4 38 73.0
4 39 79.0
4 40 54.0
4 41 86.0
4 42 64.0
4 43 82.0
4 44 69.0
4 45 92.0
4 46 81.0
4 47 69.0
4 48 91.0
4 49 51.0
4 50 62.0
4 51 97.0
4 52 79.0
4 53 89.0
4 54 58.0
4 55 65.0
4 56 52.0
4 57 78.0
4 58 68.0
4 59 80.0
4 60 82.0
4 61 60.0
4 62 58.0
4 63 72.0
4 64 75.0
4 65 51.0
4 66 75.0
4 67 96.0
4 68 73.0
4 69 77.0
4 70 56.0
4 71 99.0
4 72 58.0
4 73 82.0
4 74 58.0
4 75 86.0
4 76 52.0
4 77 76.0
4 78 81.0
4 79 78.0
4 80 55.0
4 81 93.0
4 82 55.0
4 83 72.0
4 84 56.0
4 85 84.0
4 86 84.0
4 87 54.0
4 88 87.0
4 89 82.0
4 90 64.0
4 91 99.0
4 92 98.0
4 93 92.0
4 94 56.0
4 95 73.0
4 96 62.0
4 97 90.0
4 98 83.0
4 99 99.0
5 6 75.0
5 7 69.0
5 8 79.0
5 9 95.0
5 10 58.0
5 11 79.0
5 12 76.0
5 13 62.0
5 14 66.0
5 15 55.0
5 16 81.0
5 17 64.0
5 18 87.0
5 19 91.0
5 20 96.0
5 21 72.0
5 22 67.0
5 23 73.0
5 24 60.0
5 25 87.0
5 26 94.0
5 27 78.0
5 28 57.0
5 29 72.0
5 30 90.0
5 31 53.0
5 32 58.0
5 33 58.0
5 34 63.0
5 35 91.0
5 36 91.0
5 37 64.0
5 38 69.0
5 39 73.0
5 40 98.0
5 41 96.0
5 42 86.0
5 43 90.0
5 44 50.0
5 45 79.0
5 46 64.0
5 47 89.0
5 48 88.0
5 49 82.0
5 50 54.0
5 51 70.0
5 52 80.0
5 53 83.0
5 54 71.0
5 55 50.0
5 56 96.0
5 57 55.0
5 58 84.0
5 59 61.0
5 60 57.0
5 61 84.0
5 62 68.0
5 63 64.0
5 64 71.0
5 65 71.0
5 66 63.0
5 67 100.0
5 68 92.0
5 69 63.0
5 70 83.0
5 71 88.0
5 72 95.0
5 73 88.0
5 74 68.0
5 75 73.0
5 76 74.0
5 77 96.0
5 78 61.0
5 79 85.0
5 80 55.0
5 81 57.0
5 82 75.0
5 83 64.0
5 84 56.0
5 85 78.0
5 86 54.0
5 87 64.0
5 88 59.0
5 89 55.0
5 90 91.0
5 91 71.0
5 92 98.0
5 93 73.0
5 94 70.0
5 95 69.0
5 96 92.0
5 97 76.0
5 98 56.0
5 99 61.0
6 7 87.0
6 8 78.0
6 9 76.0
6 10 67.0
6 11 83.0
6 12 96.0
6 13 82.0
6 14 95.0
6 15 50.0
6 16 99.0
6 17 77.0
6 18 76.0
6 19 97.0
6 20 60.0
6 21 58.0
6 22 99.0
6 23 74.0
6 24 94.0
6 25 74.0
6 26 82.0
6 27 62.0
6 28 90.0
6 29 80.0
6 30 71.0
6 31 75.0
6 32 63.0
6 33 99.0
6 34 58.0
6 35 81.0
6 36 53.0
6 37 91.0
6 38 92.0
6 39 79.0
6 40 87.0
6 41 95.0
6 42 97.0
6 43 85.0
6 44 62.0
6 45 62.0
6 46 59.0
6 47 79.0
6 48 67.0
6 49 89.0
6 50 79.0
6 51 100.0
6 52 97.0
6 53 84.0
6 54 58.0
6 55 65.0
6 56 63.0
6 57 100.0
6 58 85.0
6 59 92.0
6 60 80.0
6 61 72.0
6 62 75.0
6 63 78.0
6 64 85.0
6 65 66.0
6 66 76.0
6 67 58.0
6 68 91.0
6 69 71.0
6 70 65.0
6 71 75.0
6 72 60.0
6 73 98.0
6 74 87.0
6 75 81.0
6 76 51.0
6 77 55.0
6 78 81.0
6 79 75.0
6 80 88.0
6 81 78.0
6 82 65.0
6 83 96.0
6 84 51.0
6 85 73.0
6 86 66.0
6 87 51.0
6 88 81.0
6 89 68.0
6 90 64.0
6 91 52.0
6 92 86.0
6 93 84.0
6 94 51.0
6 95 62.0
6 96 77.0
6 97 72.0
6 98 55.0
6 99 92.0
7 8 90.0
7 9 63.0
7 10 92.0
7 11 95.0
7 12 68.0
7 13 91.0
7 14 95.0
7 15 67.0
7 16 73.0
7 17 66.0
7 18 50.0
7 19 87.0
7 20 61.0
7 21 53.0
7 22 73.0
7 23 86.0
7 24 86.0
7 25 62.0
7 26 88.0
7 27 85.0
7 28 55.0
7 29 76.0
7 30 70.0
7 31 70.0
7 32 92.0
7 33 86.0
7 34 97.0
7 35 50.0
7 36 57.0
7 37 78.0
7 38 61.0
7 39 85.0
7 40 73.0
7 41 88.0
7 42 100.0
7 43 77.0
7 44 81.0
7 45 82.0
7 46 86.0
7 47 57.0
7 48 80.0
7 49 58.0
7 50 63.0
7 51 75.0
7 52 80.0
7 53 70.0
7 54 84.0
7 55 86.0
7 56 57.0
7 57 61.0
7 58 51.0
7 59 96.0
7 60 94.0
7 61 69.0
7 62 68.0
7 63 90.0
7 64 92.0
7 65 75.0
7 66 58.0
7 67 51.0
7 68 100.0
7 69 95.0
7 70 70.0
7 71 66.0
7 72 79.0
7 73 61.0
7 74 72.0
7 75 61.0
7 76 92.0
7 77 83.0
7 78 56.0
7 79 61.0
7 80 95.0
7 81 77.0
7 82 78.0
7 83 73.0
7 84 92.0
7 85 82.0
7 86 54.0
7 87 84.0
7 88 69.0
7 89 98.0
7 90 100.0
7 91 83.0
7 92 94.0
7 93 83.0
7 94 70.0
7 95 92.0
7 96 85.0
7 97 68.0
7 98 62.0
7 99 93.0
8 9 80.0
8 10 75.0
8 11 74.0
8 12 66.0
8 13 85.0
8 14 84.0
8 15 63.0
8 16 61.0
8 17 88.0
8 18 73.0
8 19 83.0
8 20 90.0
8 21 71.0
8 22 62.0
8 23 100.0
8 24 51.0
8 25 68.0
8 26 75.0
8 27 68.0
8 28 72.0
8 29 97.0
8 30 99.0
8 31 92.0
8 32 77.0
8 33 80.0
8 34 89.0
8 35 68.0
8 36 82.0
8 37 85.0
8 38 79.0
8 39 57.0
8 40 83.0
8 41 77.0
8 42 56.0
8 43 70.0
8 44 50.0
8 45 71.0
8 46 67.0
8 47 78.0
8 48 95.0
8 49 82.0
8 50 98.0
8 51 91.0
8 52 56.0
8 53 72.0
8 54 74.0
8 55 75.0
8 56 54.0
8 57 79.0
8 58 51.0
8 59 74.0
8 60 82.0
8 61 59.0
8 62 71.0
8 63 81.0
8 64 91.0
8 65 53.0
8 66 73.0
8 67 54.0
8 68 68.0
8 69 60.0
8 70 72.0
8 71 63.0
8 72 67.0
8 73 93.0
8 74 92.0
8 75 81.0
8 76 67.0
8 77 76.0
8 78 82.0
8 79 53.0
8 80 56.0
8 81 94.0
8 82 80.0
8 83 77.0
8 84 54.0
8 85 78.0
8 86 100.0
8 87 64.0
8 88 68.0
8 89 75.0
8 90 61.0
8 91 65.0
8 92 94.0
8 93 76.0
8 94 80.0
8 95 83.0
8 96 90.0
8 97 100.0
8 98 77.0
8 99 63.0
9 10 90.0
9 11 75.0
9 12 96.0
9 13 87.0
9 14 71.0
9 15 75.0
9 16 55.0
9 17 84.0
9 18 73.0
9 19 80.0
9 20 85.0
9 21 60.0
9 22 94.0
9 23 54.0
9 24 51.0
9 25 71.0
9 26 69.0
9 27 79.0
9 28 93.0
9 29 92.0
9 30 87.0
9 31 96.0
9 32 53.0
9 33 82.0
9 34 63.0
9 35 91.0
9 36 76.0
9 37 86.0
9 38 77.0
9 39 64.0
9 40 59.0
9 41 90.0
9 42 52.0
9 43 58.0
9 44 70.0
9 45 97.0
9 46 99.0
9 47 65.0
9 48 53.0
9 49 96.0
9 50 51.0
9 51 52.0
9 52 99.0
9 53 92.0
9 54 100.0
9 55 74.0
9 56 63.0
9 57 50.0
9 58 68.0
9 59 65.0
9 60 84.0
9 61 55.0
9 62 54.0
9 63 88.0
9 64 88.0
9 65 53.0
9 66 79.0
9 67 80.0
9 68 84.0
9 69 68.0
9 70 52.0
9 71 67.0
9 72 92.0
9 73 68.0
9 74 73.0
9 75 55.0
9 76 56.0
9 77 88.0
9 78 99.0
9 79 99.0
9 80 100.0
9 81 83.0
9 82 80.0
9 83 73.0
9 84 50.0
9 85 69.0
9 86 66.0
9 87 52.0
9 88 60.0
9 89 100.0
9 90 71.0
9 91 55.0
9 92 63.0
9 93 89.0
9 94 65.0
9 95 59.0
9 96 83.0
9 97 98.0
9 98 72.0
9 99 82.0
10 11 53.0
10 12 99.0
10 13 76.0
10 14 77.0
10 15 77.0
10 16 76.0
10 17 79.0
10 18 85.0
10 19 71.0
10 20 100.0
10 21 73.0
10 22 95.0
10 23 82.0
10 24 94.0
10 25 94.0
10 26 67.0
10 27 75.0
10 28 55.0
10 29 92.0
10 30 96.0
10 31 75.0
10 32 68.0
10 33 91.0
10 34 89.0
10 35 62.0
10 36 54.0
10 37 54.0
10 38 73.0
10 39 74.0
10 40 87.0
10 41 84.0
10 42 50.0
10 43 71.0
10 44 72.0
10 45 90.0
10 46 95.0
10 47 50.0
10 48 68.0
10 49 88.0
10 50 98.0
10 51 91.0
10 52 53.0
10 53 81.0
10 54 58.0
10 55 71.0
10 56 52.0
10 57 76.0
10 58 69.0
10 59 61.0
10 60 97.0
10 61 61.0
10 62 89.0
10 63 82.0
10 64 78.0
10 65 68.0
10 66 100.0
10 67 76.0
10 68 64.0
10 69 79.0
10 70 92.0
10 71 63.0
10 72 54.0
10 73 53.0
10 74 98.0
10 75 69.0
10 76 71.0
10 77 66.0
10 78 69.0
10 79 97.0
10 80 58.0
10 81 99.0
10 82 85.0
10 83 54.0
10 84 75.0
10 85 70.0
10 86 100.0
10 87 81.0
10 88 57.0
10 89 80.0
10 90 74.0
10 91 95.0
10 92 62.0
10 93 78.0
10 94 70.0
10 95 50.0
10 96 72.0
10 97 80.0
10 98 55.0
10 99 72.0
11 12 88.0
11 13 89.0
11 14 88.0
11 15 76.0
11 16 78.0
11 17 66.0
11 18 68.0
11 19 85.0
11 20 100.0
11 21 64.0
11 22 73.0
11 23 66.0
11 24 67.0
11 25 79.0
11 26 82.0
11 27 99.0
11 28 99.0
11 29 96.0
11 30 77.0
11 31 58.0
11 32 61.0
11 33 71.0
11 34 91.0
11 35 70.0
11 36 63.0
11 37 85.0
11 38 50.0
11 39 66.0
11 40 65.0
11 41 58.0
11 42 75.0
11 43 83.0
11 44 57.0
11 45 54.0
11 46 71.0
11 47 54.0
11 48 91.0
11 49 50.0
11 50 57.0
11 51 96.0
11 52 81.0
11 53 63.0
11 54 91.0
11 55 87.0
11 56 82.0
11 57 68.0
11 58 55.0
11 59 60.0
11 60 63.0
11 61 59.0
11 62 74.0
11 63 84.0
11 64 79.0
11 65 70.0
11 66 54.0
11 67 98.0
11 68 70.0
11 69 69.0
11 70 100.0
11 71 85.0
11 72 67.0
11 73 56.0
11 74 65.0
11 75 81.0
11 76 84.0
11 77 99.0
11 78 86.0
11 79 94.0
11 80 72.0
11 81 83.0
11 82 67.0
11 83 59.0
11 84 61.0
11 85 100.0
11 86 57.0
11 87 63.0
11 88 89.0
11 89 58.0
11 90 89.0
11 91 78.0
11 92 68.0
11 93 79.0
11 94 89.0
11 95 65.0
11 96 69.0
11 97 58.0
11 98 100.0
11 99 83.0
12 13 67.0
12 14 86.0
12 15 97.0
12 16 58.0
12 17 51.0
12 18 72.0
12 19 62.0
12 20 70.0
12 21 70.0
12 22 72.0
12 23 51.0
12 24 59.0
12 25 51.0
12 26 61.0
12 27 53.0
12 28 71.0
12 29 99.0
12 30 64.0
12 31 66.0
12 32 76.0
12 33 87.0
12 34 84.0
12 35 54.0
12 36 55.0
12 37 87.0
12 38 63.0
12 39 53.0
12 40 54.0
12 41 68.0
12 42 66.0
12 43 60.0
12 44 88.0
12 45 97.0
12 46 81.0
12 47 94.0
12 48 66.0
12 49 74.0
12 50 50.0
12 51 83.0
12 52 56.0
12 53 93.0
12 54 65.0
12 55 96.0
12 56 90.0
12 57 99.0
12 58 97.0
12 59 57.0
12 60 60.0
12 61 56.0
12 62 99.0
12 63 79.0
12 64 73.0
12 65 56.0
12 66 86.0
12 67 60.0
12 68 61.0
12 69 75.0
12 70 100.0
12 71 62.0
12 72 53.0
12 73 85.0
12 74 74.0
12 75 59.0
12 76 86.0
12 77 87.0
12 78 62.0
12 79 74.0
12 80 81.0
12 81 57.0
12 82 96.0
12 83 73.0
12 84 81.0
12 85 51.0
12 86 65.0
12 87 81.0
12 88 69.0
12 89 90.0
12 90 70.0
12 91 73.0
12 92 71.0
12 93 88.0
12 94 75.0
12 95 100.0
12 96 58.0
12 97 53.0
12 98 65.0
12 99 56.0
13 14 55.0
13 15 51.0
13 16 68.0
13 17 78.0
13 18 64.0
13 19 60.0
13 20 93.0
13 21 100.0
13 22 58.0
13 23 55.0
13 24 97.0
13 25 71.0
13 26 90.0
13 27 59.0
13 28 96.0
13 29 95.0
13 30 66.0
13 31 55.0
13 32 92.0
13 33 81.0
13 34 54.0
13 35 63.0
13 36 97.0
13 37 70.0
13 38 59.0
13 39 63.0
13 40 51.0
13 41 75.0
13 42 86.0
13 43 84.0
13 44 90.0
13 45 56.0
13 46 51.0
13 47 63.0
13 48 92.0
13 49 62.0
13 50 59.0
13 51 65.0
13 52 84.0
13 53 64.0
13 54 59.0
13 55 93.0
13 56 95.0
13 57 83.0
13 58 56.0
13 59 99.0
13 60 53.0
13 61 99.0
13 62 69.0
13 63 59.0
13 64 58.0
13 65 85.0
13 66 64.0
13 67 62.0
13 68 95.0
13 69 56.0
13 70 79.0
13 71 83.0
13 72 92.0
13 73 64.0
13 74 99.0
13 75 58.0
13 76 80.0
13 77 91.0
13 78 67.0
13 79 57.0
13 80 74.0
13 81 63.0
13 82 87.0
13 83 73.0
13 84 64.0
13 85 75.0
13 86 83.0
13 87 65.0
13 88 93.0
13 89 96.0
13 90 55.0
13 91 95.0
13 92 92.0
13 93 63.0
13 94 91.0
13 95 64.0
13 96 87.0
13 97 64.0
13 98 86.0
13 99 72.0
14 15 86.0
14 16 76.0
14 17 79.0
14 18 86.0
14 19 97.0
14 20 85.0
14 21 86.0
14 22 93.0
14 23 80.0
14 24 54.0
14 25 99.0
14 26 91.0
14 27 88.0
14 28 85.0
14 29 57.0
14 30 50.0
14 31 87.0
14 32 84.0
14 33 65.0
14 34 81.0
14 35 77.0
14 36 52.0
14 37 78.0
14 38 64.0
14 39 61.0
14 40 56.0
14 41 59.0
14 42 59.0
14 43 100.0
14 44 69.0
14 45 63.0
14 46 89.0
14 47 84.0
14 48 51.0
14 49 92.0
14 50 55.0
14 51 65.0
14 52 71.0
14 53 93.0
14 54 80.0
14 55 57.0
14 56 68.0
14 57 59.0
14 58 86.0
14 59 96.0
14 60 84.0
14 61 60.0
14 62 70.0
14 63 92.0
14 64 97.0
14 65 87.0
14 66 71.0
14 67 87.0
14 68 89.0
14 69 61.0
14 70 53.0
14 71 91.0
14 72 74.0
14 73 82.0
14 74 62.0
14 75 56.0
14 76 100.0
14 77 100.0
14 78 50.0
14 79 86.0
14 80 63.0
14 81 82.0
14 82 50.0
14 83 62.0
14 84 65.0
14 85 90.0
14 86 64.0
14 87 84.0
14 88 90.0
14 89 77.0
14 90 79.0
14 91 88.0
14 92 55.0
14 93 58.0
14 94 60.0
14 95 61.0
14 96 79.0
14 97 96.0
14 98 58.0
14 99 92.0
15 16 73.0
15 17 85.0
15 18 55.0
15 19 74.0
15 20 100.0
15 21 93.0
15 22 68.0
15 23 83.0
15 24 91.0
15 25 66.0
15 26 60.0
15 27 92.0
15 28 92.0
15 29 86.0
15 30 100.0
15 31 52.0
15 32 94.0
15 33 86.0
15 34 97.0
15 35 53.0
15 36 54.0
15 37 98.0
15 38 76.0
15 39 71.0
15 40 57.0
15 41 67.0
15 42 80.0
15 43 59.0
15 44 92.0
15 45 96.0
15 46 69.0
15 47 57.0
15 48 51.0
15 49 93.0
15 50 84.0
15 51 93.0
15 52 84.0
15 53 59.0
15 54 75.0
15 55 53.0
15 56 74.0
15 57 63.0
15 58 99.0
15 59 97.0
15 60 67.0
15 61 87.0
15 62 97.0
15 63 64.0
15 64 53.0
15 65 72.0
15 66 69.0
15 67 71.0
15 68 98.0
15 69 65.0
15 70 76.0
15 71 63.0
15 72 75.0
15 73 61.0
15 74 63.0
15 75 80.0
15 76 64.0
15 77 80.0
15 78 56.0
15 79 54.0
15 80 74.0
15 81 81.0
15 82 66.0
15 83 80.0
15 84 80.0
15 85 97.0
15 86 72.0
15 87 76.0
15 88 73.0
15 89 94.0
15 90 90.0
15 91 95.0
15 92 79.0
15 93 81.0
15 94 62.0
15 95 82.0
15 96 77.0
15 97 72.0
15 98 52.0
15 99 55.0
16 17 54.0
16 18 57.0
16 19 72.0
16 20 51.0
16 21 62.0
16 22 65.0
16 23 52.0
16 24 85.0
16 25 75.0
16 26 66.0
16 27 89.0
16 28 94.0
16 29 91.0
16 30 60.0
16 31 61.0
16 32 68.0
16 33 94.0
16 34 91.0
16 35 94.0
16 36 54.0
16 37 50.0
16 38 99.0
16 39 95.0
16 40 55.0
16 41 92.0
16 42 83.0
16 43 85.0
16 44 89.0
16 45 90.0
16 46 88.0
16 47 60.0
16 48 50.0
16 49 62.0
16 50 96.0
16 51 74.0
16 52 80.0
16 53 59.0
16 54 92.0
16 55 58.0
16 56 69.0
16 57 57.0
16 58 65.0
16 59 54.0
16 60 51.0
16 61 54.0
16 62 69.0
16 63 64.0
16 64 77.0
16 65 65.0
16 66 65.0
16 67 50.0
16 68 74.0
16 69 65.0
16 70 59.0
16 71 51.0
16 72 55.0
16 73 57.0
16 74 64.0
16 75 94.0
16 76 71.0
16 77 96.0
16 78 53.0
16 79 68.0
16 80 56.0
16 81 76.0
16 82 91.0
16 83 60.0
16 84 50.0
16 85 59.0
16 86 73.0
16 87 56.0
16 88 67.0
16 89 72.0
16 90 53.0
16 91 54.0
16 92 60.0
16 93 52.0
16 94 93.0
16 95 78.0
16 96 66.0
16 97 65.0
16 98 96.0
16 99 66.0
17 18 96.0
17 19 59.0
17 20 78.0
17 21 70.0
17 22 88.0
17 23 93.0
17 24 63.0
17 25 70.0
17 26 50.0
17 27 73.0
17 28 62.0
17 29 63.0
17 30 83.0
17 31 99.0
17 32 66.0
17 33 90.0
17 34 68.0
17 35 99.0
17 36 87.0
17 37 86.0
17 38 62.0
17 39 80.0
17 40 60.0
17 41 58.0
17 42 75.0
17 43 95.0
17 44 52.0
17 45 85.0
17 46 90.0
17 47 71.0
17 48 99.0
17 49 64.0
17 50 91.0
17 51 74.0
17 52 78.0
17 53 100.0
17 54 98.0
17 55 58.0
17 56 75.0
17 57 86.0
17 58 90.0
17 59 55.0
17 60 100.0
17 61 94.0
17 62 94.0
17 63 80.0
17 64 77.0
17 65 59.0
17 66 65.0
17 67 72.0
17 68 68.0
17 69 83.0
17 70 86.0
17 71 55.0
17 72 77.0
17 73 79.0
17 74 86.0
17 75 90.0
17 76 64.0
17 77 86.0
17 78 54.0
17 79 86.0
17 80 62.0
17 81 97.0
17 82 92.0
17 83 73.0
17 84 60.0
17 85 71.0
17 86 78.0
17 87 94.0
17 88 83.0
17 89 54.0
17 90 62.0
17 91 95.0
17 92 50.0
17 93 51.0
17 94 70.0
17 95 86.0
17 96 50.0
17 97 61.0
17 98 85.0
17 99 52.0
18 19 75.0
18 20 96.0
18 21 97.0
18 22 70.0
18 23 85.0
18 24 58.0
18 25 63.0
18 26 95.0
18 27 65.0
18 28 94.0
18 29 78.0
18 30 86.0
18 31 89.0
18 32 90.0
18 33 78.0
18 34 76.0
18 35 76.0
18 36 69.0
18 37 58.0
18 38 52.0
18 39 60.0
18 40 89.0
18 41 73.0
18 42 62.0
18 43 89.0
18 44 54.0
18 45 69.0
18 46 79.0
18 47 81.0
18 48 90.0
18 49 69.0
18 50 99.0
18 51 85.0
18 52 76.0
18 53 51.0
18 54 98.0
18 55 50.0
18 56 93.0
18 57 60.0
18 58 100.0
18 59 100.0
18 60 94.0
18 61 90.0
18 62 62.0
18 63 66.0
18 64 77.0
18 65 80.0
18 66 62.0
18 67 55.0
18 68 72.0
18 69 55.0
18 70 56.0
18 71 97.0
18 72 68.0
18 73 83.0
18 74 79.0
18 75 62.0
18 76 83.0
18 77 75.0
18 78 67.0
18 79 79.0
18 80 94.0
18 81 65.0
18 82 78.0
18 83 73.0
18 84 90.0
18 85 51.0
18 86 92.0
18 87 69.0
18 88 99.0
18 89 56.0
18 90 81.0
18 91 80.0
18 92 52.0
18 93 65.0
18 94 63.0
18 95 76.0
18 96 63.0
18 97 98.0
18 98 68.0
18 99 57.0
19 20 78.0
19 21 75.0
19 22 65.0
19 23 100.0
19 24 87.0
19 25 85.0
19 26 57.0
19 27 87.0
19 28 72.0
19 29 70.0
19 30 98.0
19 31 84.0
19 32 53.0
19 33 94.0
19 34 100.0
19 35 70.0
19 36 70.0
19 37 79.0
19 38 52.0
19 39 81.0
19 40 70.0
19 41 87.0
19 42 88.0
19 43 67.0
19 44 75.0
19 45 60.0
19 46 55.0
19 47 96.0
19 48 91.0
19 49 78.0
19 50 83.0
19 51 69.0
19 52 97.0
19 53 84.0
19 54 82.0
19 55 54.0
19 56 61.0
19 57 70.0
19 58 54.0
19 59 90.0
19 60 84.0
19 61 72.0
19 62 66.0
19 63 83.0
19 64 93.0
19 65 53.0
19 66 86.0
19 67 100.0
19 68 60.0
19 69 64.0
19 70 92.0
19 71 69.0
19 72 70.0
19 73 51.0
19 74 79.0
19 75 52.0
19 76 87.0
19 77 89.0
19 78 67.0
19 79 96.0
19 80 60.0
19 81 87.0
19 82 71.0
19 83 54.0
19 84 97.0
19 85 51.0
19 86 94.0
19 87 74.0
19 88 75.0
19 89 90.0
19 90 54.0
19 91 77.0
19 92 97.0
19 93 100.0
19 94 88.0
19 95 87.0
19 96 66.0
19 97 54.0
19 98 52.0
19 99 99.0
20 21 90.0
20 22 69.0
20 23 93.0
20 24 68.0
20 25 70.0
20 26 70.0
20 27 91.0
20 28 73.0
20 29 78.0
20 30 54.0
20 31 90.0
20 32 63.0
20 33 86.0
20 34 67.0
20 35 93.0
20 36 54.0
20 37 75.0
20 38 53.0
20 39 91.0
20 40 57.0
20 41 98.0
20 42 97.0
20 43 88.0
20 44 64.0
20 45 93.0
20 46 61.0
20 47 98.0
20 48 62.0
20 49 100.0
20 50 89.0
20 51 81.0
20 52 90.0
20 53 71.0
20 54 72.0
20 55 68.0
20 56 79.0
20 57 67.0
20 58 63.0
20 59 54.0
20 60 67.0
20 61 90.0
20 62 60.0
20 63 96.0
20 64 71.0
20 65 75.0
20 66 63.0
20 67 58.0
20 68 83.0
20 69 84.0
20 70 87.0
20 71 52.0
20 72 98.0
20 73 98.0
20 74 100.0
20 75 84.0
20 76 96.0
20 77 83.0
20 78 66.0
20 79 100.0
20 80 80.0
20 81 75.0
20 82 77.0
20 83 50.0
20 84 65.0
20 85 98.0
20 86 92.0
20 87 53.0
20 88 90.0
20 89 81.0
20 90 53.0
20 91 71.0
20 92 82.0
20 93 95.0
20 94 89.0
20 95 64.0
20 96 68.0
20 97 95.0
20 98 84.0
20 99 82.0
21 22 72.0
21 23 74.0
21 24 60.0
21 25 68.0
21 26 63.0
21 27 55.0
21 28 87.0
21 29 87.0
21 30 75.0
21 31 66.0
21 32 50.0
21 33 78.0
21 34 65.0
21 35 66.0
21 36 77.0
21 37 80.0
21 38 94.0
21 39 99.0
21 40 94.0
21 41 87.0
21 42 54.0
21 43 72.0
21 44 95.0
21 45 79.0
21 46 93.0
21 47 82.0
21 48 84.0
21 49 64.0
21 50 74.0
21 51 86.0
21 52 50.0
21 53 52.0
21 54 76.0
21 55 68.0
21 56 70.0
21 57 81.0
21 58 82.0
21 59 91.0
21 60 66.0
21 61 94.0
21 62 74.0
21 63 69.0
21 64 73.0
21 65 82.0
21 66 74.0
21 67 76.0
21 68 57.0
21 69 65.0
21 70 88.0
21 71 51.0
21 72 87.0
21 73 59.0
21 74 81.0
21 75 69.0
21 76 92.0
21 77 62.0
21 78 55.0
21 79 82.0
21 80 84.0
21 81 82.0
21 82 89.0
21 83 64.0
21 84 94.0
21 85 71.0
21 86 54.0
21 87 88.0
21 88 62.0
21 89 54.0
21 90 77.0
21 91 65.0
21 92 96.0
21 93 71.0
21 94 88.0
21 95 83.0
21 96 82.0
21 97 94.0
21 98 74.0
21 99 92.0
22 23 60.0
22 24 65.0
22 25 78.0
22 26 56.0
22 27 91.0
22 28 92.0
22 29 70.0
22 30 93.0
22 31 85.0
22 32 80.0
22 33 68.0
22 34 98.0
22 35 77.0
22 36 70.0
22 37 79.0
22 38 74.0
22 39 77.0
22 40 66.0
22 41 80.0
22 42 75.0
22 43 98.0
22 44 76.0
22 45 76.0
22 46 80.0
22 47 58.0
22 48 56.0
22 49 96.0
22 50 88.0
22 51 95.0
22 52 70.0
22 53 87.0
22 54 69.0
22 55 72.0
22 56 90.0
22 57 87.0
22 58 100.0
22 59 82.0
22 60 75.0
22 61 93.0
22 62 86.0
22 63 82.0
22 64 97.0
22 65 65.0
22 66 72.0
22 67 60.0
22 68 75.0
22 69 89.0
22 70 93.0
22 71 96.0
22 72 56.0
22 73 99.0
22 74 64.0
22 75 69.0
22 76 73.0
22 77 73.0
22 78 68.0
22 79 82.0
22 80 93.0
22 81 73.0
22 82 78.0
22 83 56.0
22 84 99.0
22 85 94.0
22 86 92.0
22 87 50.0
22 88 64.0
22 89 89.0
22 90 51.0
22 91 53.0
22 92 57.0
22 93 99.0
22 94 66.0
22 95 69.0
22 96 94.0
22 97 94.0
22 98 87.0
22 99 73.0
23 24 83.0
23 25 91.0
23 26 75.0
23 27 57.0
23 28 60.0
23 29 78.0
23 30 65.0
23 31 91.0
23 32 90.0
23 33 92.0
23 34 59.0
23 35 96.0
23 36 53.0
23 37 64.0
23 38 54.0
23 39 55.0
23 40 72.0
23 41 92.0
23 42 69.0
23 43 84.0
23 44 60.0
23 45 98.0
23 46 92.0
23 47 55.0
23 48 51.0
23 49 78.0
23 50 82.0
23 51 70.0
23 52 61.0
23 53 57.0
23 54 80.0
23 55 100.0
23 56 67.0
23 57 72.0
23 58 69.0
23 59 80.0
23 60 97.0
23 61 97.0
23 62 53.0
23 63 85.0
23 64 64.0
23 65 97.0
23 66 92.0
23 67 79.0
23 68 66.0
23 69 91.0
23 70 69.0
23 71 68.0
23 72 100.0
23 73 51.0
23 74 50.0
23 75 90.0
23 76 65.0
23 77 87.0
23 78 68.0
23 79 100.0
23 80 62.0
23 81 85.0
23 82 52.0
23 83 92.0
23 84 83.0
23 85 55.0
23 86 60.0
23 87 59.0
23 88 52.0
23 89 54.0
23 90 63.0
23 91 56.0
23 92 76.0
23 93 65.0
23 94 79.0
23 95 91.0
23 96 100.0
23 97 84.0
23 98 58.0
23 99 86.0
24 25 78.0
24 26 55.0
24 27 70.0
24 28 66.0
24 29 67.0
24 30 62.0
24 31 67.0
24 32 58.0
24 33 87.0
24 34 66.0
24 35 62.0
24 36 90.0
24 37 62.0
24 38 62.0
24 39 98.0
24 40 67.0
24 41 63.0
24 42 89.0
24 43 98.0
24 44 55.0
24 45 88.0
24 46 73.0
24 47 70.0
24 48 99.0
24 49 91.0
24 50 65.0
24 51 65.0
24 52 63.0
24 53 99.0
24 54 97.0
24 55 98.0
24 56 77.0
24 57 51.0
24 58 56.0
24 59 78.0
24 60 70.0
24 61 85.0
24 62 72.0
24 63 97.0
24 64 96.0
24 65 90.0
24 66 54.0
24 67 60.0
24 68 76.0
24 69 51.0
24 70 84.0
24 71 81.0
24 72 70.0
24 73 94.0
24 74 75.0
24 75 53.0
24 76 92.0
24 77 84.0
24 78 98.0
24 79 84.0
24 80 85.0
24 81 98.0
24 82 92.0
24 83 86.0
24 84 90.0
24 85 62.0
24 86 62.0
24 87 77.0
24 88 99.0
24 89 50.0
24 90 98.0
24 91 65.0
24 92 95.0
24 93 81.0
24 94 58.0
24 95 78.0
24 96 82.0
24 97 86.0
24 98 74.0
24 99 85.0
25 26 50.0
25 27 83.0
25 28 93.0
25 29 94.0
25 30 75.0
25 31 54.0
25 32 98.0
25 33 69.0
25 34 97.0
25 35 73.0
25 36 52.0
25 37 70.0
25 38 59.0
25 39 86.0
25 40 66.0
25 41 67.0
25 42 88.0
25 43 73.0
25 44 66.0
25 45 69.0
25 46 79.0
25 47 72.0
25 48 85.0
25 49 89.0
25 50 93.0
25 51 52.0
25 52 87.0
25 53 70.0
25 54 83.0
25 55 89.0
25 56 62.0
25 57 51.0
25 58 96.0
25 59 52.0
25 60 50.0
25 61 80.0
25 62 99.0
25 63 66.0
25 64 79.0
25 65 89.0
25 66 66.0
25 67 80.0
25 68 56.0
25 69 57.0
25 70 77.0
25 71 77.0
25 72 77.0
25 73 92.0
25 74 65.0
25 75 77.0
25 76 87.0
25 77 88.0
25 78 63.0
25 79 81.0
25 80 57.0
25 81 75.0
25 82 60.0
25 83 72.0
25 84 85.0
25 85 70.0
25 86 70.0
25 87 52.0
25 88 96.0
25 89 63.0
25 90 50.0
25 91 70.0
25 92 98.0
25 93 77.0
25 94 58.0
25 95 51.0
25 96 77.0
25 97 69.0
25 98 60.0
25 99 68.0
26 27 70.0
26 28 95.0
26 29 59.0
26 30 83.0
26 31 70.0
26 32 50.0
26 33 87.0
26 34 62.0
26 35 68.0
26 36 97.0
26 37 50.0
26 38 85.0
26 39 96.0
26 40 61.0
26 41 97.0
26 42 76.0
26 43 54.0
26 44 88.0
26 45 73.0
26 46 79.0
26 47 90.0
26 48 61.0
26 49 52.0
26 50 68.0
26 51 65.0
26 52 84.0
26 53 81.0
26 54 56.0
26 55 54.0
26 56 72.0
26 57 99.0
26 58 85.0
26 59 52.0
26 60 72.0
26 61 67.0
26 62 86.0
26 63 84.0
26 64 73.0
26 65 99.0
26 66 51.0
26 67 87.0
26 68 66.0
26 69 56.0
26 70 83.0
26 71 59.0
26 72 90.0
26 73 68.0
26 74 96.0
26 75 61.0
26 76 70.0
26 77 69.0
26 78 52.0
26 79 59.0
26 80 51.0
26 81 94.0
26 82 77.0
26 83 73.0
26 84 92.0
26 85 86.0
26 86 75.0
26 87 63.0
26 88 93.0
26 89 83.0
26 90 59.0
26 91 100.0
26 92 92.0
26 93 64.0
26 94 90.0
26 95 63.0
26 96 83.0
26 97 52.0
26 98 51.0
26 99 52.0
27 28 50.0
27 29 87.0
27 30 87.0
27 31 96.0
27 32 76.0
27 33 58.0
27 34 89.0
27 35 77.0
27 36 94.0
27 37 77.0
27 38 79.0
27 39 58.0
27 40 70.0
27 41 63.0
27 42 84.0
27 43 57.0
27 44 80.0
27 45 91.0
27 46 52.0
27 47 56.0
27 48 97.0
27 49 87.0
27 50 60.0
27 51 79.0
27 52 97.0
27 53 60.0
27 54 78.0
27 55 73.0
27 56 50.0
27 57 51.0
27 58 76.0
27 59 96.0
27 60 53.0
27 61 62.0
27 62 63.0
27 63 84.0
27 64 90.0
27 65 69.0
27 66 100.0
27 67 99.0
27 68 59.0
27 69 54.0
27 70 58.0
27 71 95.0
27 72 78.0
27 73 97.0
27 74 95.0
27 75 54.0
27 76 67.0
27 77 67.0
27 78 87.0
27 79 67.0
27 80 68.0
27 81 86.0
27 82 71.0
27 83 61.0
27 84 52.0
27 85 82.0
27 86 60.0
27 87 79.0
27 88 98.0
27 89 92.0
27 90 75.0
27 91 100.0
27 92 55.0
27 93 99.0
27 94 97.0
27 95 97.0
27 96 81.0
27 97 83.0
27 98 72.0
27 99 54.0
28 29 62.0
28 30 65.0
28 31 82.0
28 32 84.0
28 33 84.0
28 34 54.0
28 35 52.0
28 36 73.0
28 37 94.0
28 38 66.0
28 39 88.0
28 40 85.0
28 41 71.0
28 42 71.0
28 43 67.0
28 44 71.0
28 45 65.0
28 46 70.0
28 47 96.0
28 48 65.0
28 49 58.0
28 50 87.0
28 51 53.0
28 52 61.0
28 53 94.0
28 54 94.0
28 55 78.0
28 56 51.0
28 57 91.0
28 58 52.0
28 59 100.0
28 60 53.0
28 61 87.0
28 62 68.0
28 63 79.0
28 64 53.0
28 65 55.0
28 66 98.0
28 67 50.0
28 68 89.0
28 69 56.0
28 70 99.0
28 71 86.0
28 72 51.0
28 73 62.0
28 74 50.0
28 75 62.0
28 76 95.0
28 77 93.0
28 78 80.0
28 79 61.0
28 80 62.0
28 81 79.0
28 82 87.0
28 83 61.0
28 84 54.0
28 85 78.0
28 86 91.0
28 87 76.0
28 88 81.0
28 89 81.0
28 90 99.0
28 91 70.0
28 92 72.0
28 93 67.0
28 94 68.0
28 95 82.0
28 96 77.0
28 97 82.0
28 98 61.0
28 99 57.0
29 30 57.0
29 31 59.0
29 32 84.0
29 33 97.0
29 34 89.0
29 35 94.0
29 36 88.0
29 37 81.0
29 38 75.0
29 39 50.0
29 40 76.0
29 41 75.0
29 42 85.0
29 43 80.0
29 44 87.0
29 45 60.0
29 46 90.0
29 47 64.0
29 48 73.0
29 49 57.0
29 50 80.0
29 51 86.0
29 52 93.0
29 53 95.0
29 54 66.0
29 55 82.0
29 56 78.0
29 57 53.0
29 58 96.0
29 59 95.0
29 60 94.0
29 61 71.0
29 62 71.0
29 63 55.0
29 64 72.0
29 65 60.0
29 66 76.0
29 67 79.0
29 68 61.0
29 69 77.0
29 70 61.0
29 71 86.0
29 72 91.0
29 73 75.0
29 74 64.0
29 75 86.0
29 76 80.0
29 77 90.0
29 78 51.0
29 79 62.0
29 80 90.0
29 81 95.0
29 82 88.0
29 83 67.0
29 84 62.0
29 85 92.0
29 86 62.0
29 87 92.0
29 88 80.0
29 89 51.0
29 90 57.0
29 91 98.0
29 92 77.0
29 93 62.0
29 94 62.0
29 95 85.0
29 96 95.0
29 97 61.0
29 98 95.0
29 99 89.0
30 31 97.0
30 32 55.0
30 33 80.0
30 34 90.0
30 35 75.0
30 36 72.0
30 37 81.0
30 38 84.0
30 39 94.0
30 40 64.0
30 41 66.0
30 42 50.0
30 43 85.0
30 44 52.0
30 45 86.0
30 46 52.0
30 47 86.0
30 48 74.0
30 49 80.0
30 50 79.0
30 51 83.0
30 52 52.0
30 53 100.0
30 54 74.0
30 55 59.0
30 56 63.0
30 57 53.0
30 58 85.0
30 59 79.0
30 60 72.0
30 61 58.0
30 62 53.0
30 63 71.0
30 64 84.0
30 65 50.0
30 66 82.0
30 67 76.0
30 68 98.0
30 69 97.0
30 70 56.0
30 71 74.0
30 72 65.0
30 73 62.0
30 74 50.0
30 75 55.0
30 76 66.0
30 77 63.0
30 78 95.0
30 79 65.0
30 80 89.0
30 81 55.0
30 82 83.0
30 83 97.0
30 84 64.0
30 85 85.0
30 86 80.0
30 87 94.0
30 88 58.0
30 89 91.0
30 90 88.0
30 91 54.0
30 92 57.0
30 93 94.0
30 94 64.0
30 95 59.0
30 96 58.0
30 97 79.0
30 98 87.0
30 99 100.0
31 32 93.0
31 33 61.0
31 34 92.0
31 35 81.0
31 36 95.0
31 37 66.0
31 38 84.0
31 39 92.0
31 40 70.0
31 41 70.0
31 42 91.0
31 43 56.0
31 44 94.0
31 45 69.0
31 46 62.0
31 47 56.0
31 48 79.0
31 49 58.0
31 50 92.0
31 51 93.0
31 52 59.0
31 53 67.0
31 54 60.0
31 55 80.0
31 56 70.0
31 57 60.0
31 58 89.0
31 59 56.0
31 60 91.0
31 61 96.0
31 62 77.0
31 63 63.0
31 64 90.0
31 65 65.0
31 66 91.0
31 67 79.0
31 68 64.0
31 69 60.0
31 70 88.0
31 71 72.0
31 72 51.0
31 73 58.0
31 74 78.0
31 75 50.0
31 76 72.0
31 77 54.0
31 78 81.0
31 79 60.0
31 80 55.0
31 81 71.0
31 82 85.0
31 83 83.0
31 84 84.0
31 85 92.0
31 86 76.0
31 87 50.0
31 88 61.0
31 89 52.0
31 90 95.0
31 91 93.0
31 92 68.0
31 93 89.0
31 94 58.0
31 95 60.0
31 96 89.0
31 97 74.0
31 98 79.0
31 99 85.0
32 33 78.0
32 34 87.0
32 35 87.0
32 36 83.0
32 37 83.0
32 38 68.0
32 39 57.0
32 40 99.0
32 41 76.0
32 42 61.0
32 43 63.0
32 44 88.0
32 45 52.0
32 46 52.0
32 47 73.0
32 48 79.0
32 49 72.0
32 50 74.0
32 51 91.0
32 52 100.0
32 53 59.0
32 54 62.0
32 55 58.0
32 56 66.0
32 57 90.0
32 58 67.0
32 59 98.0
32 60 70.0
32 61 53.0
32 62 80.0
32 63 92.0
32 64 69.0
32 65 77.0
32 66 55.0
32 67 52.0
32 68 75.0
32 69 80.0
32 70 71.0
32 71 99.0
32 72 55.0
32 73 74.0
32 74 69.0
32 75 82.0
32 76 54.0
32 77 55.0
32 78 70.0
32 79 99.0
32 80 81.0
32 81 82.0
32 82 90.0
32 83 63.0
32 84 97.0
32 85 60.0
32 86 71.0
32 87 59.0
32 88 80.0
32 89 70.0
32 90 66.0
32 91 73.0
32 92 97.0
32 93 75.0
32 94 56.0
32 95 56.0
32 96 62.0
32 97 95.0
32 98 95.0
32 99 67.0
33 34 73.0
33 35 52.0
33 36 93.0
33 37 69.0
33 38 83.0
33 39 71.0
33 40 85.0
33 41 85.0
33 42 66.0
33 43 83.0
33 44 59.0
33 45 86.0
33 46 69.0
33 47 95.0
33 48 97.0
33 49 61.0
33 50 55.0
33 51 58.0
33 52 57.0
33 53 86.0
33 54 72.0
33 55 94.0
33 56 50.0
33 57 82.0
33 58 59.0
33 59 100.0
33 60 82.0
33 61 85.0
33 62 53.0
33 63 58.0
33 64 92.0
33 65 72.0
33 66 55.0
33 67 72.0
33 68 76.0
33 69 96.0
33 70 65.0
33 71 75.0
33 72 86.0
33 73 55.0
33 74 90.0
33 75 67.0
33 76 95.0
33 77 67.0
33 78 74.0
33 79 100.0
33 80 70.0
33 81 92.0
33 82 68.0
33 83 72.0
33 84 51.0
33 85 65.0
33 86 81.0
33 87 72.0
33 88 69.0
33 89 54.0
33 90 85.0
33 91 59.0
33 92 50.0
33 93 80.0
33 94 86.0
33 95 72.0
33 96 70.0
33 97 77.0
33 98 84.0
33 99 97.0
34 35 92.0
34 36 78.0
34 37 51.0
34 38 96.0
34 39 56.0
34 40 89.0
34 41 81.0
34 42 86.0
34 43 88.0
34 44 80.0
34 45 83.0
34 46 65.0
34 47 56.0
34 48 100.0
34 49 93.0
34 50 77.0
34 51 92.0
34 52 78.0
34 53 74.0
34 54 90.0
34 55 79.0
34 56 73.0
34 57 74.0
34 58 60.0
34 59 89.0
34 60 51.0
34 61 63.0
34 62 65.0
34 63 51.0
34 64 69.0
34 65 91.0
34 66 86.0
34 67 55.0
34 68 82.0
34 69 74.0
34 70 63.0
34 71 86.0
34 72 70.0
34 73 89.0
34 74 86.0
34 75 58.0
34 76 56.0
34 77 52.0
34 78 65.0
34 79 97.0
34 80 88.0
34 81 58.0
34 82 65.0
34 83 94.0
34 84 99.0
34 85 89.0
34 86 82.0
34 87 93.0
34 88 91.0
34 89 77.0
34 90 76.0
34 91 91.0
34 92 100.0
34 93 69.0
34 94 58.0
34 95 66.0
34 96 95.0
34 97 87.0
34 98 85.0
34 99 63.0
35 36 84.0
35 37 62.0
35 38 75.0
35 39 85.0
35 40 81.0
35 41 97.0
35 42 66.0
35 43 50.0
35 44 100.0
35 45 71.0
35 46 63.0
35 47 71.0
35 48 64.0
35 49 75.0
35 50 84.0
35 51 96.0
35 52 76.0
35 53 89.0
35 54 82.0
35 55 99.0
35 56 67.0
35 57 81.0
35 58 70.0
35 59 84.0
35 60 58.0
35 61 58.0
35 62 90.0
35 63 88.0
35 64 85.0
35 65 68.0
35 66 87.0
35 67 68.0
35 68 74.0
35 69 96.0
35 70 64.0
35 71 98.0
35 72 97.0
35 73 51.0
35 74 60.0
35 75 67.0
35 76 70.0
35 77 58.0
35 78 52.0
35 79 59.0
35 80 94.0
35 81 83.0
35 82 70.0
35 83 50.0
35 84 81.0
35 85 100.0
35 86 89.0
35 87 80.0
35 88 95.0
35 89 94.0
35 90 77.0
35 91 61.0
35 92 79.0
35 93 88.0
35 94 79.0
35 95 95.0
35 96 99.0
35 97 75.0
35 98 87.0
35 99 95.0
36 37 51.0
36 38 78.0
36 39 80.0
36 40 99.0
36 41 90.0
36 42 66.0
36 43 80.0
36 44 89.0
36 45 79.0
36 46 88.0
36 47 84.0
36 48 77.0
36 49 98.0
36 50 83.0
36 51 50.0
36 52 62.0
36 53 72.0
36 54 70.0
36 55 92.0
36 56 59.0
36 57 67.0
36 58 62.0
36 59 66.0
36 60 76.0
36 61 73.0
36 62 57.0
36 63 85.0
36 64 87.0
36 65 93.0
36 66 58.0
36 67 82.0
36 68 70.0
36 69 68.0
36 70 85.0
36 71 91.0
36 72 87.0
36 73 100.0
36 74 86.0
36 75 80.0
36 76 78.0
36 77 76.0
36 78 69.0
36 79 91.0
36 80 75.0
36 81 60.0
36 82 68.0
36 83 83.0
36 84 91.0
36 85 89.0
36 86 56.0
36 87 53.0
36 88 54.0
36 89 99.0
36 90 53.0
36 91 52.0
36 92 92.0
36 93 78.0
36 94 74.0
36 95 70.0
36 96 69.0
36 97 59.0
36 98 57.0
36 99 51.0
37 38 91.0
37 39 54.0
37 40 93.0
37 41 50.0
37 42 88.0
37 43 62.0
37 44 62.0
37 45 99.0
37 46 79.0
37 47 91.0
37 48 87.0
37 49 89.0
37 50 63.0
37 51 59.0
37 52 65.0
37 53 81.0
37 54 87.0
37 55 67.0
37 56 83.0
37 57 84.0
37 58 73.0
37 59 69.0
37 60 77.0
37 61 79.0
37 62 100.0
37 63 66.0
37 64 78.0
37 65 63.0
37 66 94.0
37 67 58.0
37 68 92.0
37 69 69.0
37 70 90.0
37 71 61.0
37 72 68.0
37 73 87.0
37 74 89.0
37 75 76.0
37 76 83.0
37 77 71.0
37 78 57.0
37 79 80.0
37 80 69.0
37 81 63.0
37 82 50.0
37 83 69.0
37 84 93.0
37 85 91.0
37 86 62.0
37 87 71.0
37 88 79.0
37 89 98.0
37 90 66.0
37 91 58.0
37 92 50.0
37 93 86.0
37 94 75.0
37 95 94.0
37 96 80.0
37 97 99.0
37 98 51.0
37 99 72.0
38 39 100.0
38 40 77.0
38 41 53.0
38 42 80.0
38 43 85.0
38 44 68.0
38 45 94.0
38 46 52.0
38 47 85.0
38 48 54.0
38 49 68.0
38 50 85.0
38 51 76.0
38 52 54.0
38 53 59.0
38 54 83.0
38 55 74.0
38 56 69.0
38 57 89.0
38 58 57.0
38 59 87.0
38 60 54.0
38 61 91.0
38 62 78.0
38 63 69.0
38 64 76.0
38 65 88.0
38 66 58.0
38 67 54.0
38 68 55.0
38 69 87.0
38 70 61.0
38 71 96.0
38 72 67.0
38 73 92.0
38 74 88.0
38 75 99.0
38 76 60.0
38 77 63.0
38 78 82.0
38 79 80.0
38 80 98.0
38 81 97.0
38 82 65.0
38 83 89.0
38 84 64.0
38 85 75.0
38 86 60.0
38 87 68.0
38 88 65.0
38 89 66.0
38 90 51.0
38 91 76.0
38 92 63.0
38 93 85.0
38 94 85.0
38 95 73.0
38 96 82.0
38 97 80.0
38 98 73.0
38 99 76.0
39 40 80.0
39 41 88.0
39 42 98.0
39 43 60.0
39 44 74.0
39 45 91.0
39 46 94.0
39 47 54.0
39 48 98.0
39 49 61.0
39 50 83.0
39 51 53.0
39 52 52.0
39 53 96.0
39 54 69.0
39 55 88.0
39 56 81.0
39 57 54.0
39 58 79.0
39 59 81.0
39 60 59.0
39 61 85.0
39 62 79.0
39 63 74.0
39 64 96.0
39 65 97.0
39 66 80.0
39 67 79.0
39 68 60.0
39 69 56.0
39 70 81.0
39 71 94.0
39 72 100.0
39 73 60.0
39 74 98.0
39 75 88.0
39 76 74.0
39 77 61.0
39 78 75.0
39 79 72.0
39 80 98.0
39 81 94.0
39 82 63.0
39 83 57.0
39 84 95.0
39 85 59.0
39 86 85.0
39 87 63.0
39 88 76.0
39 89 90.0
39 90 65.0
39 91 63.0
39 92 96.0
39 93 88.0
39 94 89.0
39 95 57.0
39 96 62.0
39 97 86.0
39 98 80.0
39 99 70.0
40 41 92.0
40 42 83.0
40 43 69.0
40 44 55.0
40 45 68.0
40 46 90.0
40 47 71.0
40 48 59.0
40 49 93.0
40 50 92.0
40 51 75.0
40 52 67.0
40 53 66.0
40 54 94.0
40 55 95.0
40 56 100.0
40 57 77.0
40 58 95.0
40 59 91.0
40 60 61.0
40 61 96.0
40 62 75.0
40 63 76.0
40 64 74.0
40 65 50.0
40 66 75.0
40 67 79.0
40 68 60.0
40 69 94.0
40 70 73.0
40 71 75.0
40 72 51.0
40 73 99.0
40 74 97.0
40 75 94.0
40 76 79.0
40 77 87.0
40 78 94.0
40 79 89.0
40 80 75.0
40 81 56.0
40 82 81.0
40 83 74.0
40 84 73.0
40 85 75.0
40 86 70.0
40 87 94.0
40 88 57.0
40 89 78.0
40 90 85.0
40 91 56.0
40 92 64.0
40 93 94.0
40 94 93.0
40 95 79.0
40 96 99.0
40 97 99.0
40 98 57.0
40 99 65.0
41 42 86.0
41 43 69.0
41 44 80.0
41 45 60.0
41 46 51.0
41 47 75.0
41 48 60.0
41 49 93.0
41 50 95.0
41 51 81.0
41 52 56.0
41 53 56.0
41 54 86.0
41 55 57.0
41 56 70.0
41 57 68.0
41 58 77.0
41 59 99.0
41 60 67.0
41 61 98.0
41 62 99.0
41 63 55.0
41 64 95.0
41 65 100.0
41 66 54.0
41 67 88.0
41 68 65.0
41 69 87.0
41 70 61.0
41 71 64.0
41 72 53.0
41 73 74.0
41 74 92.0
41 75 85.0
41 76 55.0
41 77 83.0
41 78 79.0
41 79 90.0
41 80 67.0
41 81 82.0
41 82 61.0
41 83 90.0
41 84 92.0
41 85 94.0
41 86 59.0
41 87 77.0
41 88 80.0
41 89 71.0
41 90 77.0
41 91 67.0
41 92 56.0
41 93 91.0
41 94 95.0
41 95 97.0
41 96 98.0
41 97 99.0
41 98 89.0
41 99 63.0
42 43 51.0
42 44 100.0
42 45 86.0
42 46 88.0
42 47 62.0
42 48 83.0
42 49 52.0
42 50 62.0
42 51 62.0
42 52 80.0
42 53 74.0
42 54 84.0
42 55 91.0
42 56 100.0
42 57 96.0
42 58 74.0
42 59 98.0
42 60 76.0
42 61 99.0
42 62 100.0
42 63 73.0
42 64 57.0
42 65 81.0
42 66 77.0
42 67 73.0
42 68 80.0
42 69 76.0
42 70 64.0
42 71 90.0
42 72 67.0
42 73 60.0
42 74 66.0
42 75 73.0
42 76 61.0
42 77 81.0
42 78 58.0
42 79 78.0
42 80 59.0
42 81 71.0
42 82 87.0
42 83 66.0
42 84 62.0
42 85 96.0
42 86 80.0
42 87 96.0
42 88 79.0
42 89 76.0
42 90 89.0
42 91 94.0
42 92 82.0
42 93 93.0
42 94 70.0
42 95 95.0
42 96 87.0
42 97 54.0
42 98 69.0
42 99 66.0
43 44 68.0
43 45 65.0
43 46 75.0
43 47 77.0
43 48 83.0
43 49 85.0
43 50 94.0
43 51 92.0
43 52 60.0
43 53 54.0
43 54 94.0
43 55 77.0
43 56 68.0
43 57 64.0
43 58 54.0
43 59 76.0
43 60 64.0
43 61 50.0
43 62 69.0
43 63 81.0
43 64 64.0
43 65 89.0
43 66 62.0
43 67 86.0
43 68 97.0
43 69 71.0
43 70 82.0
43 71 68.0
43 72 57.0
43 73 57.0
43 74 95.0
43 75 69.0
43 76 100.0
43 77 72.0
43 78 100.0
43 79 53.0
43 80 94.0
43 81 87.0
43 82 82.0
43 83 75.0
43 84 88.0
43 85 66.0
43 86 93.0
43 87 100.0
43 88 79.0
43 89 73.0
43 90 67.0
43 91 76.0
43 92 59.0
43 93 88.0
43 94 59.0
43 95 92.0
43 96 84.0
43 97 73.0
43 98 97.0
43 99 50.0
44 45 56.0
44 46 81.0
44 47 75.0
44 48 59.0
44 49 95.0
44 50 97.0
44 51 87.0
44 52 84.0
44 53 88.0
44 54 65.0
44 55 57.0
44 56 73.0
44 57 60.0
44 58 51.0
44 59 58.0
44 60 69.0
44 61 66.0
44 62 84.0
44 63 76.0
44 64 86.0
44 65 73.0
44 66 81.0
44 67 96.0
44 68 56.0
44 69 99.0
44 70 75.0
44 71 72.0
44 72 56.0
44 73 74.0
44 74 76.0
44 75 75.0
44 76 74.0
44 77 94.0
44 78 84.0
44 79 69.0
44 80 85.0
44 81 77.0
44 82 83.0
44 83 78.0
44 84 59.0
44 85 52.0
44 86 89.0
44 87 95.0
44 88 64.0
44 89 58.0
44 90 58.0
44 91 73.0
44 92 74.0
44 93 90.0
44 94 66.0
44 95 96.0
44 96 93.0
44 97 70.0
44 98 65.0
44 99 95.0
45 46 74.0
45 47 86.0
45 48 97.0
45 49 50.0
45 50 55.0
45 51 96.0
45 52 73.0
45 53 69.0
45 54 68.0
45 55 94.0
45 56 94.0
45 57 80.0
45 58 51.0
45 59 60.0
45 60 73.0
45 61 56.0
45 62 54.0
45 63 74.0
45 64 67.0
45 65 55.0
45 66 64.0
45 67 77.0
45 68 75.0
45 69 65.0
45 70 78.0
45 71 81.0
45 72 65.0
45 73 77.0
45 74 74.0
45 75 76.0
45 76 68.0
45 77 90.0
45 78 74.0
45 79 74.0
45 80 90.0
45 81 70.0
45 82 51.0
45 83 88.0
45 84 53.0
45 85 92.0
45 86 59.0
45 87 82.0
45 88 78.0
45 89 65.0
45 90 68.0
45 91 64.0
45 92 57.0
45 93 71.0
45 94 55.0
45 95 78.0
45 96 93.0
45 97 83.0
45 98 92.0
45 99 88.0
46 47 56.0
46 48 55.0
46 49 79.0
46 50 60.0
46 51 52.0
46 52 92.0
46 53 93.0
46 54 78.0
46 55 54.0
46 56 87.0
46 57 73.0
46 58 79.0
46 59 94.0
46 60 88.0
46 61 53.0
46 62 86.0
46 63 80.0
46 64 87.0
46 65 53.0
46 66 75.0
46 67 82.0
46 68 67.0
46 69 95.0
46 70 100.0
46 71 68.0
46 72 66.0
46 73 96.0
46 74 85.0
46 75 98.0
46 76 88.0
46 77 68.0
46 78 57.0
46 79 65.0
46 80 54.0
46 81 56.0
46 82 52.0
46 83 70.0
46 84 71.0
46 85 90.0
46 86 68.0
46 87 74.0
46 88 59.0
46 89 96.0
46 90 87.0
46 91 55.0
46 92 56.0
46 93 81.0
46 94 99.0
46 95 98.0
46 96 60.0
46 97 57.0
46 98 87.0
46 99 89.0
47 48 72.0
47 49 55.0
47 50 64.0
47 51 57.0
47 52 77.0
47 53 75.0
47 54 93.0
47 55 77.0
47 56 99.0
47 57 79.0
47 58 77.0
47 59 85.0
47 60 99.0
47 61 100.0
47 62 95.0
47 63 51.0
47 64 64.0
47 65 68.0
47 66 81.0
47 67 74.0
47 68 75.0
47 69 62.0
47 70 71.0
47 71 93.0
47 72 65.0
47 73 68.0
47 74 54.0
47 75 54.0
47 76 64.0
47 77 91.0
47 78 89.0
47 79 54.0
47 80 95.0
47 81 93.0
47 82 50.0
47 83 87.0
47 84 91.0
47 85 71.0
47 86 80.0
47 87 77.0
47 88 61.0
47 89 54.0
47 90 91.0
47 91 59.0
47 92 99.0
47 93 79.0
47 94 90.0
47 95 78.0
47 96 84.0
47 97 98.0
47 98 59.0
47 99 62.0
48 49 54.0
48 50 66.0
48 51 69.0
48 52 51.0
48 53 69.0
48 54 51.0
48 55 78.0
48 56 90.0
48 57 67.0
48 58 61.0
48 59 88.0
48 60 55.0
48 61 85.0
48 62 64.0
48 63 50.0
48 64 98.0
48 65 53.0
48 66 87.0
48 67 54.0
48 68 68.0
48 69 54.0
48 70 91.0
48 71 62.0
48 72 99.0
48 73 81.0
48 74 85.0
48 75 66.0
48 76 62.0
48 77 66.0
48 78 71.0
48 79 67.0
48 80 68.0
48 81 70.0
48 82 52.0
48 83 57.0
48 84 67.0
48 85 61.0
48 86 79.0
48 87 62.0
48 88 87.0
48 89 60.0
48 90 51.0
48 91 78.0
48 92 77.0
48 93 77.0
48 94 72.0
48 95 73.0
48 96 66.0
48 97 70.0
48 98 70.0
48 99 57.0
49 50 87.0
49 51 71.0
49 52 69.0
49 53 70.0
49 54 66.0
49 55 63.0
49 56 83.0
49 57 97.0
49 58 78.0
49 59 100.0
49 60 52.0
49 61 91.0
49 62 55.0
49 63 51.0
49 64 76.0
49 65 84.0
49 66 79.0
49 67 90.0
49 68 67.0
49 69 73.0
49 70 95.0
49 71 74.0
49 72 74.0
49 73 57.0
49 74 99.0
49 75 94.0
49 76 89.0
49 77 73.0
49 78 52.0
49 79 90.0
49 80 71.0
49 81 59.0
49 82 80.0
49 83 53.0
49 84 61.0
49 85 58.0
49 86 53.0
49 87 81.0
49 88 75.0
49 89 73.0
49 90 73.0
49 91 65.0
49 92 70.0
49 93 53.0
49 94 60.0
49 95 56.0
49 96 66.0
49 97 56.0
49 98 96.0
49 99 94.0
50 51 56.0
50 52 97.0
50 53 82.0
50 54 99.0
50 55 83.0
50 56 75.0
50 57 67.0
50 58 56.0
50 59 73.0
50 60 82.0
50 61 76.0
50 62 89.0
50 63 92.0
50 64 87.0
50 65 92.0
50 66 75.0
50 67 87.0
50 68 70.0
50 69 59.0
50 70 50.0
50 71 66.0
50 72 63.0
50 73 65.0
50 74 72.0
50 75 62.0
50 76 65.0
50 77 81.0
50 78 97.0
50 79 86.0
50 80 61.0
50 81 86.0
50 82 57.0
50 83 99.0
50 84 92.0
50 85 97.0
50 86 71.0
50 87 55.0
50 88 61.0
50 89 91.0
50 90 62.0
50 91 96.0
50 92 71.0
50 93 75.0
50 94 92.0
50 95 53.0
50 96 69.0
50 97 90.0
50 98 79.0
50 99 52.0
51 52 92.0
51 53 79.0
51 54 88.0
51 55 87.0
51 56 67.0
51 57 74.0
51 58 50.0
51 59 62.0
51 60 70.0
51 61 59.0
51 62 77.0
51 63 90.0
51 64 65.0
51 65 69.0
51 66 56.0
51 67 54.0
51 68 67.0
51 69 71.0
51 70 98.0
51 71 80.0
51 72 93.0
51 73 100.0
51 74 94.0
51 75 84.0
51 76 58.0
51 77 70.0
51 78 91.0
51 79 56.0
51 80 56.0
51 81 74.0
51 82 77.0
51 83 96.0
51 84 97.0
51 85 85.0
51 86 65.0
51 87 53.0
51 88 67.0
51 89 71.0
51 90 69.0
51 91 83.0
51 92 51.0
51 93 77.0
51 94 74.0
51 95 55.0
51 96 84.0
51 97 95.0
51 98 75.0
51 99 59.0
52 53 85.0
52 54 92.0
52 55 100.0
52 56 91.0
52 57 89.0
52 58 69.0
52 59 100.0
52 60 56.0
52 61 59.0
52 62 82.0
52 63 70.0
52 64 50.0
52 65 69.0
52 66 94.0
52 67 95.0
52 68 91.0
52 69 52.0
52 70 59.0
52 71 91.0
52 72 76.0
52 73 73.0
52 74 57.0
52 75 85.0
52 76 95.0
52 77 95.0
52 78 60.0
52 79 91.0
52 80 60.0
52 81 54.0
52 82 100.0
52 83 88.0
52 84 91.0
52 85 87.0
52 86 85.0
52 87 53.0
52 88 86.0
52 89 92.0
52 90 95.0
52 91 79.0
52 92 96.0
52 93 97.0
52 94 91.0
52 95 90.0
52 96 56.0
52 97 66.0
52 98 94.0
52 99 65.0
53 54 93.0
53 55 52.0
53 56 89.0
53 57 50.0
53 58 58.0
53 59 71.0
53 60 55.0
53 61 92.0
53 62 58.0
53 63 58.0
53 64 100.0
53 65 57.0
53 66 82.0
53 67 85.0
53 68 96.0
53 69 93.0
53 70 82.0
53 71 97.0
53 72 90.0
53 73 98.0
53 74 80.0
53 75 59.0
53 76 98.0
53 77 89.0
53 78 86.0
53 79 87.0
53 80 86.0
53 81 63.0
53 82 70.0
53 83 87.0
53 84 75.0
53 85 75.0
53 86 61.0
53 87 64.0
53 88 68.0
53 89 66.0
53 90 76.0
53 91 51.0
53 92 89.0
53 93 74.0
53 94 65.0
53 95 93.0
53 96 59.0
53 97 62.0
53 98 76.0
53 99 89.0
54 55 85.0
54 56 74.0
54 57 72.0
54 58 77.0
54 59 52.0
54 60 99.0
54 61 53.0
54 62 58.0
54 63 58.0
54 64 61.0
54 65 68.0
54 66 78.0
54 67 63.0
54 68 54.0
54 69 86.0
54 70 67.0
54 71 81.0
54 72 83.0
54 73 72.0
54 74 75.0
54 75 65.0
54 76 66.0
54 77 57.0
54 78 85.0
54 79 71.0
54 80 86.0
54 81 60.0
54 82 95.0
54 83 67.0
54 84 91.0
54 85 64.0
54 86 94.0
54 87 66.0
54 88 74.0
54 89 59.0
54 90 58.0
54 91 60.0
54 92 57.0
54 93 89.0
54 94 73.0
54 95 85.0
54 96 53.0
54 97 57.0
54 98 74.0
54 99 92.0
55 56 88.0
55 57 93.0
55 58 58.0
55 59 74.0
55 60 62.0
55 61 87.0
55 62 99.0
55 63 69.0
55 64 60.0
55 65 81.0
55 66 78.0
55 67 80.0
55 68 86.0
55 69 55.0
55 70 74.0
55 71 77.0
55 72 61.0
55 73 91.0
55 74 85.0
55 75 86.0
55 76 99.0
55 77 72.0
55 78 89.0
55 79 85.0
55 80 80.0
55 81 86.0
55 82 91.0
55 83 55.0
55 84 91.0
55 85 77.0
55 86 77.0
55 87 90.0
55 88 78.0
55 89 71.0
55 90 91.0
55 91 62.0
55 92 76.0
55 93 62.0
55 94 89.0
55 95 96.0
55 96 56.0
55 97 71.0
55 98 56.0
55 99 67.0
56 57 98.0
56 58 91.0
56 59 81.0
56 60 56.0
56 61 79.0
56 62 77.0
56 63 78.0
56 64 95.0
56 65 92.0
56 66 55.0
56 67 73.0
56 68 76.0
56 69 60.0
56 70 78.0
56 71 53.0
56 72 67.0
56 73 81.0
56 74 56.0
56 75 93.0
56 76 92.0
56 77 75.0
56 78 81.0
56 79 62.0
56 80 66.0
56 81 62.0
56 82 79.0
56 83 83.0
56 84 82.0
56 85 68.0
56 86 78.0
56 87 99.0
56 88 86.0
56 89 51.0
56 90 93.0
56 91 90.0
56 92 51.0
56 93 94.0
56 94 70.0
56 95 67.0
56 96 52.0
56 97 60.0
56 98 63.0
56 99 68.0
57 58 89.0
57 59 79.0
57 60 52.0
57 61 58.0
57 62 93.0
57 63 95.0
57 64 94.0
57 65 79.0
57 66 76.0
57 67 76.0
57 68 62.0
57 69 73.0
57 70 65.0
57 71 84.0
57 72 82.0
57 73 81.0
57 74 85.0
57 75 99.0
57 76 95.0
57 77 97.0
57 78 69.0
57 79 97.0
57 80 77.0
57 81 97.0
57 82 78.0
57 83 78.0
57 84 100.0
57 85 67.0
57 86 62.0
57 87 56.0
57 88 87.0
57 89 51.0
57 90 77.0
57 91 91.0
57 92 67.0
57 93 53.0
57 94 61.0
57 95 85.0
57 96 84.0
57 97 62.0
57 98 75.0
57 99 58.0
58 59 52.0
58 60 71.0
58 61 73.0
58 62 90.0
58 63 79.0
58 64 74.0
58 65 72.0
58 66 67.0
58 67 50.0
58 68 93.0
58 69 74.0
58 70 51.0
58 71 98.0
58 72 74.0
58 73 53.0
58 74 83.0
58 75 94.0
58 76 63.0
58 77 83.0
58 78 90.0
58 79 52.0
58 80 89.0
58 81 86.0
58 82 73.0
58 83 97.0
58 84 51.0
58 85 76.0
58 86 77.0
58 87 64.0
58 88 68.0
58 89 92.0
58 90 94.0
58 91 56.0
58 92 75.0
58 93 54.0
58 94 68.0
58 95 82.0
58 96 65.0
58 97 86.0
58 98 54.0
58 99 93.0
59 60 75.0
59 61 65.0
59 62 70.0
59 63 69.0
59 64 87.0
59 65 94.0
59 66 79.0
59 67 56.0
59 68 92.0
59 69 85.0
59 70 98.0
59 71 71.0
59 72 56.0
59 73 94.0
59 74 92.0
59 75 73.0
59 76 94.0
59 77 81.0
59 78 54.0
59 79 93.0
59 80 91.0
59 81 64.0
59 82 95.0
59 83 56.0
59 84 72.0
59 85 96.0
59 86 75.0
59 87 50.0
59 88 86.0
59 89 53.0
59 90 67.0
59 91 88.0
59 92 91.0
59 93 80.0
59 94 50.0
59 95 82.0
59 96 89.0
59 97 94.0
59 98 64.0
59 99 50.0
60 61 51.0
60 62 70.0
60 63 72.0
60 64 86.0
60 65 86.0
60 66 91.0
60 67 75.0
60 68 90.0
60 69 55.0
60 70 57.0
60 71 52.0
60 72 52.0
60 73 58.0
60 74 55.0
60 75 89.0
60 76 75.0
60 77 65.0
60 78 77.0
60 79 90.0
60 80 92.0
60 81 74.0
60 82 100.0
60 83 53.0
60 84 98.0
60 85 91.0
60 86 79.0
60 87 55.0
60 88 95.0
60 89 63.0
60 90 100.0
60 91 55.0
60 92 52.0
60 93 91.0
60 94 55.0
60 95 60.0
60 96 68.0
60 97 53.0
60 98 78.0
60 99 87.0
61 62 91.0
61 63 52.0
61 64 56.0
61 65 51.0
61 66 84.0
61 67 61.0
61 68 76.0
61 69 69.0
61 70 70.0
61 71 88.0
61 72 93.0
61 73 71.0
61 74 59.0
61 75 66.0
61 76 69.0
61 77 81.0
61 78 97.0
61 79 77.0
61 80 62.0
61 81 100.0
61 82 60.0
61 83 65.0
61 84 67.0
61 85 57.0
61 86 78.0
61 87 86.0
61 88 69.0
61 89 56.0
61 90 65.0
61 91 66.0
61 92 69.0
61 93 52.0
61 94 76.0
61 95 61.0
61 96 53.0
61 97 92.0
61 98 90.0
61 99 98.0
62 63 87.0
62 64 55.0
62 65 99.0
62 66 81.0
62 67 61.0
62 68 58.0
62 69 72.0
62 70 80.0
62 71 61.0
62 72 63.0
62 73 85.0
62 74 78.0
62 75 92.0
62 76 77.0
62 77 94.0
62 78 51.0
62 79 80.0
62 80 59.0
62 81 53.0
62 82 58.0
62 83 68.0
62 84 95.0
62 85 70.0
62 86 91.0
62 87 85.0
62 88 75.0
62 89 67.0
62 90 67.0
62 91 63.0
62 92 91.0
62 93 77.0
62 94 84.0
62 95 57.0
62 96 77.0
62 97 99.0
62 98 51.0
62 99 82.0
63 64 51.0
63 65 72.0
63 66 68.0
63 67 76.0
63 68 57.0
63 69 69.0
63 70 69.0
63 71 51.0
63 72 56.0
63 73 86.0
63 74 68.0
63 75 59.0
63 76 70.0
63 77 67.0
63 78 88.0
63 79 81.0
63 80 92.0
63 81 67.0
63 82 65.0
63 83 74.0
63 84 77.0
63 85 64.0
63 86 78.0
63 87 79.0
63 88 93.0
63 89 95.0
63 90 58.0
63 91 56.0
63 92 95.0
63 93 57.0
63 94 74.0
63 95 70.0
63 96 89.0
63 97 78.0
63 98 100.0
63 99 59.0
64 65 55.0
64 66 88.0
64 67 83.0
64 68 73.0
64 69 88.0
64 70 61.0
64 71 79.0
64 72 83.0
64 73 87.0
64 74 60.0
64 75 95.0
64 76 56.0
64 77 88.0
64 78 76.0
64 79 85.0
64 80 69.0
64 81 89.0
64 82 68.0
64 83 62.0
64 84 51.0
64 85 57.0
64 86 73.0
64 87 97.0
64 88 78.0
64 89 63.0
64 90 84.0
64 91 69.0
64 92 71.0
64 93 52.0
64 94 53.0
64 95 67.0
64 96 69.0
64 97 70.0
64 98 88.0
64 99 57.0
65 66 87.0
65 67 50.0
65 68 68.0
65 69 99.0
65 70 96.0
65 71 81.0
65 72 96.0
65 73 83.0
65 74 85.0
65 75 69.0
65 76 96.0
65 77 90.0
65 78 68.0
65 79 88.0
65 80 58.0
65 81 55.0
65 82 82.0
65 83 55.0
65 84 92.0
65 85 53.0
65 86 66.0
65 87 69.0
65 88 52.0
65 89 55.0
65 90 65.0
65 91 65.0
65 92 99.0
65 93 59.0
65 94 72.0
65 95 91.0
65 96 85.0
65 97 69.0
65 98 98.0
65 99 95.0
66 67 71.0
66 68 85.0
66 69 54.0
66 70 81.0
66 71 72.0
66 72 90.0
66 73 76.0
66 74 98.0
66 75 98.0
66 76 96.0
66 77 85.0
66 78 99.0
66 79 93.0
66 80 87.0
66 81 63.0
66 82 73.0
66 83 82.0
66 84 52.0
66 85 51.0
66 86 96.0
66 87 62.0
66 88 79.0
66 89 50.0
66 90 53.0
66 91 78.0
66 92 60.0
66 93 75.0
66 94 85.0
66 95 77.0
66 96 72.0
66 97 82.0
66 98 66.0
66 99 82.0
67 68 71.0
67 69 61.0
67 70 59.0
67 71 89.0
67 72 54.0
67 73 80.0
67 74 73.0
67 75 65.0
67 76 85.0
67 77 73.0
67 78 78.0
67 79 89.0
67 80 56.0
67 81 61.0
67 82 99.0
67 83 94.0
67 84 90.0
67 85 92.0
67 86 95.0
67 87 87.0
67 88 83.0
67 89 78.0
67 90 89.0
67 91 76.0
67 92 82.0
67 93 58.0
67 94 97.0
67 95 74.0
67 96 74.0
67 97 85.0
67 98 59.0
67 99 51.0
68 69 50.0
68 70 83.0
68 71 62.0
68 72 80.0
68 73 86.0
68 74 75.0
68 75 93.0
68 76 93.0
68 77 68.0
68 78 56.0
68 79 67.0
68 80 51.0
68 81 79.0
68 82 81.0
68 83 72.0
68 84 50.0
68 85 83.0
68 86 98.0
68 87 65.0
68 88 65.0
68 89 57.0
68 90 86.0
68 91 95.0
68 92 58.0
68 93 76.0
68 94 86.0
68 95 85.0
68 96 74.0
68 97 60.0
68 98 69.0
68 99 94.0
69 70 91.0
69 71 54.0
69 72 64.0
69 73 64.0
69 74 96.0
69 75 91.0
69 76 60.0
69 77 59.0
69 78 91.0
69 79 95.0
69 80 80.0
69 81 61.0
69 82 78.0
69 83 98.0
69 84 64.0
69 85 68.0
69 86 51.0
69 87 76.0
69 88 56.0
69 89 53.0
69 90 67.0
69 91 65.0
69 92 75.0
69 93 73.0
69 94 63.0
69 95 86.0
69 96 55.0
69 97 88.0
69 98 78.0
69 99 50.0
70 71 77.0
70 72 94.0
70 73 50.0
70 74 86.0
70 75 95.0
70 76 70.0
70 77 61.0
70 78 97.0
70 79 100.0
70 80 73.0
70 81 87.0
70 82 69.0
70 83 73.0
70 84 58.0
70 85 64.0
70 86 70.0
70 87 69.0
70 88 84.0
70 89 54.0
70 90 100.0
70 91 95.0
70 92 95.0
70 93 85.0
70 94 61.0
70 95 51.0
70 96 84.0
70 97 52.0
70 98 66.0
70 99 73.0
71 72 76.0
71 73 87.0
71 74 93.0
71 75 57.0
71 76 78.0
71 77 65.0
71 78 60.0
71 79 93.0
71 80 93.0
71 81 57.0
71 82 74.0
71 83 93.0
71 84 74.0
71 85 56.0
71 86 61.0
71 87 86.0
71 88 55.0
71 89 88.0
71 90 55.0
71 91 94.0
71 92 65.0
71 93 82.0
71 94 83.0
71 95 74.0
71 96 70.0
71 97 82.0
71 98 61.0
71 99 74.0
72 73 85.0
72 74 58.0
72 75 71.0
72 76 52.0
72 77 60.0
72 78 77.0
72 79 62.0
72 80 96.0
72 81 67.0
72 82 99.0
72 83 58.0
72 84 55.0
72 85 77.0
72 86 91.0
72 87 60.0
72 88 96.0
72 89 50.0
72 90 94.0
72 91 73.0
72 92 78.0
72 93 54.0
72 94 60.0
72 95 60.0
72 96 93.0
72 97 68.0
72 98 60.0
72 99 69.0
73 74 58.0
73 75 57.0
73 76 67.0
73 77 68.0
73 78 86.0
73 79 74.0
73 80 76.0
73 81 71.0
73 82 79.0
73 83 79.0
73 84 86.0
73 85 76.0
73 86 89.0
73 87 52.0
73 88 80.0
73 89 70.0
73 90 65.0
73 91 96.0
73 92 74.0
73 93 99.0
73 94 50.0
73 95 65.0
73 96 70.0
73 97 51.0
73 98 91.0
73 99 60.0
74 75 69.0
74 76 94.0
74 77 66.0
74 78 99.0
74 79 77.0
74 80 88.0
74 81 95.0
74 82 95.0
74 83 59.0
74 84 54.0
74 85 50.0
74 86 74.0
74 87 94.0
74 88 71.0
74 89 56.0
74 90 98.0
74 91 78.0
74 92 94.0
74 93 100.0
74 94 87.0
74 95 88.0
74 96 87.0
74 97 86.0
74 98 71.0
74 99 69.0
75 76 71.0
75 77 51.0
75 78 78.0
75 79 100.0
75 80 55.0
75 81 91.0
75 82 85.0
75 83 80.0
75 84 81.0
75 85 53.0
75 86 65.0
75 87 82.0
75 88 75.0
75 89 51.0
75 90 94.0
75 91 61.0
75 92 66.0
75 93 80.0
75 94 70.0
75 95 96.0
75 96 97.0
75 97 91.0
75 98 92.0
75 99 94.0
76 77 94.0
76 78 54.0
76 79 55.0
76 80 84.0
76 81 62.0
76 82 74.0
76 83 93.0
76 84 61.0
76 85 68.0
76 86 84.0
76 87 59.0
76 88 72.0
76 89 94.0
76 90 98.0
76 91 100.0
76 92 100.0
76 93 60.0
76 94 57.0
76 95 68.0
76 96 94.0
76 97 53.0
76 98 84.0
76 99 60.0
77 78 82.0
77 79 53.0
77 80 81.0
77 81 100.0
77 82 84.0
77 83 99.0
77 84 50.0
77 85 79.0
77 86 57.0
77 87 50.0
77 88 62.0
77 89 52.0
77 90 66.0
77 91 80.0
77 92 73.0
77 93 83.0
77 94 96.0
77 95 65.0
77 96 91.0
77 97 97.0
77 98 68.0
77 99 94.0
78 79 61.0
78 80 71.0
78 81 89.0
78 82 62.0
78 83 80.0
78 84 90.0
78 85 54.0
78 86 85.0
78 87 56.0
78 88 91.0
78 89 75.0
78 90 72.0
78 91 50.0
78 92 88.0
78 93 82.0
78 94 76.0
78 95 74.0
78 96 95.0
78 97 89.0
78 98 88.0
78 99 92.0
79 80 76.0
79 81 63.0
79 82 55.0
79 83 76.0
79 84 91.0
79 85 75.0
79 86 72.0
79 87 65.0
79 88 71.0
79 89 69.0
79 90 92.0
79 91 69.0
79 92 64.0
79 93 69.0
79 94 99.0
79 95 100.0
79 96 81.0
79 97 73.0
79 98 57.0
79 99 100.0
80 81 79.0
80 82 89.0
80 83 86.0
80 84 93.0
80 85 81.0
80 86 53.0
80 87 97.0
80 88 74.0
80 89 92.0
80 90 99.0
80 91 85.0
80 92 90.0
80 93 90.0
80 94 59.0
80 95 100.0
80 96 69.0
80 97 76.0
80 98 64.0
80 99 69.0
81 82 71.0
81 83 76.0
81 84 66.0
81 85 98.0
81 86 57.0
81 87 50.0
81 88 94.0
81 89 58.0
81 90 64.0
81 91 67.0
81 92 79.0
81 93 71.0
81 94 95.0
81 95 66.0
81 96 90.0
81 97 88.0
81 98 96.0
81 99 92.0
82 83 62.0
82 84 82.0
82 85 60.0
82 86 54.0
82 87 88.0
82 88 85.0
82 89 67.0
82 90 77.0
82 91 52.0
82 92 66.0
82 93 70.0
82 94 71.0
82 95 61.0
82 96 98.0
82 97 92.0
82 98 58.0
82 99 65.0
83 84 68.0
83 85 95.0
83 86 93.0
83 87 79.0
83 88 87.0
83 89 85.0
83 90 51.0
83 91 73.0
83 92 81.0
83 93 91.0
83 94 89.0
83 95 70.0
83 96 59.0
83 97 97.0
83 98 52.0
83 99 99.0
84 85 90.0
84 86 64.0
84 87 60.0
84 88 91.0
84 89 60.0
84 90 53.0
84 91 72.0
84 92 53.0
84 93 84.0
84 94 71.0
84 95 93.0
84 96 95.0
84 97 76.0
84 98 98.0
84 99 71.0
85 86 78.0
85 87 70.0
85 88 55.0
85 89 81.0
85 90 71.0
85 91 50.0
85 92 60.0
85 93 68.0
85 94 57.0
85 95 66.0
85 96 83.0
85 97 58.0
85 98 53.0
85 99 56.0
86 87 73.0
86 88 77.0
86 89 86.0
86 90 67.0
86 91 86.0
86 92 62.0
86 93 56.0
86 94 63.0
86 95 77.0
86 96 57.0
86 97 54.0
86 98 70.0
86 99 79.0
87 88 95.0
87 89 90.0
87 90 50.0
87 91 75.0
87 92 99.0
87 93 76.0
87 94 76.0
87 95 83.0
87 96 72.0
87 97 92.0
87 98 56.0
87 99 79.0
88 89 51.0
88 90 98.0
88 91 79.0
88 92 85.0
88 93 89.0
88 94 63.0
88 95 68.0
88 96 71.0
88 97 77.0
88 98 54.0
88 99 95.0
89 90 79.0
89 91 93.0
89 92 56.0
89 93 83.0
89 94 83.0
89 95 67.0
89 96 73.0
89 97 68.0
89 98 82.0
89 99 78.0
90 91 91.0
90 92 75.0
90 93 80.0
90 94 79.0
90 95 71.0
90 96 55.0
90 97 67.0
90 98 99.0
90 99 95.0
91 92 83.0
91 93 80.0
91 94 82.0
91 95 52.0
91 96 73.0
91 97 98.0
91 98 95.0
91 99 55.0
92 93 79.0
92 94 93.0
92 95 65.0
92 96 68.0
92 97 50.0
92 98 97.0
92 99 54.0
93 94 56.0
93 95 93.0
93 96 95.0
93 97 66.0
93 98 67.0
93 99 71.0
94 95 88.0
94 96 67.0
94 97 67.0
94 98 71.0
94 99 56.0
95 96 84.0
95 97 73.0
95 98 73.0
95 99 65.0
96 97 86.0
96 98 67.0
96 99 69.0
97 98 62.0
97 99 73.0
98 99 91.0
