100
0 1 64.0
0 2 61.0
0 3 62.0
0 4 78.0
0 5 72.0
0 6 70.0
0 7 62.0
0 8 81.0
0 9 77.0
0 10 58.0
0 11 89.0
0 12 87.0
0 13 80.0
0 14 55.0
0 15 60.0
0 16 61.0
0 17 79.0
0 18 91.0
0 19 67.0
0 20 67.0
0 21 52.0
0 22 76.0
0 23 97.0
0 24 79.0
0 25 71.0
0 26 82.0
0 27 86.0
0 28 75.0
0 29 50.0
0 30 93.0
0 31 94.0
0 32 71.0
0 33 89.0
0 34 95.0
0 35 57.0
0 36 79.0
0 37 65.0
0 38 75.0
0 39 58.0
0 40 68.0
0 41 66.0
0 42 70.0
0 43 97.0
0 44 94.0
0 45 89.0
0 46 57.0
0 47 88.0
0 48 70.0
0 49 68.0
0 50 89.0
0 51 92.0
0 52 84.0
0 53 53.0
0 54 94.0
0 55 75.0
0 56 92.0
0 57 58.0
0 58 91.0
0 59 57.0
0 60 66.0
0 61 94.0
0 62 95.0
0 63 68.0
0 64 97.0
0 65 68.0
0 66 53.0
0 67 87.0
0 68 50.0
0 69 76.0
0 70 96.0
0 71 81.0
0 72 50.0
0 73 81.0
0 74 88.0
0 75 72.0
0 76 69.0
0 77 79.0
0 78 78.0
0 79 95.0
0 80 63.0
0 81 95.0
0 82 67.0
0 83 50.0
0 84 62.0
0 85 90.0
0 86 55.0
0 87 96.0
0 88 59.0
0 89 91.0
0 90 61.0
0 91 75.0
0 92 56.0
0 93 88.0
0 94 90.0
0 95 89.0
0 96 74.0
0 97 58.0
0 98 95.0
0 99 98.0
1 2 53.0
1 3 91.0
1 4 82.0
1 5 65.0
1 6 87.0
1 7 64.0
1 8 51.0
1 9 95.0
1 10 72.0
1 11 68.0
1 12 54.0
1 13 71.0
1 14 81.0
1 15 100.0
1 16 58.0
1 17 56.0
1 18 68.0
1 19 62.0
1 20 100.0
1 21 65.0
1 22 58.0
1 23 63.0
1 24 84.0
1 25 55.0
1 26 71.0
1 27 92.0
1 28 82.0
1 29 78.0
1 30 90.0
1 31 60.0
1 32 90.0
1 33 68.0
1 34 73.0
1 35 91.0
1 36 53.0
1 37 94.0
1 38 58.0
1 39 57.0
1 40 73.0
1 41 71.0
1 42 70.0
1 43 58.0
1 44 78.0
1 45 77.0
1 46 72.0
1 47 81.0
1 48 54.0
1 49 66.0
1 50 69.0
1 51 63.0
1 52 85.0
1 53 87.0
1 54 73.0
1 55 100.0
1 56 90.0
1 57 50.0
1 58 96.0
1 59 83.0
1 60 86.0
1 61 71.0
1 62 56.0
1 63 63.0
1 64 64.0
1 65 76.0
1 66 73.0
1 67 92.0
1 68 85.0
1 69 89.0
1 70 93.0
1 71 63.0
1 72 64.0
1 73 100.0
1 74 63.0
1 75 85.0
1 76 92.0
1 77 85.0
1 78 62.0
1 79 69.0
1 80 56.0
1 81 77.0
1 82 95.0
1 83 89.0
1 84 53.0
1 85 67.0
1 86 72.0
1 87 69.0
1 88 94.0
1 89 84.0
1 90 82.0
1 91 80.0
1 92 56.0
1 93 97.0
1 94 92.0
1 95 75.0
1 96 87.0
1 97 82.0
1 98 91.0
1 99 76.0
2 3 84.0
2 4 78.0
2 5 53.0
2 6 70.0
2 7 91.0
2 8 50.0
2 9 70.0
2 10 60.0
2 11 79.0
2 12 94.0
2 13 71.0
2 14 64.0
2 15 66.0
2 16 52.0
2 17 61.0
2 18 94.0
2 19 84.0
2 20 96.0
2 21 54.0
2 22 83.0
2 23 78.0
2 24 97.0
2 25 50.0
2 26 52.0
2 27 67.0
2 28 89.0
2 29 90.0
2 30 99.0
2 31 75.0
2 32 94.0
2 33 58.0
2 34 80.0
2 35 65.0
2 36 88.0
2 37 84.0
2 38 69.0
2 39 97.0
2 40 72.0
2 41 68.0
2 42 80.0
2 43 92.0
2 44 75.0
2 45 85.0
2 46 57.0
2 47 50.0
2 48 66.0
2 49 74.0
2 50 87.0
2 51 68.0
2 52 80.0
2 53 79.0
2 54 59.0
2 55 55.0
2 56 88.0
2 57 99.0
2 58 53.0
2 59 62.0
2 60 51.0
2 61 88.0
2 62 69.0
2 63 83.0
2 64 95.0
2 65 61.0
2 66 89.0
2 67 95.0
2 68 56.0
2 69 63.0
2 70 73.0
2 71 91.0
2 72 100.0
2 73 59.0
2 74 89.0
2 75 97.0
2 76 84.0
2 77 82.0
2 78 52.0
2 79 70.0
2 80 92.0
2 81 75.0
2 82 90.0
2 83 98.0
2 84 79.0
2 85 93.0
2 86 62.0
2 87 65.0
2 88 59.0
2 89 65.0
2 90 72.0
2 91 57.0
2 92 95.0
2 93 80.0
2 94 53.0
2 95 84.0
2 96 78.0
2 97 82.0
2 98 54.0
2 99 89.0
3 4 95.0
3 5 100.0
3 6 86.0
3 7 78.0
3 8 76.0
3 9 56.0
3 10 66.0
3 11 82.0
3 12 59.0
3 13 97.0
3 14 84.0
3 15 98.0
3 16 62.0
3 17 72.0
3 18 69.0
3 19 84.0
3 20 59.0
3 21 98.0
3 22 97.0
3 23 72.0
3 24 78.0
3 25 52.0
3 26 78.0
3 27 52.0
3 28 83.0
3 29 91.0
3 30 96.0
3 31 51.0
3 32 82.0
3 33 75.0
3 34 52.0
3 35 56.0
3 36 72.0
3 37 55.0
3 38 60.0
3 39 89.0
3 40 77.0
3 41 96.0
3 42 70.0
3 43 65.0
3 44 68.0
3 45 51.0
3 46 82.0
3 47 61.0
3 48 63.0
3 49 50.0
3 50 72.0
3 51 56.0
3 52 79.0
3 53 55.0
3 54 95.0
3 55 61.0
3 56 95.0
3 57 52.0
3 58 90.0
3 59 54.0
3 60 60.0
3 61 87.0
3 62 68.0
3 63 86.0
3 64 85.0
3 65 100.0
3 66 93.0
3 67 84.0
3 68 97.0
3 69 60.0
3 70 53.0
3 71 99.0
3 72 64.0
3 73 77.0
3 74 63.0
3 75 50.0
3 76 53.0
3 77 54.0
3 78 52.0
3 79 94.0
3 80 50.0
3 81 74.0
3 82 96.0
3 83 68.0
3 84 79.0
3 85 70.0
3 86 53.0
3 87 51.0
3 88 58.0
3 89 81.0
3 90 52.0
3 91 89.0
3 92 95.0
3 93 87.0
3 94 50.0
3 95 98.0
3 96 94.0
3 97 92.0
3 98 52.0
3 99 66.0
4 5 79.0
4 6 59.0
4 7 68.0
4 8 58.0
4 9 98.0
4 10 69.0
4 11 69.0
4 12 72.0
4 13 79.0
4 14 70.0
4 15 58.0
4 16 84.0
4 17 92.0
4 18 80.0
4 19 80.0
4 20 80.0
4 21 100.0
4 22 98.0
4 23 69.0
4 24 50.0
4 25 87.0
4 26 59.0
4 27 76.0
4 28 85.0
4 29 87.0
4 30 81.0
4 31 80.0
4 32 81.0
4 33 93.0
4 34 87.0
4 35 55.0
4 36 71.0
4 37 75.0
4 38 93.0
4 39 71.0
4 40 64.0
4 41 78.0
4 42 79.0
4 43 69.0
4 44 81.0
4 45 84.0
4 46 100.0
4 47 70.0
4 48 94.0
4 49 74.0
4 50 61.0
4 51 51.0
4 52 57.0
4 53 82.0
4 54 82.0
4 55 55.0
4 56 89.0
4 57 75.0
4 58 89.0
4 59 71.0
4 60 59.0
4 61 58.0
4 62 92.0
4 63 83.0
4 64 90.0
4 65 62.0
4 66 81.0
4 67 97.0
4 68 75.0
4 69 50.0
4 70 94.0
4 71 62.0
4 72 92.0
4 73 92.0
4 74 74.0
4 75 61.0
4 76 94.0
4 77 80.0
4 78 59.0
4 79 64.0
4 80 60.0
4 81 90.0
4 82 88.0
4 83 58.0
4 84 68.0
4 85 97.0
4 86 52.0
4 87 93.0
4 88 93.0
4 89 66.0
4 90 68.0
4 91 53.0
4 92 96.0
4 93 78.0
4 94 75.0
4 95 87.0
4 96 61.0
4 97 63.0
4 98 52.0
4 99 66.0
5 6 66.0
5 7 72.0
5 8 84.0
5 9 92.0
5 10 99.0
5 11 96.0
5 12 82.0
5 13 55.0
5 14 67.0
5 15 80.0
5 16 79.0
5 17 58.0
5 18 50.0
5 19 91.0
5 20 68.0
5 21 69.0
5 22 66.0
5 23 73.0
5 24 95.0
5 25 70.0
5 26 76.0
5 27 86.0
5 28 55.0
5 29 68.0
5 30 70.0
5 31 55.0
5 32 96.0
5 33 78.0
5 34 65.0
5 35 81.0
5 36 88.0
5 37 98.0
5 38 70.0
5 39 64.0
5 40 72.0
5 41 79.0
5 42 83.0
5 43 98.0
5 44 84.0
5 45 85.0
5 46 69.0
5 47 50.0
5 48 59.0
5 49 84.0
5 50 51.0
5 51 89.0
5 52 81.0
5 53 57.0
5 54 73.0
5 55 92.0
5 56 79.0
5 57 66.0
5 58 87.0
5 59 90.0
5 60 93.0
5 61 57.0
5 62 76.0
5 63 94.0
5 64 68.0
5 65 87.0
5 66 71.0
5 67 95.0
5 68 92.0
5 69 58.0
5 70 64.0
5 71 98.0
5 72 92.0
5 73 89.0
5 74 61.0
5 75 74.0
5 76 58.0
5 77 80.0
5 78 66.0
5 79 95.0
5 80 74.0
5 81 58.0
5 82 53.0
5 83 51.0
5 84 89.0
5 85 68.0
5 86 50.0
5 87 94.0
5 88 59.0
5 89 100.0
5 90 62.0
5 91 67.0
5 92 57.0
5 93 97.0
5 94 67.0
5 95 92.0
5 96 76.0
5 97 83.0
5 98 74.0
5 99 72.0
6 7 61.0
6 8 68.0
6 9 62.0
6 10 67.0
6 11 69.0
6 12 94.0
6 13 90.0
6 14 64.0
6 15 83.0
6 16 51.0
6 17 74.0
6 18 79.0
6 19 53.0
6 20 52.0
6 21 78.0
6 22 73.0
6 23 98.0
6 24 78.0
6 25 75.0
6 26 57.0
6 27 65.0
6 28 68.0
6 29 65.0
6 30 65.0
6 31 98.0
6 32 77.0
6 33 82.0
6 34 86.0
6 35 93.0
6 36 56.0
6 37 78.0
6 38 99.0
6 39 85.0
6 40 60.0
6 41 55.0
6 42 80.0
6 43 61.0
6 44 84.0
6 45 90.0
6 46 80.0
6 47 68.0
6 48 68.0
6 49 74.0
6 50 92.0
6 51 89.0
6 52 77.0
6 53 69.0
6 54 66.0
6 55 78.0
6 56 96.0
6 57 95.0
6 58 67.0
6 59 61.0
6 60 96.0
6 61 54.0
6 62 70.0
6 63 94.0
6 64 84.0
6 65 98.0
6 66 99.0
6 67 75.0
6 68 74.0
6 69 74.0
6 70 52.0
6 71 86.0
6 72 95.0
6 73 85.0
6 74 100.0
6 75 91.0
6 76 60.0
6 77 67.0
6 78 55.0
6 79 62.0
6 80 86.0
6 81 77.0
6 82 77.0
6 83 64.0
6 84 92.0
6 85 62.0
6 86 97.0
6 87 52.0
6 88 80.0
6 89 89.0
6 90 78.0
6 91 89.0
6 92 89.0
6 93 91.0
6 94 77.0
6 95 56.0
6 96 56.0
6 97 76.0
6 98 63.0
6 99 68.0
7 8 91.0
7 9 94.0
7 10 64.0
7 11 62.0
7 12 61.0
7 13 71.0
7 14 83.0
7 15 51.0
7 16 53.0
7 17 75.0
7 18 95.0
7 19 80.0
7 20 86.0
7 21 89.0
7 22 72.0
7 23 93.0
7 24 60.0
7 25 76.0
7 26 68.0
7 27 96.0
7 28 72.0
7 29 65.0
7 30 64.0
7 31 89.0
7 32 90.0
7 33 94.0
7 34 95.0
7 35 94.0
7 36 95.0
7 37 93.0
7 38 91.0
7 39 84.0
7 40 98.0
7 41 86.0
7 42 69.0
7 43 72.0
7 44 92.0
7 45 59.0
7 46 97.0
7 47 98.0
7 48 86.0
7 49 85.0
7 50 62.0
7 51 83.0
7 52 98.0
7 53 83.0
7 54 88.0
7 55 71.0
7 56 97.0
7 57 66.0
7 58 53.0
7 59 83.0
7 60 98.0
7 61 85.0
7 62 61.0
7 63 79.0
7 64 74.0
7 65 91.0
7 66 67.0
7 67 78.0
7 68 72.0
7 69 67.0
7 70 87.0
7 71 84.0
7 72 77.0
7 73 63.0
7 74 75.0
7 75 68.0
7 76 55.0
7 77 93.0
7 78 100.0
7 79 62.0
7 80 69.0
7 81 72.0
7 82 87.0
7 83 62.0
7 84 61.0
7 85 75.0
7 86 100.0
7 87 70.0
7 88 70.0
7 89 89.0
7 90 97.0
7 91 91.0
7 92 73.0
7 93 66.0
7 94 87.0
7 95 77.0
7 96 80.0
7 97 90.0
7 98 55.0
7 99 99.0
8 9 56.0
8 10 64.0
8 11 78.0
8 12 82.0
8 13 73.0
8 14 77.0
8 15 74.0
8 16 99.0
8 17 66.0
8 18 61.0
8 19 53.0
8 20 93.0
8 21 52.0
8 22 96.0
8 23 95.0
8 24 85.0
8 25 83.0
8 26 99.0
8 27 60.0
8 28 91.0
8 29 85.0
8 30 99.0
8 31 85.0
8 32 69.0
8 33 79.0
8 34 51.0
8 35 83.0
8 36 91.0
8 37 52.0
8 38 92.0
8 39 51.0
8 40 83.0
8 41 93.0
8 42 100.0
8 43 75.0
8 44 71.0
8 45 50.0
8 46 92.0
8 47 84.0
8 48 60.0
8 49 71.0
8 50 80.0
8 51 53.0
8 52 95.0
8 53 61.0
8 54 84.0
8 55 98.0
8 56 74.0
8 57 69.0
8 58 64.0
8 59 68.0
8 60 53.0
8 61 52.0
8 62 80.0
8 63 95.0
8 64 58.0
8 65 88.0
8 66 73.0
8 67 70.0
8 68 78.0
8 69 69.0
8 70 83.0
8 71 65.0
8 72 63.0
8 73 80.0
8 74 53.0
8 75 86.0
8 76 74.0
8 77 95.0
8 78 77.0
8 79 94.0
8 80 92.0
8 81 55.0
8 82 81.0
8 83 61.0
8 84 57.0
8 85 95.0
8 86 72.0
8 87 61.0
8 88 87.0
8 89 86.0
8 90 62.0
8 91 75.0
8 92 58.0
8 93 93.0
8 94 55.0
8 95 85.0
8 96 88.0
8 97 69.0
8 98 57.0
8 99 79.0
9 10 61.0
9 11 60.0
9 12 86.0
9 13 63.0
9 14 65.0
9 15 97.0
9 16 93.0
9 17 89.0
9 18 72.0
9 19 50.0
9 20 76.0
9 21 63.0
9 22 66.0
9 23 76.0
9 24 69.0
9 25 55.0
9 26 96.0
9 27 56.0
9 28 61.0
9 29 83.0
9 30 91.0
9 31 65.0
9 32 84.0
9 33 87.0
9 34 52.0
9 35 71.0
9 36 71.0
9 37 59.0
9 38 92.0
9 39 82.0
9 40 51.0
9 41 57.0
9 42 73.0
9 43 83.0
9 44 94.0
9 45 97.0
9 46 80.0
9 47 94.0
9 48 60.0
9 49 74.0
9 50 74.0
9 51 77.0
9 52 75.0
9 53 73.0
9 54 54.0
9 55 83.0
9 56 66.0
9 57 60.0
9 58 72.0
9 59 92.0
9 60 59.0
9 61 71.0
9 62 60.0
9 63 91.0
9 64 50.0
9 65 78.0
9 66 92.0
9 67 90.0
9 68 71.0
9 69 72.0
9 70 67.0
9 71 59.0
9 72 71.0
9 73 88.0
9 74 60.0
9 75 60.0
9 76 85.0
9 77 77.0
9 78 58.0
9 79 51.0
9 80 90.0
9 81 96.0
9 82 67.0
9 83 64.0
9 84 94.0
9 85 50.0
9 86 88.0
9 87 98.0
9 88 65.0
9 89 68.0
9 90 81.0
9 91 70.0
9 92 98.0
9 93 83.0
9 94 80.0
9 95 59.0
9 96 94.0
9 97 61.0
9 98 80.0
9 99 65.0
10 11 87.0
10 12 69.0
10 13 72.0
10 14 79.0
10 15 58.0
10 16 82.0
10 17 82.0
10 18 54.0
10 19 74.0
10 20 70.0
10 21 80.0
10 22 88.0
10 23 85.0
10 24 53.0
10 25 87.0
10 26 65.0
10 27 73.0
10 28 53.0
10 29 84.0
10 30 83.0
10 31 74.0
10 32 89.0
10 33 68.0
10 34 89.0
10 35 100.0
10 36 70.0
10 37 67.0
10 38 89.0
10 39 91.0
10 40 64.0
10 41 65.0
10 42 64.0
10 43 99.0
10 44 55.0
10 45 85.0
10 46 82.0
10 47 68.0
10 48 50.0
10 49 94.0
10 50 55.0
10 51 97.0
10 52 98.0
10 53 55.0
10 54 84.0
10 55 55.0
10 56 91.0
10 57 63.0
10 58 96.0
10 59 66.0
10 60 81.0
10 61 50.0
10 62 88.0
10 63 97.0
10 64 71.0
10 65 62.0
10 66 87.0
10 67 69.0
10 68 100.0
10 69 96.0
10 70 56.0
10 71 74.0
10 72 92.0
10 73 99.0
10 74 72.0
10 75 86.0
10 76 54.0
10 77 82.0
10 78 80.0
10 79 94.0
10 80 85.0
10 81 57.0
10 82 76.0
10 83 69.0
10 84 81.0
10 85 52.0
10 86 50.0
10 87 92.0
10 88 64.0
10 89 62.0
10 90 70.0
10 91 96.0
10 92 56.0
10 93 60.0
10 94 63.0
10 95 51.0
10 96 97.0
10 97 86.0
10 98 60.0
10 99 69.0
11 12 89.0
11 13 66.0
11 14 59.0
11 15 55.0
11 16 85.0
11 17 60.0
11 18 69.0
11 19 95.0
11 20 69.0
11 21 54.0
11 22 100.0
11 23 84.0
11 24 88.0
11 25 87.0
11 26 90.0
11 27 65.0
11 28 92.0
11 29 63.0
11 30 72.0
11 31 93.0
11 32 80.0
11 33 60.0
11 34 74.0
11 35 69.0
11 36 95.0
11 37 70.0
11 38 80.0
11 39 77.0
11 40 70.0
11 41 61.0
11 42 64.0
11 43 90.0
11 44 59.0
11 45 59.0
11 46 76.0
11 47 56.0
11 48 64.0
11 49 74.0
11 50 92.0
11 51 51.0
11 52 84.0
11 53 89.0
11 54 52.0
11 55 89.0
11 56 60.0
11 57 84.0
11 58 95.0
11 59 50.0
11 60 74.0
11 61 62.0
11 62 53.0
11 63 87.0
11 64 50.0
11 65 53.0
11 66 87.0
11 67 81.0
11 68 95.0
11 69 83.0
11 70 79.0
11 71 50.0
11 72 87.0
11 73 90.0
11 74 83.0
11 75 97.0
11 76 88.0
11 77 73.0
11 78 80.0
11 79 68.0
11 80 58.0
11 81 51.0
11 82 100.0
11 83 88.0
11 84 50.0
11 85 90.0
11 86 84.0
11 87 83.0
11 88 67.0
11 89 72.0
11 90 54.0
11 91 62.0
11 92 88.0
11 93 65.0
11 94 84.0
11 95 75.0
11 96 56.0
11 97 98.0
11 98 82.0
11 99 78.0
12 13 61.0
12 14 62.0
12 15 70.0
12 16 95.0
12 17 70.0
12 18 52.0
12 19 72.0
12 20 86.0
12 21 99.0
12 22 74.0
12 23 50.0
12 24 69.0
12 25 59.0
12 26 64.0
12 27 54.0
12 28 89.0
12 29 72.0
12 30 90.0
12 31 74.0
12 32 76.0
12 33 83.0
12 34 61.0
12 35 81.0
12 36 93.0
12 37 61.0
12 38 72.0
12 39 75.0
12 40 74.0
12 41 83.0
12 42 56.0
12 43 100.0
12 44 53.0
12 45 75.0
12 46 65.0
12 47 72.0
12 48 98.0
12 49 85.0
12 50 86.0
12 51 62.0
12 52 58.0
12 53 93.0
12 54 66.0
12 55 89.0
12 56 58.0
12 57 96.0
12 58 90.0
12 59 52.0
12 60 51.0
12 61 89.0
12 62 51.0
12 63 71.0
12 64 51.0
12 65 66.0
12 66 69.0
12 67 100.0
12 68 60.0
12 69 76.0
12 70 83.0
12 71 54.0
12 72 52.0
12 73 50.0
12 74 55.0
12 75 78.0
12 76 90.0
12 77 70.0
12 78 98.0
12 79 82.0
12 80 88.0
12 81 96.0
12 82 81.0
12 83 61.0
12 84 75.0
12 85 62.0
12 86 86.0
12 87 55.0
12 88 82.0
12 89 92.0
12 90 86.0
12 91 69.0
12 92 71.0
12 93 81.0
12 94 84.0
12 95 75.0
12 96 60.0
12 97 66.0
12 98 66.0
12 99 57.0
13 14 52.0
13 15 55.0
13 16 52.0
13 17 99.0
13 18 66.0
13 19 65.0
13 20 72.0
13 21 57.0
13 22 75.0
13 23 92.0
13 24 60.0
13 25 59.0
13 26 91.0
13 27 74.0
13 28 50.0
13 29 71.0
13 30 85.0
13 31 77.0
13 32 92.0
13 33 59.0
13 34 74.0
13 35 97.0
13 36 84.0
13 37 62.0
13 38 58.0
13 39 68.0
13 40 50.0
13 41 51.0
13 42 75.0
13 43 51.0
13 44 53.0
13 45 78.0
13 46 93.0
13 47 66.0
13 48 76.0
13 49 64.0
13 50 67.0
13 51 93.0
13 52 72.0
13 53 63.0
13 54 60.0
13 55 96.0
13 56 99.0
13 57 63.0
13 58 95.0
13 59 56.0
13 60 74.0
13 61 96.0
13 62 65.0
13 63 85.0
13 64 64.0
13 65 76.0
13 66 91.0
13 67 71.0
13 68 65.0
13 69 80.0
13 70 55.0
13 71 59.0
13 72 83.0
13 73 72.0
13 74 99.0
13 75 78.0
13 76 95.0
13 77 80.0
13 78 98.0
13 79 52.0
13 80 70.0
13 81 80.0
13 82 80.0
13 83 99.0
13 84 68.0
13 85 65.0
13 86 81.0
13 87 66.0
13 88 97.0
13 89 89.0
13 90 59.0
13 91 73.0
13 92 63.0
13 93 68.0
13 94 69.0
13 95 86.0
13 96 88.0
13 97 54.0
13 98 54.0
13 99 89.0
14 15 67.0
14 16 51.0
14 17 94.0
14 18 70.0
14 19 54.0
14 20 89.0
14 21 75.0
14 22 54.0
14 23 74.0
14 24 70.0
14 25 86.0
14 26 98.0
14 27 96.0
14 28 71.0
14 29 52.0
14 30 77.0
14 31 76.0
14 32 63.0
14 33 59.0
14 34 73.0
14 35 61.0
14 36 65.0
14 37 89.0
14 38 75.0
14 39 100.0
14 40 76.0
14 41 74.0
14 42 95.0
14 43 53.0
14 44 95.0
14 45 69.0
14 46 79.0
14 47 70.0
14 48 71.0
14 49 66.0
14 50 90.0
14 51 68.0
14 52 50.0
14 53 65.0
14 54 62.0
14 55 64.0
14 56 58.0
14 57 100.0
14 58 77.0
14 59 79.0
14 60 68.0
14 61 57.0
14 62 71.0
14 63 51.0
14 64 78.0
14 65 71.0
14 66 86.0
14 67 86.0
14 68 89.0
14 69 54.0
14 70 85.0
14 71 96.0
14 72 91.0
14 73 58.0
14 74 80.0
14 75 65.0
14 76 81.0
14 77 52.0
14 78 59.0
14 79 88.0
14 80 76.0
14 81 96.0
14 82 64.0
14 83 57.0
14 84 92.0
14 85 69.0
14 86 60.0
14 87 87.0
14 88 61.0
14 89 53.0
14 90 91.0
14 91 94.0
14 92 84.0
14 93 59.0
14 94 59.0
14 95 67.0
14 96 88.0
14 97 97.0
14 98 100.0
14 99 55.0
15 16 95.0
15 17 100.0
15 18 69.0
15 19 80.0
15 20 84.0
15 21 99.0
15 22 82.0
15 23 61.0
15 24 74.0
15 25 74.0
15 26 99.0
15 27 64.0
15 28 95.0
15 29 66.0
15 30 60.0
15 31 87.0
15 32 54.0
15 33 90.0
15 34 63.0
15 35 94.0
15 36 100.0
15 37 78.0
15 38 99.0
15 39 97.0
15 40 70.0
15 41 54.0
15 42 89.0
15 43 65.0
15 44 75.0
15 45 58.0
15 46 98.0
15 47 75.0
15 48 84.0
15 49 88.0
15 50 89.0
15 51 54.0
15 52 89.0
15 53 79.0
15 54 94.0
15 55 100.0
15 56 58.0
15 57 99.0
15 58 56.0
15 59 75.0
15 60 92.0
15 61 53.0
15 62 66.0
15 63 73.0
15 64 54.0
15 65 95.0
15 66 53.0
15 67 58.0
15 68 83.0
15 69 50.0
15 70 96.0
15 71 63.0
15 72 55.0
15 73 89.0
15 74 82.0
15 75 66.0
15 76 94.0
15 77 93.0
15 78 53.0
15 79 93.0
15 80 87.0
15 81 55.0
15 82 64.0
15 83 96.0
15 84 75.0
15 85 64.0
15 86 68.0
15 87 73.0
15 88 79.0
15 89 54.0
15 90 75.0
15 91 84.0
15 92 60.0
15 93 61.0
15 94 98.0
15 95 100.0
15 96 64.0
15 97 62.0
15 98 91.0
15 99 65.0
16 17 83.0
16 18 57.0
16 19 72.0
16 20 64.0
16 21 88.0
16 22 93.0
16 23 54.0
16 24 96.0
16 25 67.0
16 26 66.0
16 27 59.0
16 28 92.0
16 29 85.0
16 30 60.0
16 31 98.0
16 32 62.0
16 33 55.0
16 34 64.0
16 35 51.0
16 36 100.0
16 37 91.0
16 38 58.0
16 39 65.0
16 40 77.0
16 41 85.0
16 42 91.0
16 43 67.0
16 44 87.0
16 45 87.0
16 46 86.0
16 47 62.0
16 48 85.0
16 49 55.0
16 50 72.0
16 51 96.0
16 52 89.0
16 53 64.0
16 54 87.0
16 55 91.0
16 56 76.0
16 57 87.0
16 58 89.0
16 59 78.0
16 60 87.0
16 61 71.0
16 62 88.0
16 63 61.0
16 64 88.0
16 65 83.0
16 66 57.0
16 67 87.0
16 68 79.0
16 69 71.0
16 70 68.0
16 71 57.0
16 72 58.0
16 73 95.0
16 74 57.0
16 75 57.0
16 76 63.0
16 77 69.0
16 78 57.0
16 79 52.0
16 80 71.0
16 81 98.0
16 82 98.0
16 83 86.0
16 84 81.0
16 85 61.0
16 86 62.0
16 87 53.0
16 88 91.0
16 89 60.0
16 90 73.0
16 91 51.0
16 92 81.0
16 93 66.0
16 94 96.0
16 95 92.0
16 96 87.0
16 97 73.0
16 98 63.0
16 99 81.0
17 18 86.0
17 19 95.0
17 20 57.0
17 21 88.0
17 22 96.0
17 23 74.0
17 24 72.0
17 25 58.0
17 26 68.0
17 27 60.0
17 28 81.0
17 29 95.0
17 30 91.0
17 31 86.0
17 32 69.0
17 33 51.0
17 34 69.0
17 35 76.0
17 36 61.0
17 37 67.0
17 38 71.0
17 39 69.0
17 40 54.0
17 41 87.0
17 42 53.0
17 43 74.0
17 44 94.0
17 45 69.0
17 46 68.0
17 47 94.0
17 48 90.0
17 49 93.0
17 50 77.0
17 51 74.0
17 52 82.0
17 53 75.0
17 54 90.0
17 55 52.0
17 56 71.0
17 57 88.0
17 58 71.0
17 59 83.0
17 60 99.0
17 61 80.0
17 62 85.0
17 63 57.0
17 64 58.0
17 65 91.0
17 66 72.0
17 67 98.0
17 68 93.0
17 69 99.0
17 70 72.0
17 71 96.0
17 72 93.0
17 73 92.0
17 74 61.0
17 75 65.0
17 76 72.0
17 77 87.0
17 78 83.0
17 79 62.0
17 80 61.0
17 81 64.0
17 82 52.0
17 83 83.0
17 84 55.0
17 85 85.0
17 86 95.0
17 87 86.0
17 88 75.0
17 89 69.0
17 90 84.0
17 91 65.0
17 92 88.0
17 93 69.0
17 94 78.0
17 95 99.0
17 96 66.0
17 97 97.0
17 98 59.0
17 99 61.0
18 19 63.0
18 20 81.0
18 21 100.0
18 22 81.0
18 23 62.0
18 24 92.0
18 25 92.0
18 26 54.0
18 27 75.0
18 28 53.0
18 29 88.0
18 30 97.0
18 31 68.0
18 32 73.0
18 33 62.0
18 34 100.0
18 35 99.0
18 36 87.0
18 37 67.0
18 38 84.0
18 39 56.0
18 40 63.0
18 41 87.0
18 42 81.0
18 43 52.0
18 44 81.0
18 45 96.0
18 46 96.0
18 47 98.0
18 48 62.0
18 49 68.0
18 50 78.0
18 51 59.0
18 52 82.0
18 53 69.0
18 54 56.0
18 55 53.0
18 56 100.0
18 57 84.0
18 58 53.0
18 59 76.0
18 60 55.0
18 61 60.0
18 62 80.0
18 63 73.0
18 64 70.0
18 65 71.0
18 66 79.0
18 67 51.0
18 68 96.0
18 69 60.0
18 70 85.0
18 71 85.0
18 72 52.0
18 73 67.0
18 74 84.0
18 75 81.0
18 76 64.0
18 77 61.0
18 78 99.0
18 79 63.0
18 80 58.0
18 81 53.0
18 82 89.0
18 83 70.0
18 84 66.0
18 85 82.0
18 86 84.0
18 87 59.0
18 88 88.0
18 89 95.0
18 90 92.0
18 91 61.0
18 92 81.0
18 93 59.0
18 94 92.0
18 95 93.0
18 96 97.0
18 97 64.0
18 98 77.0
18 99 97.0
19 20 74.0
19 21 55.0
19 22 54.0
19 23 52.0
19 24 58.0
19 25 52.0
19 26 50.0
19 27 100.0
19 28 96.0
19 29 69.0
19 30 69.0
19 31 73.0
19 32 89.0
19 33 87.0
19 34 72.0
19 35 69.0
19 36 80.0
19 37 69.0
19 38 93.0
19 39 73.0
19 40 58.0
19 41 66.0
19 42 67.0
19 43 96.0
19 44 54.0
19 45 61.0
19 46 58.0
19 47 51.0
19 48 89.0
19 49 76.0
19 50 93.0
19 51 80.0
19 52 88.0
19 53 76.0
19 54 67.0
19 55 51.0
19 56 65.0
19 57 77.0
19 58 82.0
19 59 100.0
19 60 62.0
19 61 87.0
19 62 67.0
19 63 59.0
19 64 94.0
19 65 68.0
19 66 87.0
19 67 75.0
19 68 57.0
19 69 51.0
19 70 66.0
19 71 100.0
19 72 74.0
19 73 86.0
19 74 58.0
19 75 62.0
19 76 60.0
19 77 89.0
19 78 99.0
19 79 95.0
19 80 70.0
19 81 77.0
19 82 70.0
19 83 68.0
19 84 52.0
19 85 74.0
19 86 81.0
19 87 66.0
19 88 90.0
19 89 68.0
19 90 95.0
19 91 95.0
19 92 90.0
19 93 65.0
19 94 68.0
19 95 52.0
19 96 50.0
19 97 90.0
19 98 54.0
19 99 82.0
20 21 66.0
20 22 82.0
20 23 64.0
20 24 71.0
20 25 64.0
20 26 91.0
20 27 71.0
20 28 80.0
20 29 92.0
20 30 94.0
20 31 76.0
20 32 96.0
20 33 78.0
20 34 77.0
20 35 94.0
20 36 73.0
20 37 69.0
20 38 73.0
20 39 55.0
20 40 76.0
20 41 66.0
20 42 50.0
20 43 55.0
20 44 61.0
20 45 59.0
20 46 75.0
20 47 53.0
20 48 72.0
20 49 80.0
20 50 81.0
20 51 52.0
20 52 60.0
20 53 52.0
20 54 66.0
20 55 90.0
20 56 83.0
20 57 76.0
20 58 99.0
20 59 72.0
20 60 84.0
20 61 98.0
20 62 83.0
20 63 62.0
20 64 70.0
20 65 91.0
20 66 58.0
20 67 89.0
20 68 68.0
20 69 73.0
20 70 52.0
20 71 66.0
20 72 88.0
20 73 86.0
20 74 51.0
20 75 63.0
20 76 94.0
20 77 97.0
20 78 67.0
20 79 75.0
20 80 50.0
20 81 94.0
20 82 58.0
20 83 89.0
20 84 84.0
20 85 54.0
20 86 64.0
20 87 58.0
20 88 82.0
20 89 71.0
20 90 55.0
20 91 100.0
20 92 76.0
20 93 83.0
20 94 70.0
20 95 72.0
20 96 90.0
20 97 63.0
20 98 78.0
20 99 97.0
21 22 67.0
21 23 72.0
21 24 66.0
21 25 96.0
21 26 77.0
21 27 51.0
21 28 70.0
21 29 55.0
21 30 74.0
21 31 73.0
21 32 76.0
21 33 65.0
21 34 53.0
21 35 54.0
21 36 57.0
21 37 64.0
21 38 99.0
21 39 64.0
21 40 58.0
21 41 77.0
21 42 71.0
21 43 76.0
21 44 54.0
21 45 74.0
21 46 58.0
21 47 99.0
21 48 96.0
21 49 64.0
21 50 75.0
21 51 93.0
21 52 98.0
21 53 71.0
21 54 97.0
21 55 76.0
21 56 86.0
21 57 87.0
21 58 91.0
21 59 59.0
21 60 57.0
21 61 76.0
21 62 86.0
21 63 75.0
21 64 83.0
21 65 72.0
21 66 52.0
21 67 69.0
21 68 93.0
21 69 78.0
21 70 69.0
21 71 51.0
21 72 65.0
21 73 64.0
21 74 77.0
21 75 85.0
21 76 54.0
21 77 78.0
21 78 76.0
21 79 59.0
21 80 52.0
21 81 84.0
21 82 57.0
21 83 90.0
21 84 60.0
21 85 56.0
21 86 83.0
21 87 55.0
21 88 90.0
21 89 73.0
21 90 88.0
21 91 98.0
21 92 87.0
21 93 66.0
21 94 55.0
21 95 90.0
21 96 79.0
21 97 73.0
21 98 86.0
21 99 72.0
22 23 76.0
22 24 59.0
22 25 91.0
22 26 92.0
22 27 90.0
22 28 54.0
22 29 93.0
22 30 72.0
22 31 68.0
22 32 80.0
22 33 52.0
22 34 86.0
22 35 98.0
22 36 71.0
22 37 80.0
22 38 86.0
22 39 75.0
22 40 60.0
22 41 81.0
22 42 79.0
22 43 59.0
22 44 74.0
22 45 73.0
22 46 93.0
22 47 77.0
22 48 89.0
22 49 78.0
22 50 87.0
22 51 87.0
22 52 58.0
22 53 66.0
22 54 72.0
22 55 89.0
22 56 57.0
22 57 77.0
22 58 83.0
22 59 84.0
22 60 52.0
22 61 97.0
22 62 66.0
22 63 68.0
22 64 60.0
22 65 63.0
22 66 64.0
22 67 79.0
22 68 74.0
22 69 60.0
22 70 88.0
22 71 58.0
22 72 58.0
22 73 66.0
22 74 73.0
22 75 73.0
22 76 70.0
22 77 91.0
22 78 57.0
22 79 75.0
22 80 100.0
22 81 64.0
22 82 86.0
22 83 52.0
22 84 59.0
22 85 92.0
22 86 83.0
22 87 62.0
22 88 63.0
22 89 73.0
22 90 63.0
22 91 85.0
22 92 68.0
22 93 69.0
22 94 50.0
22 95 71.0
22 96 63.0
22 97 92.0
22 98 89.0
22 99 86.0
23 24 83.0
23 25 72.0
23 26 94.0
23 27 70.0
23 28 93.0
23 29 69.0
23 30 64.0
23 31 72.0
23 32 88.0
23 33 74.0
23 34 75.0
23 35 69.0
23 36 52.0
23 37 59.0
23 38 94.0
23 39 83.0
23 40 63.0
23 41 59.0
23 42 68.0
23 43 57.0
23 44 89.0
23 45 84.0
23 46 63.0
23 47 61.0
23 48 68.0
23 49 81.0
23 50 63.0
23 51 85.0
23 52 84.0
23 53 75.0
23 54 66.0
23 55 98.0
23 56 81.0
23 57 86.0
23 58 92.0
23 59 56.0
23 60 50.0
23 61 80.0
23 62 63.0
23 63 91.0
23 64 91.0
23 65 74.0
23 66 65.0
23 67 82.0
23 68 58.0
23 69 79.0
23 70 86.0
23 71 91.0
23 72 63.0
23 73 70.0
23 74 74.0
23 75 85.0
23 76 75.0
23 77 77.0
23 78 94.0
23 79 97.0
23 80 70.0
23 81 81.0
23 82 80.0
23 83 57.0
23 84 92.0
23 85 94.0
23 86 77.0
23 87 61.0
23 88 66.0
23 89 100.0
23 90 56.0
23 91 83.0
23 92 67.0
23 93 80.0
23 94 59.0
23 95 64.0
23 96 82.0
23 97 89.0
23 98 68.0
23 99 50.0
24 25 68.0
24 26 87.0
24 27 98.0
24 28 89.0
24 29 64.0
24 30 66.0
24 31 97.0
24 32 66.0
24 33 87.0
24 34 57.0
24 35 84.0
24 36 70.0
24 37 98.0
24 38 61.0
24 39 100.0
24 40 98.0
24 41 65.0
24 42 60.0
24 43 78.0
24 44 54.0
24 45 86.0
24 46 89.0
24 47 87.0
24 48 75.0
24 49 78.0
24 50 58.0
24 51 60.0
24 52 69.0
24 53 61.0
24 54 51.0
24 55 95.0
24 56 79.0
24 57 66.0
24 58 93.0
24 59 69.0
24 60 69.0
24 61 89.0
24 62 64.0
24 63 62.0
24 64 71.0
24 65 58.0
24 66 68.0
24 67 89.0
24 68 57.0
24 69 74.0
24 70 87.0
24 71 73.0
24 72 62.0
24 73 82.0
24 74 87.0
24 75 59.0
24 76 83.0
24 77 67.0
24 78 61.0
24 79 95.0
24 80 76.0
24 81 96.0
24 82 78.0
24 83 86.0
24 84 55.0
24 85 69.0
24 86 54.0
24 87 86.0
24 88 55.0
24 89 83.0
24 90 99.0
24 91 70.0
24 92 57.0
24 93 79.0
24 94 91.0
24 95 77.0
24 96 63.0
24 97 51.0
24 98 56.0
24 99 91.0
25 26 97.0
25 27 90.0
25 28 58.0
25 29 100.0
25 30 92.0
25 31 74.0
25 32 76.0
25 33 98.0
25 34 90.0
25 35 67.0
25 36 62.0
25 37 94.0
25 38 86.0
25 39 68.0
25 40 91.0
25 41 64.0
25 42 56.0
25 43 87.0
25 44 87.0
25 45 77.0
25 46 53.0
25 47 73.0
25 48 79.0
25 49 97.0
25 50 73.0
25 51 93.0
25 52 58.0
25 53 73.0
25 54 93.0
25 55 67.0
25 56 91.0
25 57 92.0
25 58 80.0
25 59 95.0
25 60 97.0
25 61 64.0
25 62 71.0
25 63 64.0
25 64 58.0
25 65 78.0
25 66 79.0
25 67 59.0
25 68 59.0
25 69 59.0
25 70 66.0
25 71 81.0
25 72 65.0
25 73 75.0
25 74 61.0
25 75 71.0
25 76 91.0
25 77 100.0
25 78 73.0
25 79 59.0
25 80 92.0
25 81 87.0
25 82 69.0
25 83 66.0
25 84 85.0
25 85 59.0
25 86 85.0
25 87 60.0
25 88 73.0
25 89 90.0
25 90 89.0
25 91 94.0
25 92 63.0
25 93 85.0
25 94 54.0
25 95 64.0
25 96 64.0
25 97 96.0
25 98 62.0
25 99 91.0
26 27 97.0
26 28 53.0
26 29 56.0
26 30 86.0
26 31 57.0
26 32 97.0
26 33 65.0
26 34 95.0
26 35 94.0
26 36 70.0
26 37 84.0
26 38 68.0
26 39 72.0
26 40 76.0
26 41 97.0
26 42 50.0
26 43 89.0
26 44 95.0
26 45 94.0
26 46 97.0
26 47 77.0
26 48 77.0
26 49 94.0
26 50 73.0
26 51 53.0
26 52 59.0
26 53 91.0
26 54 55.0
26 55 82.0
26 56 75.0
26 57 59.0
26 58 64.0
26 59 58.0
26 60 62.0
26 61 71.0
26 62 60.0
26 63 94.0
26 64 55.0
26 65 98.0
26 66 75.0
26 67 70.0
26 68 78.0
26 69 90.0
26 70 57.0
26 71 52.0
26 72 94.0
26 73 53.0
26 74 93.0
26 75 51.0
26 76 64.0
26 77 71.0
26 78 56.0
26 79 75.0
26 80 60.0
26 81 55.0
26 82 94.0
26 83 63.0
26 84 63.0
26 85 71.0
26 86 59.0
26 87 56.0
26 88 68.0
26 89 87.0
26 90 97.0
26 91 82.0
26 92 70.0
26 93 74.0
26 94 56.0
26 95 75.0
26 96 76.0
26 97 100.0
26 98 77.0
26 99 54.0
27 28 93.0
27 29 78.0
27 30 77.0
27 31 74.0
27 32 100.0
27 33 58.0
27 34 81.0
27 35 51.0
27 36 72.0
27 37 86.0
27 38 100.0
27 39 73.0
27 40 77.0
27 41 62.0
27 42 52.0
27 43 99.0
27 44 82.0
27 45 69.0
27 46 58.0
27 47 100.0
27 48 95.0
27 49 77.0
27 50 64.0
27 51 97.0
27 52 78.0
27 53 67.0
27 54 66.0
27 55 64.0
27 56 80.0
27 57 53.0
27 58 89.0
27 59 91.0
27 60 76.0
27 61 88.0
27 62 63.0
27 63 92.0
27 64 73.0
27 65 82.0
27 66 92.0
27 67 91.0
27 68 92.0
27 69 80.0
27 70 84.0
27 71 55.0
27 72 100.0
27 73 76.0
27 74 53.0
27 75 93.0
27 76 89.0
27 77 78.0
27 78 95.0
27 79 63.0
27 80 85.0
27 81 67.0
27 82 99.0
27 83 84.0
27 84 89.0
27 85 87.0
27 86 99.0
27 87 99.0
27 88 65.0
27 89 63.0
27 90 91.0
27 91 55.0
27 92 53.0
27 93 62.0
27 94 55.0
27 95 97.0
27 96 51.0
27 97 54.0
27 98 81.0
27 99 96.0
28 29 69.0
28 30 95.0
28 31 72.0
28 32 63.0
28 33 95.0
28 34 78.0
28 35 94.0
28 36 88.0
28 37 54.0
28 38 74.0
28 39 75.0
28 40 96.0
28 41 66.0
28 42 62.0
28 43 63.0
28 44 54.0
28 45 90.0
28 46 98.0
28 47 60.0
28 48 83.0
28 49 56.0
28 50 60.0
28 51 67.0
28 52 67.0
28 53 66.0
28 54 54.0
28 55 66.0
28 56 61.0
28 57 78.0
28 58 54.0
28 59 59.0
28 60 90.0
28 61 83.0
28 62 66.0
28 63 88.0
28 64 62.0
28 65 69.0
28 66 56.0
28 67 66.0
28 68 50.0
28 69 84.0
28 70 68.0
28 71 95.0
28 72 69.0
28 73 81.0
28 74 97.0
28 75 63.0
28 76 84.0
28 77 72.0
28 78 84.0
28 79 69.0
28 80 82.0
28 81 61.0
28 82 81.0
28 83 71.0
28 84 92.0
28 85 94.0
28 86 52.0
28 87 56.0
28 88 78.0
28 89 78.0
28 90 99.0
28 91 57.0
28 92 51.0
28 93 53.0
28 94 88.0
28 95 56.0
28 96 58.0
28 97 68.0
28 98 69.0
28 99 55.0
29 30 69.0
29 31 57.0
29 32 83.0
29 33 90.0
29 34 86.0
29 35 65.0
29 36 58.0
29 37 56.0
29 38 86.0
29 39 57.0
29 40 68.0
29 41 81.0
29 42 71.0
29 43 52.0
29 44 53.0
29 45 79.0
29 46 85.0
29 47 69.0
29 48 90.0
29 49 94.0
29 50 83.0
29 51 60.0
29 52 87.0
29 53 89.0
29 54 56.0
29 55 82.0
29 56 89.0
29 57 57.0
29 58 89.0
29 59 83.0
29 60 88.0
29 61 62.0
29 62 76.0
29 63 94.0
29 64 53.0
29 65 75.0
29 66 55.0
29 67 64.0
29 68 56.0
29 69 98.0
29 70 61.0
29 71 94.0
29 72 100.0
29 73 81.0
29 74 86.0
29 75 73.0
29 76 58.0
29 77 67.0
29 78 90.0
29 79 90.0
29 80 55.0
29 81 58.0
29 82 64.0
29 83 84.0
29 84 81.0
29 85 98.0
29 86 82.0
29 87 75.0
29 88 85.0
29 89 71.0
29 90 82.0
29 91 92.0
29 92 84.0
29 93 77.0
29 94 86.0
29 95 99.0
29 96 95.0
29 97 69.0
29 98 76.0
29 99 59.0
30 31 89.0
30 32 84.0
30 33 71.0
30 34 100.0
30 35 71.0
30 36 61.0
30 37 55.0
30 38 97.0
30 39 53.0
30 40 62.0
30 41 83.0
30 42 62.0
30 43 56.0
30 44 51.0
30 45 98.0
30 46 88.0
30 47 78.0
30 48 95.0
30 49 52.0
30 50 64.0
30 51 95.0
30 52 71.0
30 53 65.0
30 54 87.0
30 55 80.0
30 56 94.0
30 57 89.0
30 58 64.0
30 59 90.0
30 60 54.0
30 61 86.0
30 62 76.0
30 63 50.0
30 64 61.0
30 65 82.0
30 66 100.0
30 67 84.0
30 68 60.0
30 69 79.0
30 70 58.0
30 71 68.0
30 72 88.0
30 73 78.0
30 74 75.0
30 75 81.0
30 76 67.0
30 77 90.0
30 78 68.0
30 79 70.0
30 80 96.0
30 81 96.0
30 82 52.0
30 83 100.0
30 84 66.0
30 85 95.0
30 86 71.0
30 87 55.0
30 88 52.0
30 89 92.0
30 90 64.0
30 91 80.0
30 92 93.0
30 93 72.0
30 94 85.0
30 95 52.0
30 96 83.0
30 97 54.0
30 98 75.0
30 99 87.0
31 32 70.0
31 33 95.0
31 34 97.0
31 35 61.0
31 36 93.0
31 37 65.0
31 38 81.0
31 39 69.0
31 40 51.0
31 41 55.0
31 42 67.0
31 43 83.0
31 44 86.0
31 45 52.0
31 46 86.0
31 47 94.0
31 48 72.0
31 49 82.0
31 50 58.0
31 51 84.0
31 52 59.0
31 53 52.0
31 54 90.0
31 55 71.0
31 56 52.0
31 57 68.0
31 58 55.0
31 59 95.0
31 60 96.0
31 61 84.0
31 62 88.0
31 63 63.0
31 64 51.0
31 65 86.0
31 66 83.0
31 67 82.0
31 68 54.0
31 69 70.0
31 70 75.0
31 71 80.0
31 72 87.0
31 73 70.0
31 74 58.0
31 75 89.0
31 76 54.0
31 77 67.0
31 78 98.0
31 79 84.0
31 80 97.0
31 81 70.0
31 82 83.0
31 83 76.0
31 84 62.0
31 85 96.0
31 86 71.0
31 87 62.0
31 88 53.0
31 89 67.0
31 90 53.0
31 91 60.0
31 92 84.0
31 93 68.0
31 94 97.0
31 95 98.0
31 96 65.0
31 97 55.0
31 98 68.0
31 99 83.0
32 33 93.0
32 34 76.0
32 35 63.0
32 36 89.0
32 37 55.0
32 38 84.0
32 39 68.0
32 40 100.0
32 41 58.0
32 42 97.0
32 43 50.0
32 44 51.0
32 45 51.0
32 46 100.0
32 47 57.0
32 48 91.0
32 49 73.0
32 50 95.0
32 51 100.0
32 52 94.0
32 53 56.0
32 54 70.0
32 55 64.0
32 56 84.0
32 57 96.0
32 58 79.0
32 59 63.0
32 60 57.0
32 61 60.0
32 62 69.0
32 63 91.0
32 64 58.0
32 65 59.0
32 66 95.0
32 67 54.0
32 68 65.0
32 69 80.0
32 70 93.0
32 71 75.0
32 72 97.0
32 73 52.0
32 74 86.0
32 75 89.0
32 76 86.0
32 77 68.0
32 78 81.0
32 79 85.0
32 80 79.0
32 81 71.0
32 82 59.0
32 83 53.0
32 84 100.0
32 85 80.0
32 86 96.0
32 87 89.0
32 88 62.0
32 89 98.0
32 90 54.0
32 91 56.0
32 92 57.0
32 93 93.0
32 94 52.0
32 95 73.0
32 96 86.0
32 97 56.0
32 98 97.0
32 99 84.0
33 34 71.0
33 35 72.0
33 36 86.0
33 37 86.0
33 38 77.0
33 39 75.0
33 40 92.0
33 41 72.0
33 42 56.0
33 43 60.0
33 44 57.0
33 45 77.0
33 46 67.0
33 47 78.0
33 48 88.0
33 49 94.0
33 50 92.0
33 51 57.0
33 52 77.0
33 53 63.0
33 54 72.0
33 55 78.0
33 56 54.0
33 57 98.0
33 58 94.0
33 59 77.0
33 60 97.0
33 61 85.0
33 62 89.0
33 63 54.0
33 64 71.0
33 65 61.0
33 66 67.0
33 67 79.0
33 68 51.0
33 69 63.0
33 70 87.0
33 71 54.0
33 72 83.0
33 73 80.0
33 74 57.0
33 75 93.0
33 76 92.0
33 77 73.0
33 78 66.0
33 79 95.0
33 80 55.0
33 81 80.0
33 82 55.0
33 83 76.0
33 84 79.0
33 85 100.0
33 86 50.0
33 87 70.0
33 88 50.0
33 89 100.0
33 90 84.0
33 91 59.0
33 92 86.0
33 93 64.0
33 94 56.0
33 95 85.0
33 96 84.0
33 97 93.0
33 98 71.0
33 99 63.0
34 35 68.0
34 36 100.0
34 37 84.0
34 38 95.0
34 39 69.0
34 40 73.0
34 41 71.0
34 42 59.0
34 43 71.0
34 44 59.0
34 45 90.0
34 46 77.0
34 47 84.0
34 48 94.0
34 49 80.0
34 50 81.0
34 51 93.0
34 52 51.0
34 53 80.0
34 54 92.0
34 55 87.0
34 56 77.0
34 57 94.0
34 58 99.0
34 59 57.0
34 60 85.0
34 61 53.0
34 62 73.0
34 63 76.0
34 64 76.0
34 65 64.0
34 66 55.0
34 67 97.0
34 68 67.0
34 69 50.0
34 70 96.0
34 71 72.0
34 72 64.0
34 73 68.0
34 74 71.0
34 75 72.0
34 76 75.0
34 77 56.0
34 78 53.0
34 79 55.0
34 80 56.0
34 81 94.0
34 82 53.0
34 83 95.0
34 84 52.0
34 85 69.0
34 86 94.0
34 87 75.0
34 88 65.0
34 89 99.0
34 90 65.0
34 91 66.0
34 92 79.0
34 93 74.0
34 94 94.0
34 95 80.0
34 96 59.0
34 97 84.0
34 98 99.0
34 99 56.0
35 36 53.0
35 37 87.0
35 38 69.0
35 39 100.0
35 40 90.0
35 41 59.0
35 42 65.0
35 43 53.0
35 44 66.0
35 45 68.0
35 46 55.0
35 47 78.0
35 48 63.0
35 49 85.0
35 50 64.0
35 51 78.0
35 52 78.0
35 53 82.0
35 54 95.0
35 55 57.0
35 56 98.0
35 57 69.0
35 58 71.0
35 59 68.0
35 60 60.0
35 61 75.0
35 62 52.0
35 63 53.0
35 64 55.0
35 65 52.0
35 66 99.0
35 67 56.0
35 68 95.0
35 69 85.0
35 70 82.0
35 71 95.0
35 72 95.0
35 73 82.0
35 74 63.0
35 75 86.0
35 76 65.0
35 77 80.0
35 78 61.0
35 79 97.0
35 80 78.0
35 81 84.0
35 82 65.0
35 83 58.0
35 84 55.0
35 85 85.0
35 86 61.0
35 87 50.0
35 88 66.0
35 89 52.0
35 90 65.0
35 91 97.0
35 92 98.0
35 93 53.0
35 94 79.0
35 95 58.0
35 96 71.0
35 97 84.0
35 98 79.0
35 99 86.0
36 37 73.0
36 38 54.0
36 39 62.0
36 40 63.0
36 41 83.0
36 42 86.0
36 43 63.0
36 44 97.0
36 45 78.0
36 46 66.0
36 47 82.0
36 48 57.0
36 49 100.0
36 50 99.0
36 51 95.0
36 52 75.0
36 53 70.0
36 54 77.0
36 55 55.0
36 56 71.0
36 57 50.0
36 58 75.0
36 59 73.0
36 60 76.0
36 61 59.0
36 62 62.0
36 63 100.0
36 64 71.0
36 65 91.0
36 66 63.0
36 67 67.0
36 68 80.0
36 69 84.0
36 70 77.0
36 71 50.0
36 72 86.0
36 73 55.0
36 74 57.0
36 75 88.0
36 76 91.0
36 77 54.0
36 78 58.0
36 79 61.0
36 80 61.0
36 81 90.0
36 82 62.0
36 83 64.0
36 84 52.0
36 85 73.0
36 86 81.0
36 87 71.0
36 88 76.0
36 89 71.0
36 90 52.0
36 91 89.0
36 92 54.0
36 93 75.0
36 94 59.0
36 95 71.0
36 96 78.0
36 97 69.0
36 98 79.0
36 99 77.0
37 38 51.0
37 39 60.0
37 40 94.0
37 41 98.0
37 42 82.0
37 43 55.0
37 44 67.0
37 45 92.0
37 46 61.0
37 47 70.0
37 48 92.0
37 49 64.0
37 50 80.0
37 51 63.0
37 52 67.0
37 53 74.0
37 54 52.0
37 55 57.0
37 56 93.0
37 57 67.0
37 58 66.0
37 59 81.0
37 60 93.0
37 61 66.0
37 62 74.0
37 63 78.0
37 64 80.0
37 65 99.0
37 66 69.0
37 67 85.0
37 68 67.0
37 69 56.0
37 70 91.0
37 71 55.0
37 72 92.0
37 73 66.0
37 74 66.0
37 75 79.0
37 76 83.0
37 77 98.0
37 78 59.0
37 79 60.0
37 80 89.0
37 81 77.0
37 82 79.0
37 83 55.0
37 84 99.0
37 85 54.0
37 86 54.0
37 87 91.0
37 88 66.0
37 89 94.0
37 90 87.0
37 91 77.0
37 92 52.0
37 93 61.0
37 94 85.0
37 95 65.0
37 96 83.0
37 97 84.0
37 98 66.0
37 99 54.0
38 39 88.0
38 40 73.0
38 41 62.0
38 42 74.0
38 43 98.0
38 44 100.0
38 45 50.0
38 46 99.0
38 47 69.0
38 48 91.0
38 49 69.0
38 50 61.0
38 51 75.0
38 52 85.0
38 53 83.0
38 54 61.0
38 55 64.0
38 56 75.0
38 57 90.0
38 58 59.0
38 59 90.0
38 60 84.0
38 61 99.0
38 62 56.0
38 63 90.0
38 64 99.0
38 65 98.0
38 66 99.0
38 67 51.0
38 68 85.0
38 69 50.0
38 70 78.0
38 71 82.0
38 72 69.0
38 73 67.0
38 74 89.0
38 75 73.0
38 76 70.0
38 77 69.0
38 78 50.0
38 79 69.0
38 80 94.0
38 81 99.0
38 82 63.0
38 83 62.0
38 84 65.0
38 85 66.0
38 86 59.0
38 87 70.0
38 88 71.0
38 89 69.0
38 90 72.0
38 91 85.0
38 92 63.0
38 93 65.0
38 94 92.0
38 95 67.0
38 96 67.0
38 97 76.0
38 98 64.0
38 99 92.0
39 40 80.0
39 41 78.0
39 42 92.0
39 43 50.0
39 44 58.0
39 45 51.0
39 46 81.0
39 47 91.0
39 48 53.0
39 49 98.0
39 50 99.0
39 51 91.0
39 52 77.0
39 53 76.0
39 54 71.0
39 55 95.0
39 56 99.0
39 57 97.0
39 58 60.0
39 59 89.0
39 60 59.0
39 61 66.0
39 62 78.0
39 63 53.0
39 64 50.0
39 65 77.0
39 66 96.0
39 67 53.0
39 68 61.0
39 69 74.0
39 70 50.0
39 71 90.0
39 72 96.0
39 73 69.0
39 74 86.0
39 75 91.0
39 76 86.0
39 77 85.0
39 78 89.0
39 79 66.0
39 80 63.0
39 81 90.0
39 82 57.0
39 83 70.0
39 84 67.0
39 85 79.0
39 86 90.0
39 87 60.0
39 88 98.0
39 89 70.0
39 90 56.0
39 91 60.0
39 92 80.0
39 93 97.0
39 94 62.0
39 95 80.0
39 96 57.0
39 97 64.0
39 98 81.0
39 99 76.0
40 41 79.0
40 42 60.0
40 43 65.0
40 44 51.0
40 45 61.0
40 46 75.0
40 47 50.0
40 48 54.0
40 49 81.0
40 50 100.0
40 51 57.0
40 52 89.0
40 53 80.0
40 54 63.0
40 55 72.0
40 56 98.0
40 57 75.0
40 58 55.0
40 59 52.0
40 60 79.0
40 61 83.0
40 62 73.0
40 63 57.0
40 64 99.0
40 65 55.0
40 66 51.0
40 67 66.0
40 68 63.0
40 69 74.0
40 70 73.0
40 71 94.0
40 72 73.0
40 73 58.0
40 74 84.0
40 75 83.0
40 76 93.0
40 77 79.0
40 78 57.0
40 79 61.0
40 80 88.0
40 81 50.0
40 82 87.0
40 83 73.0
40 84 60.0
40 85 61.0
40 86 56.0
40 87 66.0
40 88 88.0
40 89 69.0
40 90 93.0
40 91 75.0
40 92 83.0
40 93 53.0
40 94 69.0
40 95 88.0
40 96 55.0
40 97 76.0
40 98 53.0
40 99 76.0
41 42 96.0
41 43 76.0
41 44 82.0
41 45 57.0
41 46 68.0
41 47 83.0
41 48 53.0
41 49 97.0
41 50 58.0
41 51 69.0
41 52 95.0
41 53 68.0
41 54 50.0
41 55 67.0
41 56 76.0
41 57 72.0
41 58 60.0
41 59 61.0
41 60 100.0
41 61 78.0
41 62 73.0
41 63 86.0
41 64 60.0
41 65 70.0
41 66 85.0
41 67 65.0
41 68 82.0
41 69 57.0
41 70 100.0
41 71 84.0
41 72 86.0
41 73 63.0
41 74 68.0
41 75 94.0
41 76 62.0
41 77 65.0
41 78 69.0
41 79 71.0
41 80 67.0
41 81 90.0
41 82 59.0
41 83 83.0
41 84 83.0
41 85 72.0
41 86 78.0
41 87 86.0
41 88 63.0
41 89 79.0
41 90 70.0
41 91 95.0
41 92 65.0
41 93 78.0
41 94 81.0
41 95 97.0
41 96 69.0
41 97 66.0
41 98 58.0
41 99 71.0
42 43 53.0
42 44 95.0
42 45 100.0
42 46 50.0
42 47 79.0
42 48 70.0
42 49 85.0
42 50 59.0
42 51 92.0
42 52 63.0
42 53 94.0
42 54 100.0
42 55 69.0
42 56 64.0
42 57 71.0
42 58 90.0
42 59 61.0
42 60 85.0
42 61 62.0
42 62 98.0
42 63 77.0
42 64 52.0
42 65 93.0
42 66 51.0
42 67 79.0
42 68 76.0
42 69 61.0
42 70 53.0
42 71 90.0
42 72 63.0
42 73 87.0
42 74 89.0
42 75 74.0
42 76 86.0
42 77 64.0
42 78 74.0
42 79 85.0
42 80 99.0
42 81 71.0
42 82 87.0
42 83 95.0
42 84 81.0
42 85 90.0
42 86 71.0
42 87 54.0
42 88 67.0
42 89 69.0
42 90 77.0
42 91 50.0
42 92 74.0
42 93 65.0
42 94 54.0
42 95 53.0
42 96 61.0
42 97 88.0
42 98 56.0
42 99 61.0
43 44 68.0
43 45 55.0
43 46 97.0
43 47 99.0
43 48 95.0
43 49 62.0
43 50 68.0
43 51 64.0
43 52 97.0
43 53 99.0
43 54 91.0
43 55 92.0
43 56 92.0
43 57 86.0
43 58 50.0
43 59 83.0
43 60 52.0
43 61 64.0
43 62 68.0
43 63 66.0
43 64 73.0
43 65 86.0
43 66 60.0
43 67 51.0
43 68 64.0
43 69 76.0
43 70 73.0
43 71 81.0
43 72 82.0
43 73 73.0
43 74 62.0
43 75 56.0
43 76 70.0
43 77 57.0
43 78 66.0
43 79 66.0
43 80 67.0
43 81 99.0
43 82 58.0
43 83 99.0
43 84 69.0
43 85 85.0
43 86 54.0
43 87 76.0
43 88 65.0
43 89 68.0
43 90 50.0
43 91 53.0
43 92 51.0
43 93 72.0
43 94 96.0
43 95 56.0
43 96 57.0
43 97 67.0
43 98 100.0
43 99 79.0
44 45 76.0
44 46 88.0
44 47 97.0
44 48 91.0
44 49 85.0
44 50 63.0
44 51 80.0
44 52 87.0
44 53 83.0
44 54 64.0
44 55 90.0
44 56 56.0
44 57 90.0
44 58 91.0
44 59 57.0
44 60 60.0
44 61 69.0
44 62 52.0
44 63 96.0
44 64 60.0
44 65 87.0
44 66 100.0
44 67 55.0
44 68 80.0
44 69 56.0
44 70 95.0
44 71 80.0
44 72 57.0
44 73 84.0
44 74 79.0
44 75 96.0
44 76 90.0
44 77 94.0
44 78 79.0
44 79 52.0
44 80 95.0
44 81 96.0
44 82 88.0
44 83 67.0
44 84 98.0
44 85 51.0
44 86 57.0
44 87 65.0
44 88 68.0
44 89 83.0
44 90 96.0
44 91 61.0
44 92 94.0
44 93 89.0
44 94 80.0
44 95 50.0
44 96 97.0
44 97 85.0
44 98 69.0
44 99 76.0
45 46 86.0
45 47 74.0
45 48 80.0
45 49 94.0
45 50 81.0
45 51 61.0
45 52 99.0
45 53 99.0
45 54 72.0
45 55 77.0
45 56 71.0
45 57 75.0
45 58 100.0
45 59 63.0
45 60 58.0
45 61 82.0
45 62 78.0
45 63 85.0
45 64 84.0
45 65 62.0
45 66 90.0
45 67 67.0
45 68 83.0
45 69 87.0
45 70 97.0
45 71 80.0
45 72 82.0
45 73 83.0
45 74 97.0
45 75 90.0
45 76 56.0
45 77 67.0
45 78 94.0
45 79 57.0
45 80 91.0
45 81 53.0
45 82 67.0
45 83 99.0
45 84 93.0
45 85 78.0
45 86 70.0
45 87 66.0
45 88 88.0
45 89 98.0
45 90 75.0
45 91 100.0
45 92 92.0
45 93 97.0
45 94 99.0
45 95 87.0
45 96 95.0
45 97 61.0
45 98 60.0
45 99 64.0
46 47 75.0
46 48 78.0
46 49 74.0
46 50 55.0
46 51 56.0
46 52 65.0
46 53 65.0
46 54 67.0
46 55 69.0
46 56 88.0
46 57 50.0
46 58 100.0
46 59 73.0
46 60 96.0
46 61 92.0
46 62 98.0
46 63 62.0
46 64 90.0
46 65 97.0
46 66 91.0
46 67 99.0
46 68 73.0
46 69 68.0
46 70 87.0
46 71 90.0
46 72 99.0
46 73 71.0
46 74 70.0
46 75 98.0
46 76 50.0
46 77 59.0
46 78 76.0
46 79 64.0
46 80 85.0
46 81 53.0
46 82 56.0
46 83 81.0
46 84 91.0
46 85 60.0
46 86 62.0
46 87 98.0
46 88 87.0
46 89 78.0
46 90 63.0
46 91 100.0
46 92 74.0
46 93 73.0
46 94 53.0
46 95 94.0
46 96 93.0
46 97 71.0
46 98 67.0
46 99 78.0
47 48 81.0
47 49 87.0
47 50 52.0
47 51 69.0
47 52 100.0
47 53 52.0
47 54 93.0
47 55 98.0
47 56 76.0
47 57 69.0
47 58 76.0
47 59 68.0
47 60 68.0
47 61 57.0
47 62 90.0
47 63 57.0
47 64 72.0
47 65 94.0
47 66 70.0
47 67 92.0
47 68 80.0
47 69 80.0
47 70 52.0
47 71 89.0
47 72 65.0
47 73 81.0
47 74 55.0
47 75 56.0
47 76 54.0
47 77 69.0
47 78 73.0
47 79 52.0
47 80 57.0
47 81 84.0
47 82 53.0
47 83 76.0
47 84 65.0
47 85 67.0
47 86 73.0
47 87 91.0
47 88 74.0
47 89 83.0
47 90 79.0
47 91 83.0
47 92 63.0
47 93 72.0
47 94 89.0
47 95 54.0
47 96 52.0
47 97 97.0
47 98 53.0
47 99 64.0
48 49 87.0
48 50 69.0
48 51 92.0
48 52 94.0
48 53 89.0
48 54 81.0
48 55 64.0
48 56 65.0
48 57 61.0
48 58 67.0
48 59 68.0
48 60 70.0
48 61 98.0
48 62 65.0
48 63 64.0
48 64 68.0
48 65 88.0
48 66 81.0
48 67 93.0
48 68 63.0
48 69 68.0
48 70 81.0
48 71 68.0
48 72 58.0
48 73 63.0
48 74 60.0
48 75 66.0
48 76 87.0
48 77 73.0
48 78 96.0
48 79 88.0
48 80 66.0
48 81 71.0
48 82 50.0
48 83 78.0
48 84 71.0
48 85 88.0
48 86 70.0
48 87 62.0
48 88 68.0
48 89 66.0
48 90 76.0
48 91 58.0
48 92 74.0
48 93 56.0
48 94 98.0
48 95 99.0
48 96 91.0
48 97 71.0
48 98 93.0
48 99 65.0
49 50 95.0
49 51 54.0
49 52 90.0
49 53 60.0
49 54 85.0
49 55 57.0
49 56 54.0
49 57 79.0
49 58 55.0
49 59 54.0
49 60 74.0
49 61 74.0
49 62 84.0
49 63 67.0
49 64 80.0
49 65 91.0
49 66 75.0
49 67 80.0
49 68 78.0
49 69 61.0
49 70 86.0
49 71 62.0
49 72 71.0
49 73 58.0
49 74 50.0
49 75 50.0
49 76 51.0
49 77 76.0
49 78 98.0
49 79 50.0
49 80 65.0
49 81 70.0
49 82 76.0
49 83 95.0
49 84 98.0
49 85 95.0
49 86 59.0
49 87 70.0
49 88 68.0
49 89 57.0
49 90 93.0
49 91 55.0
49 92 81.0
49 93 52.0
49 94 83.0
49 95 76.0
49 96 74.0
49 97 70.0
49 98 63.0
49 99 56.0
50 51 90.0
50 52 52.0
50 53 57.0
50 54 100.0
50 55 66.0
50 56 50.0
50 57 86.0
50 58 93.0
50 59 72.0
50 60 100.0
50 61 74.0
50 62 70.0
50 63 60.0
50 64 85.0
50 65 67.0
50 66 63.0
50 67 82.0
50 68 90.0
50 69 65.0
50 70 84.0
50 71 59.0
50 72 56.0
50 73 92.0
50 74 52.0
50 75 85.0
50 76 89.0
50 77 75.0
50 78 56.0
50 79 100.0
50 80 53.0
50 81 98.0
50 82 94.0
50 83 96.0
50 84 71.0
50 85 81.0
50 86 76.0
50 87 94.0
50 88 67.0
50 89 69.0
50 90 78.0
50 91 78.0
50 92 89.0
50 93 71.0
50 94 59.0
50 95 89.0
50 96 70.0
50 97 50.0
50 98 100.0
50 99 97.0
51 52 73.0
51 53 72.0
51 54 50.0
51 55 64.0
51 56 60.0
51 57 77.0
51 58 93.0
51 59 86.0
51 60 59.0
51 61 62.0
51 62 75.0
51 63 83.0
51 64 91.0
51 65 100.0
51 66 72.0
51 67 100.0
51 68 95.0
51 69 82.0
51 70 69.0
51 71 64.0
51 72 92.0
51 73 73.0
51 74 95.0
51 75 54.0
51 76 90.0
51 77 67.0
51 78 75.0
51 79 88.0
51 80 60.0
51 81 76.0
51 82 74.0
51 83 94.0
51 84 100.0
51 85 57.0
51 86 94.0
51 87 83.0
51 88 93.0
51 89 69.0
51 90 68.0
51 91 71.0
51 92 84.0
51 93 97.0
51 94 61.0
51 95 54.0
51 96 100.0
51 97 67.0
51 98 60.0
51 99 74.0
52 53 86.0
52 54 59.0
52 55 93.0
52 56 66.0
52 57 84.0
52 58 95.0
52 59 53.0
52 60 88.0
52 61 60.0
52 62 75.0
52 63 80.0
52 64 54.0
52 65 90.0
52 66 81.0
52 67 53.0
52 68 53.0
52 69 100.0
52 70 96.0
52 71 83.0
52 72 62.0
52 73 53.0
52 74 74.0
52 75 60.0
52 76 50.0
52 77 56.0
52 78 68.0
52 79 71.0
52 80 62.0
52 81 85.0
52 82 60.0
52 83 67.0
52 84 76.0
52 85 97.0
52 86 76.0
52 87 75.0
52 88 100.0
52 89 98.0
52 90 87.0
52 91 69.0
52 92 91.0
52 93 95.0
52 94 91.0
52 95 58.0
52 96 68.0
52 97 59.0
52 98 90.0
52 99 53.0
53 54 97.0
53 55 58.0
53 56 68.0
53 57 76.0
53 58 75.0
53 59 79.0
53 60 90.0
53 61 88.0
53 62 61.0
53 63 71.0
53 64 62.0
53 65 72.0
53 66 94.0
53 67 59.0
53 68 91.0
53 69 52.0
53 70 86.0
53 71 61.0
53 72 85.0
53 73 99.0
53 74 64.0
53 75 75.0
53 76 80.0
53 77 75.0
53 78 79.0
53 79 93.0
53 80 64.0
53 81 61.0
53 82 68.0
53 83 88.0
53 84 71.0
53 85 64.0
53 86 64.0
53 87 60.0
53 88 71.0
53 89 84.0
53 90 76.0
53 91 91.0
53 92 66.0
53 93 98.0
53 94 57.0
53 95 81.0
53 96 93.0
53 97 70.0
53 98 91.0
53 99 77.0
54 55 55.0
54 56 98.0
54 57 98.0
54 58 51.0
54 59 51.0
54 60 52.0
54 61 78.0
54 62 61.0
54 63 65.0
54 64 96.0
54 65 83.0
54 66 92.0
54 67 97.0
54 68 52.0
54 69 87.0
54 70 77.0
54 71 51.0
54 72 73.0
54 73 96.0
54 74 81.0
54 75 58.0
54 76 88.0
54 77 55.0
54 78 55.0
54 79 79.0
54 80 51.0
54 81 61.0
54 82 92.0
54 83 82.0
54 84 53.0
54 85 82.0
54 86 89.0
54 87 70.0
54 88 70.0
54 89 93.0
54 90 98.0
54 91 71.0
54 92 64.0
54 93 72.0
54 94 60.0
54 95 51.0
54 96 81.0
54 97 92.0
54 98 68.0
54 99 98.0
55 56 51.0
55 57 67.0
55 58 66.0
55 59 55.0
55 60 76.0
55 61 51.0
55 62 66.0
55 63 65.0
55 64 57.0
55 65 89.0
55 66 93.0
55 67 76.0
55 68 89.0
55 69 79.0
55 70 63.0
55 71 57.0
55 72 56.0
55 73 67.0
55 74 59.0
55 75 86.0
55 76 100.0
55 77 66.0
55 78 75.0
55 79 98.0
55 80 61.0
55 81 51.0
55 82 97.0
55 83 76.0
55 84 66.0
55 85 69.0
55 86 54.0
55 87 97.0
55 88 71.0
55 89 90.0
55 90 66.0
55 91 82.0
55 92 87.0
55 93 65.0
55 94 72.0
55 95 92.0
55 96 50.0
55 97 91.0
55 98 93.0
55 99 100.0
56 57 86.0
56 58 52.0
56 59 82.0
56 60 83.0
56 61 89.0
56 62 82.0
56 63 90.0
56 64 90.0
56 65 89.0
56 66 53.0
56 67 74.0
56 68 93.0
56 69 75.0
56 70 64.0
56 71 91.0
56 72 88.0
56 73 93.0
56 74 88.0
56 75 51.0
56 76 50.0
56 77 86.0
56 78 87.0
56 79 65.0
56 80 79.0
56 81 63.0
56 82 54.0
56 83 78.0
56 84 92.0
56 85 77.0
56 86 58.0
56 87 51.0
56 88 98.0
56 89 63.0
56 90 74.0
56 91 50.0
56 92 80.0
56 93 54.0
56 94 61.0
56 95 97.0
56 96 68.0
56 97 92.0
56 98 58.0
56 99 89.0
57 58 72.0
57 59 94.0
57 60 78.0
57 61 61.0
57 62 95.0
57 63 68.0
57 64 90.0
57 65 77.0
57 66 89.0
57 67 69.0
57 68 74.0
57 69 66.0
57 70 61.0
57 71 82.0
57 72 93.0
57 73 95.0
57 74 70.0
57 75 66.0
57 76 100.0
57 77 68.0
57 78 91.0
57 79 58.0
57 80 93.0
57 81 64.0
57 82 69.0
57 83 78.0
57 84 80.0
57 85 66.0
57 86 65.0
57 87 51.0
57 88 67.0
57 89 67.0
57 90 88.0
57 91 55.0
57 92 58.0
57 93 94.0
57 94 98.0
57 95 98.0
57 96 77.0
57 97 86.0
57 98 81.0
57 99 85.0
58 59 57.0
58 60 60.0
58 61 65.0
58 62 75.0
58 63 68.0
58 64 69.0
58 65 57.0
58 66 72.0
58 67 74.0
58 68 63.0
58 69 96.0
58 70 84.0
58 71 99.0
58 72 69.0
58 73 94.0
58 74 72.0
58 75 100.0
58 76 74.0
58 77 84.0
58 78 52.0
58 79 85.0
58 80 74.0
58 81 51.0
58 82 97.0
58 83 78.0
58 84 86.0
58 85 91.0
58 86 54.0
58 87 83.0
58 88 54.0
58 89 93.0
58 90 96.0
58 91 65.0
58 92 93.0
58 93 77.0
58 94 68.0
58 95 70.0
58 96 51.0
58 97 51.0
58 98 51.0
58 99 65.0
59 60 57.0
59 61 66.0
59 62 97.0
59 63 81.0
59 64 80.0
59 65 79.0
59 66 51.0
59 67 79.0
59 68 52.0
59 69 75.0
59 70 86.0
59 71 73.0
59 72 72.0
59 73 89.0
59 74 83.0
59 75 83.0
59 76 60.0
59 77 81.0
59 78 87.0
59 79 54.0
59 80 57.0
59 81 81.0
59 82 77.0
59 83 85.0
59 84 90.0
59 85 54.0
59 86 85.0
59 87 71.0
59 88 98.0
59 89 53.0
59 90 100.0
59 91 74.0
59 92 93.0
59 93 81.0
59 94 67.0
59 95 65.0
59 96 66.0
59 97 78.0
59 98 68.0
59 99 83.0
60 61 71.0
60 62 88.0
60 63 78.0
60 64 98.0
60 65 62.0
60 66 68.0
60 67 76.0
60 68 81.0
60 69 55.0
60 70 91.0
60 71 98.0
60 72 88.0
60 73 91.0
60 74 61.0
60 75 75.0
60 76 93.0
60 77 88.0
60 78 63.0
60 79 94.0
60 80 77.0
60 81 93.0
60 82 72.0
60 83 98.0
60 84 82.0
60 85 68.0
60 86 72.0
60 87 77.0
60 88 69.0
60 89 89.0
60 90 76.0
60 91 79.0
60 92 66.0
60 93 62.0
60 94 75.0
60 95 55.0
60 96 51.0
60 97 63.0
60 98 56.0
60 99 55.0
61 62 98.0
61 63 51.0
61 64 78.0
61 65 65.0
61 66 95.0
61 67 52.0
61 68 83.0
61 69 92.0
61 70 51.0
61 71 94.0
61 72 59.0
61 73 51.0
61 74 56.0
61 75 78.0
61 76 54.0
61 77 64.0
61 78 69.0
61 79 93.0
61 80 90.0
61 81 54.0
61 82 64.0
61 83 56.0
61 84 57.0
61 85 90.0
61 86 59.0
61 87 93.0
61 88 74.0
61 89 100.0
61 90 75.0
61 91 82.0
61 92 75.0
61 93 78.0
61 94 71.0
61 95 55.0
61 96 75.0
61 97 94.0
61 98 75.0
61 99 75.0
62 63 85.0
62 64 93.0
62 65 84.0
62 66 89.0
62 67 60.0
62 68 93.0
62 69 86.0
62 70 82.0
62 71 75.0
62 72 79.0
62 73 51.0
62 74 76.0
62 75 92.0
62 76 88.0
62 77 61.0
62 78 61.0
62 79 77.0
62 80 89.0
62 81 88.0
62 82 51.0
62 83 59.0
62 84 88.0
62 85 63.0
62 86 72.0
62 87 78.0
62 88 90.0
62 89 68.0
62 90 75.0
62 91 87.0
62 92 50.0
62 93 74.0
62 94 91.0
62 95 74.0
62 96 64.0
62 97 90.0
62 98 56.0
62 99 67.0
63 64 55.0
63 65 93.0
63 66 90.0
63 67 81.0
63 68 81.0
63 69 67.0
63 70 85.0
63 71 77.0
63 72 91.0
63 73 91.0
63 74 54.0
63 75 77.0
63 76 75.0
63 77 53.0
63 78 55.0
63 79 71.0
63 80 51.0
63 81 75.0
63 82 56.0
63 83 90.0
63 84 53.0
63 85 67.0
63 86 65.0
63 87 83.0
63 88 99.0
63 89 91.0
63 90 73.0
63 91 87.0
63 92 90.0
63 93 76.0
63 94 66.0
63 95 97.0
63 96 89.0
63 97 78.0
63 98 67.0
63 99 97.0
64 65 57.0
64 66 66.0
64 67 93.0
64 68 94.0
64 69 75.0
64 70 93.0
64 71 100.0
64 72 78.0
64 73 98.0
64 74 86.0
64 75 50.0
64 76 90.0
64 77 91.0
64 78 90.0
64 79 61.0
64 80 85.0
64 81 52.0
64 82 52.0
64 83 50.0
64 84 75.0
64 85 57.0
64 86 76.0
64 87 89.0
64 88 84.0
64 89 65.0
64 90 71.0
64 91 99.0
64 92 83.0
64 93 68.0
64 94 95.0
64 95 64.0
64 96 84.0
64 97 61.0
64 98 88.0
64 99 89.0
65 66 61.0
65 67 66.0
65 68 99.0
65 69 53.0
65 70 62.0
65 71 74.0
65 72 76.0
65 73 80.0
65 74 92.0
65 75 81.0
65 76 95.0
65 77 67.0
65 78 74.0
65 79 54.0
65 80 61.0
65 81 89.0
65 82 92.0
65 83 51.0
65 84 73.0
65 85 89.0
65 86 65.0
65 87 88.0
65 88 96.0
65 89 82.0
65 90 79.0
65 91 87.0
65 92 94.0
65 93 60.0
65 94 57.0
65 95 85.0
65 96 100.0
65 97 87.0
65 98 75.0
65 99 71.0
66 67 67.0
66 68 60.0
66 69 91.0
66 70 64.0
66 71 55.0
66 72 73.0
66 73 72.0
66 74 93.0
66 75 55.0
66 76 96.0
66 77 88.0
66 78 66.0
66 79 62.0
66 80 56.0
66 81 61.0
66 82 76.0
66 83 81.0
66 84 80.0
66 85 94.0
66 86 71.0
66 87 66.0
66 88 63.0
66 89 68.0
66 90 84.0
66 91 97.0
66 92 54.0
66 93 88.0
66 94 54.0
66 95 74.0
66 96 63.0
66 97 96.0
66 98 57.0
66 99 92.0
67 68 50.0
67 69 54.0
67 70 72.0
67 71 89.0
67 72 97.0
67 73 70.0
67 74 50.0
67 75 84.0
67 76 88.0
67 77 91.0
67 78 84.0
67 79 59.0
67 80 61.0
67 81 64.0
67 82 51.0
67 83 85.0
67 84 96.0
67 85 74.0
67 86 65.0
67 87 57.0
67 88 92.0
67 89 69.0
67 90 55.0
67 91 81.0
67 92 74.0
67 93 56.0
67 94 59.0
67 95 70.0
67 96 95.0
67 97 67.0
67 98 74.0
67 99 91.0
68 69 62.0
68 70 88.0
68 71 81.0
68 72 97.0
68 73 82.0
68 74 70.0
68 75 97.0
68 76 85.0
68 77 96.0
68 78 88.0
68 79 87.0
68 80 83.0
68 81 74.0
68 82 92.0
68 83 94.0
68 84 53.0
68 85 98.0
68 86 59.0
68 87 85.0
68 88 95.0
68 89 98.0
68 90 94.0
68 91 70.0
68 92 81.0
68 93 84.0
68 94 95.0
68 95 76.0
68 96 89.0
68 97 78.0
68 98 53.0
68 99 98.0
69 70 88.0
69 71 61.0
69 72 60.0
69 73 92.0
69 74 57.0
69 75 94.0
69 76 98.0
69 77 57.0
69 78 86.0
69 79 84.0
69 80 69.0
69 81 82.0
69 82 53.0
69 83 72.0
69 84 86.0
69 85 57.0
69 86 62.0
69 87 59.0
69 88 83.0
69 89 52.0
69 90 61.0
69 91 67.0
69 92 57.0
69 93 86.0
69 94 83.0
69 95 57.0
69 96 56.0
69 97 95.0
69 98 97.0
69 99 76.0
70 71 98.0
70 72 95.0
70 73 77.0
70 74 53.0
70 75 71.0
70 76 66.0
70 77 84.0
70 78 59.0
70 79 71.0
70 80 55.0
70 81 62.0
70 82 76.0
70 83 93.0
70 84 67.0
70 85 79.0
70 86 50.0
70 87 79.0
70 88 62.0
70 89 72.0
70 90 77.0
70 91 52.0
70 92 83.0
70 93 52.0
70 94 98.0
70 95 72.0
70 96 62.0
70 97 98.0
70 98 51.0
70 99 68.0
71 72 85.0
71 73 100.0
71 74 91.0
71 75 96.0
71 76 89.0
71 77 78.0
71 78 79.0
71 79 50.0
71 80 79.0
71 81 76.0
71 82 84.0
71 83 97.0
71 84 79.0
71 85 98.0
71 86 61.0
71 87 77.0
71 88 63.0
71 89 81.0
71 90 81.0
71 91 53.0
71 92 85.0
71 93 69.0
71 94 84.0
71 95 64.0
71 96 93.0
71 97 99.0
71 98 50.0
71 99 74.0
72 73 63.0
72 74 50.0
72 75 97.0
72 76 65.0
72 77 91.0
72 78 73.0
72 79 62.0
72 80 80.0
72 81 70.0
72 82 100.0
72 83 99.0
72 84 81.0
72 85 93.0
72 86 77.0
72 87 60.0
72 88 90.0
72 89 65.0
72 90 71.0
72 91 88.0
72 92 92.0
72 93 94.0
72 94 74.0
72 95 86.0
72 96 93.0
72 97 80.0
72 98 81.0
72 99 98.0
73 74 80.0
73 75 81.0
73 76 66.0
73 77 79.0
73 78 95.0
73 79 82.0
73 80 100.0
73 81 75.0
73 82 87.0
73 83 53.0
73 84 54.0
73 85 79.0
73 86 84.0
73 87 56.0
73 88 100.0
73 89 57.0
73 90 68.0
73 91 72.0
73 92 78.0
73 93 72.0
73 94 96.0
73 95 76.0
73 96 67.0
73 97 76.0
73 98 72.0
73 99 87.0
74 75 80.0
74 76 72.0
74 77 99.0
74 78 95.0
74 79 76.0
74 80 95.0
74 81 96.0
74 82 94.0
74 83 64.0
74 84 51.0
74 85 82.0
74 86 83.0
74 87 92.0
74 88 90.0
74 89 50.0
74 90 63.0
74 91 66.0
74 92 50.0
74 93 64.0
74 94 71.0
74 95 72.0
74 96 89.0
74 97 79.0
74 98 94.0
74 99 83.0
75 76 70.0
75 77 89.0
75 78 55.0
75 79 98.0
75 80 63.0
75 81 63.0
75 82 69.0
75 83 91.0
75 84 98.0
75 85 66.0
75 86 51.0
75 87 75.0
75 88 59.0
75 89 57.0
75 90 96.0
75 91 65.0
75 92 57.0
75 93 77.0
75 94 62.0
75 95 73.0
75 96 52.0
75 97 78.0
75 98 82.0
75 99 81.0
76 77 53.0
76 78 87.0
76 79 73.0
76 80 54.0
76 81 53.0
76 82 67.0
76 83 70.0
76 84 82.0
76 85 82.0
76 86 61.0
76 87 53.0
76 88 93.0
76 89 97.0
76 90 60.0
76 91 85.0
76 92 88.0
76 93 94.0
76 94 59.0
76 95 96.0
76 96 54.0
76 97 75.0
76 98 84.0
76 99 86.0
77 78 50.0
77 79 83.0
77 80 72.0
77 81 61.0
77 82 97.0
77 83 62.0
77 84 92.0
77 85 50.0
77 86 72.0
77 87 60.0
77 88 63.0
77 89 83.0
77 90 94.0
77 91 66.0
77 92 95.0
77 93 74.0
77 94 51.0
77 95 100.0
77 96 99.0
77 97 91.0
77 98 54.0
77 99 51.0
78 79 83.0
78 80 57.0
78 81 97.0
78 82 50.0
78 83 92.0
78 84 80.0
78 85 74.0
78 86 77.0
78 87 66.0
78 88 67.0
78 89 98.0
78 90 85.0
78 91 54.0
78 92 58.0
78 93 67.0
78 94 93.0
78 95 55.0
78 96 70.0
78 97 50.0
78 98 60.0
78 99 84.0
79 80 54.0
79 81 77.0
79 82 76.0
79 83 60.0
79 84 93.0
79 85 58.0
79 86 82.0
79 87 92.0
79 88 99.0
79 89 55.0
79 90 78.0
79 91 88.0
79 92 97.0
79 93 86.0
79 94 92.0
79 95 77.0
79 96 76.0
79 97 95.0
79 98 55.0
79 99 100.0
80 81 57.0
80 82 94.0
80 83 69.0
80 84 68.0
80 85 68.0
80 86 99.0
80 87 78.0
80 88 81.0
80 89 84.0
80 90 54.0
80 91 98.0
80 92 66.0
80 93 71.0
80 94 72.0
80 95 92.0
80 96 68.0
80 97 87.0
80 98 53.0
80 99 76.0
81 82 84.0
81 83 73.0
81 84 71.0
81 85 100.0
81 86 70.0
81 87 55.0
81 88 56.0
81 89 65.0
81 90 70.0
81 91 62.0
81 92 90.0
81 93 94.0
81 94 91.0
81 95 60.0
81 96 59.0
81 97 64.0
81 98 72.0
81 99 82.0
82 83 79.0
82 84 94.0
82 85 86.0
82 86 84.0
82 87 90.0
82 88 75.0
82 89 81.0
82 90 90.0
82 91 60.0
82 92 60.0
82 93 95.0
82 94 60.0
82 95 88.0
82 96 52.0
82 97 58.0
82 98 55.0
82 99 87.0
83 84 59.0
83 85 84.0
83 86 53.0
83 87 53.0
83 88 67.0
83 89 70.0
83 90 93.0
83 91 82.0
83 92 70.0
83 93 70.0
83 94 73.0
83 95 57.0
83 96 75.0
83 97 86.0
83 98 74.0
83 99 67.0
84 85 60.0
84 86 60.0
84 87 81.0
84 88 65.0
84 89 69.0
84 90 77.0
84 91 78.0
84 92 75.0
84 93 62.0
84 94 57.0
84 95 77.0
84 96 57.0
84 97 99.0
84 98 87.0
84 99 87.0
85 86 85.0
85 87 72.0
85 88 60.0
85 89 100.0
85 90 89.0
85 91 76.0
85 92 91.0
85 93 69.0
85 94 86.0
85 95 68.0
85 96 61.0
85 97 77.0
85 98 53.0
85 99 52.0
86 87 89.0
86 88 53.0
86 89 77.0
86 90 82.0
86 91 70.0
86 92 84.0
86 93 57.0
86 94 65.0
86 95 59.0
86 96 80.0
86 97 86.0
86 98 85.0
86 99 81.0
87 88 90.0
87 89 95.0
87 90 79.0
87 91 87.0
87 92 72.0
87 93 84.0
87 94 73.0
87 95 64.0
87 96 81.0
87 97 58.0
87 98 93.0
87 99 71.0
88 89 91.0
88 90 85.0
88 91 55.0
88 92 75.0
88 93 97.0
88 94 68.0
88 95 98.0
88 96 73.0
88 97 88.0
88 98 74.0
88 99 98.0
89 90 61.0
89 91 50.0
89 92 89.0
89 93 81.0
89 94 65.0
89 95 100.0
89 96 65.0
89 97 64.0
89 98 52.0
89 99 68.0
90 91 72.0
90 92 98.0
90 93 65.0
90 94 84.0
90 95 60.0
90 96 74.0
90 97 59.0
90 98 77.0
90 99 80.0
91 92 50.0
91 93 70.0
91 94 56.0
91 95 62.0
91 96 50.0
91 97 82.0
91 98 90.0
91 99 55.0
92 93 57.0
92 94 53.0
92 95 70.0
92 96 97.0
92 97 57.0
92 98 70.0
92 99 73.0
93 94 65.0
93 95 55.0
93 96 66.0
93 97 55.0
93 98 66.0
93 99 82.0
94 95 88.0
94 96 90.0
94 97 92.0
94 98 72.0
94 99 58.0
95 96 96.0
95 97 65.0
95 98 87.0
95 99 92.0
96 97 93.0
96 98 71.0
96 99 60.0
97 98 64.0
97 99 50.0
98 99 65.0
